488 34
487 35
486 35
485 35
484 35
483 35
482 35
481 36
480 36
479 36
478 36
477 36
476 36
475 37
474 37
473 38
472 38
471 38
470 38
469 38
468 38
467 38
466 38
465 39
464 39
463 39
462 39
461 39
460 39
459 39
458 39
457 40
456 39
455 40
454 40
453 40
452 40
451 40
450 40
449 41
448 41
447 41
446 41
445 41
444 42
443 42
442 42
441 42
440 42
439 42
438 42
437 42
436 42
435 42
434 42
433 43
432 43
431 43
430 43
429 43
428 43
427 43
426 43
425 44
424 44
423 44
422 44
421 44
420 44
419 45
418 45
417 45
416 45
415 45
414 45
413 45
412 45
411 45
410 46
409 46
408 46
407 46
406 46
405 46
404 46
403 46
402 46
401 46
400 46
399 46
398 46
397 47
396 47
395 47
394 47
393 47
392 48
391 48
390 48
389 48
388 49
387 49
386 49
385 49
384 49
383 49
382 50
381 50
380 51
379 51
378 51
377 51
376 51
375 51
374 51
373 51
372 50
371 50
370 50
369 50
368 50
367 50
366 51
365 51
364 51
363 51
362 51
361 51
360 52
359 52
358 52
357 52
356 52
355 52
354 52
353 53
352 53
351 53
350 53
349 53
348 54
347 54
346 54
345 55
344 55
343 55
342 55
341 55
340 55
339 55
338 55
337 54
336 54
335 54
334 54
333 54
332 54
331 54
330 55
329 55
328 55
327 55
326 55
325 56
324 56
323 56
322 56
321 56
320 56
319 57
318 57
317 57
316 57
315 58
314 58
313 58
312 59
311 59
310 59
309 59
308 59
307 59
306 59
305 59
304 60
303 60
302 60
301 60
300 60
299 60
298 60
297 60
296 60
295 60
294 60
293 60
292 61
291 61
290 61
289 61
288 61
287 61
286 61
285 61
284 61
283 61
282 62
281 62
280 62
279 62
278 62
277 62
276 62
275 62
274 62
273 62
272 62
271 62
270 62
269 62
268 62
267 62
266 62
265 63
264 63
263 63
262 63
261 63
260 63
259 64
258 64
257 64
256 64
255 64
254 65
253 65
252 65
251 65
250 66
249 66
248 66
247 66
246 67
245 67
244 68
243 68
242 68
241 68
240 68
239 68
238 68
237 68
236 68
235 68
234 68
233 68
232 68
231 68
230 68
229 69
228 69
227 69
226 70
225 70
224 71
223 71
222 71
221 72
220 72
219 73
218 73
217 74
216 74
215 74
214 75
213 75
212 75
211 75
210 75
209 75
208 75
207 75
206 75
205 75
204 75
203 75
202 75
201 76
200 76
199 76
198 76
197 76
196 76
195 76
194 76
193 76
192 77
191 77
190 77
189 77
188 77
187 77
186 77
185 77
184 77
183 77
182 78
181 78
180 78
179 78
178 78
177 79
176 79
175 80
174 80
173 81
172 81
171 82
170 82
169 82
168 83
167 83
166 83
165 84
164 84
163 84
162 84
161 84
160 85
159 85
158 85
157 86
156 86
155 86
154 86
153 87
152 87
151 87
150 88
149 88
148 88
147 88
146 89
145 89
144 89
143 89
142 90
141 90
140 90
139 90
138 90
137 91
136 91
135 92
134 92
133 92
132 92
131 92
130 93
129 93
128 93
127 94
126 94
125 95
124 95
123 95
122 96
121 96
120 96
119 97
118 97
117 97
116 98
115 98
114 98
113 98
112 98
111 98
110 99
109 99
108 99
107 99
106 99
105 99
104 99
103 99
102 99
101 99
100 99
99 99
98 100
97 100
96 100
95 100
94 101
93 101
92 101
91 102
90 102
89 102
88 103
87 103
86 104
85 104
84 105
83 105
82 106
81 106
80 106
79 107
78 107
77 108
76 108
75 109
74 109
73 110
72 110
71 111
70 111
69 112
68 113
67 113
66 114
65 115
64 115
63 116
62 117
61 118
60 119
59 119
58 120
57 120
56 121
55 121
54 122
53 122
52 123
51 124
50 124
49 125
48 126
47 127
46 128
45 129
44 129
43 130
42 131
41 132
40 133
39 134
38 135
38 136
37 137
37 138
37 139
36 140
36 141
35 142
35 143
35 144
35 145
35 146
35 147
35 148
35 149
34 150
34 151
34 152
34 153
33 154
33 155
33 156
33 157
33 158
33 159
33 160
34 161
34 162
34 163
34 164
34 165
34 166
34 167
34 168
34 169
34 170
34 171
34 172
35 173
35 174
35 175
36 176
36 177
37 178
38 178
39 179
40 180
41 181
42 181
43 182
44 183
45 183
46 184
47 184
48 184
49 185
50 185
51 186
52 186
53 186
54 187
55 187
56 188
57 188
58 189
59 189
60 190
61 190
62 190
63 191
64 191
65 191
66 191
67 191
68 192
69 192
70 192
71 193
72 193
73 193
74 193
75 193
76 193
77 193
78 194
79 193
80 194
81 194
82 194
83 194
84 195
85 195
86 195
87 195
88 195
89 196
90 196
91 196
92 196
93 196
94 197
95 197
96 197
97 197
98 197
99 197
100 197
101 197
102 197
103 197
104 197
105 197
106 197
107 198
108 198
109 198
110 199
111 199
112 199
113 199
114 199
115 199
116 199
117 199
118 199
119 199
120 199
121 199
122 199
123 199
124 199
125 199
126 200
127 200
128 200
129 200
130 201
131 201
132 201
133 201
134 201
135 201
136 202
137 202
138 202
139 202
140 202
141 202
142 203
143 203
144 203
145 203
146 203
147 203
148 203
149 203
150 203
151 203
152 203
153 203
154 202
155 202
156 202
157 202
158 202
159 202
160 202
161 202
162 202
163 203
164 203
165 203
166 204
167 204
168 204
169 204
170 204
171 204
172 204
173 204
174 204
175 204
176 204
177 204
178 204
179 204
180 204
181 204
182 205
183 205
184 205
185 205
186 205
187 205
188 205
189 205
190 205
191 205
192 205
193 205
194 205
195 205
196 205
197 206
198 206
199 206
200 206
201 206
202 206
203 206
204 207
205 207
206 207
207 207
208 207
209 207
210 207
211 207
212 207
213 206
214 206
215 206
216 206
217 206
218 206
219 206
220 206
221 206
222 206
223 206
224 206
225 206
226 206
227 206
228 207
229 207
230 207
231 207
232 207
233 207
234 207
235 207
236 207
237 207
238 206
239 206
240 206
241 206
242 206
243 206
244 206
245 206
246 206
247 207
248 207
249 207
250 207
251 207
252 207
253 207
254 207
255 207
256 207
257 207
258 207
259 207
260 207
261 207
262 207
263 207
264 207
265 207
266 207
267 208
268 208
269 208
270 208
271 209
272 209
273 209
274 209
275 209
276 209
277 209
278 210
279 210
280 210
281 210
282 210
283 210
284 210
285 210
286 210
287 210
288 210
289 210
290 210
291 210
292 210
293 210
294 210
295 210
296 210
297 210
298 209
299 210
300 210
301 210
302 210
303 210
304 210
305 209
306 210
307 210
308 210
309 210
310 210
311 211
312 211
313 211
314 211
315 212
316 212
317 212
318 212
319 213
320 213
321 213
322 213
323 213
324 214
325 214
326 214
327 214
328 214
329 214
330 214
331 214
332 214
333 214
334 214
335 214
336 214
337 215
338 215
339 215
340 215
341 215
342 215
343 215
344 215
345 215
346 215
347 215
348 215
349 215
350 215
351 215
352 214
353 214
354 214
355 214
356 214
357 214
358 214
359 214
360 214
361 214
362 214
363 214
364 214
365 214
366 214
367 214
368 215
369 215
370 215
371 215
372 215
373 215
374 215
375 215
376 215
377 215
378 215
379 215
380 215
381 215
382 215
383 215
384 215
385 215
386 215
387 215
388 215
389 215
390 215
391 215
392 215
393 215
394 215
395 215
396 215
397 215
398 215
399 215
400 214
401 214
402 214
403 214
404 214
405 215
406 215
407 215
408 215
409 215
410 215
411 215
412 216
413 216
414 216
415 216
416 216
417 216
418 216
419 216
420 216
421 216
422 216
423 216
424 217
425 217
426 217
427 217
428 217
429 216
430 216
431 216
432 216
433 216
434 216
435 216
436 216
437 216
438 216
439 216
440 216
441 216
442 216
443 216
444 216
445 216
446 216
447 216
448 216
449 216
450 216
451 216
452 216
453 216
454 216
455 216
456 216
457 216
458 216
459 215
460 215
461 215
462 215
463 215
464 215
465 215
466 215
467 215
468 215
469 215
470 215
471 215
472 215
473 215
474 215
475 215
476 215
477 215
478 215
479 215
480 215
481 215
482 215
483 215
484 215
485 216
486 216
487 216
488 216
489 216
490 216
491 217
492 217
493 217
494 217
495 217
496 217
497 217
498 217
499 217
500 217
501 217
502 217
503 217
504 217
505 218
506 218
507 218
508 218
509 218
510 218
511 218
512 218
513 218
514 218
515 218
516 218
517 217
518 217
519 217
520 217
521 217
522 217
523 217
524 217
525 217
526 217
527 217
528 217
529 217
530 217
531 217
532 217
533 217
534 217
535 217
536 217
537 217
538 216
539 216
540 216
541 216
542 216
543 216
544 215
545 215
546 215
547 215
548 215
549 215
550 215
551 214
552 214
553 214
554 214
555 214
556 214
557 214
558 213
559 213
560 213
561 213
562 213
563 213
564 213
565 213
566 213
567 212
568 212
569 212
570 212
571 212
572 212
573 211
574 211
575 211
576 211
577 210
578 210
579 209
580 209
581 208
582 208
583 207
584 207
585 207
586 207
587 206
588 206
589 206
590 205
591 205
592 204
593 204
594 203
595 203
596 202
597 202
598 202
599 202
600 202
601 202
602 201
603 201
604 201
605 201
606 201
607 200
608 200
609 200
610 200
611 199
612 199
613 199
614 199
615 198
616 198
617 198
618 197
619 197
620 196
621 196
622 196
623 195
624 195
625 194
626 194
627 194
628 194
629 193
630 193
631 193
632 192
633 192
634 192
635 192
636 192
637 191
638 191
639 191
640 190
641 190
642 190
643 189
644 189
645 188
646 187
647 186
648 185
649 184
650 183
651 182
651 181
652 180
652 179
652 178
653 177
653 176
653 175
654 174
654 173
654 172
655 171
655 170
655 169
655 168
656 167
656 166
656 165
656 164
656 163
657 162
657 161
657 160
657 159
657 158
657 157
657 156
657 155
657 154
657 153
657 152
657 151
657 150
657 149
657 148
657 147
657 146
657 145
657 144
657 143
657 142
657 141
657 140
658 139
658 138
658 137
659 136
659 135
659 134
659 133
659 132
659 131
660 130
660 129
660 128
660 127
660 126
660 125
659 124
659 123
659 122
658 121
658 120
658 119
657 118
657 117
657 116
656 115
656 114
655 113
655 112
654 111
654 110
654 109
653 108
653 107
652 106
652 105
651 104
651 103
650 102
649 101
648 100
647 99
647 98
646 97
645 96
645 95
645 94
645 93
644 92
644 91
644 90
643 89
643 88
642 87
641 86
640 85
639 84
638 83
637 82
636 81
635 81
634 80
633 79
632 79
631 78
630 77
629 76
628 75
627 74
626 74
625 73
624 72
623 71
622 70
621 69
620 68
619 68
618 67
617 66
616 66
615 65
614 65
613 65
612 64
611 64
610 63
609 63
608 63
607 63
606 62
605 62
604 62
603 61
602 61
601 61
600 60
599 60
598 60
597 59
596 59
595 58
594 58
593 57
592 57
591 56
590 56
589 55
588 55
587 54
586 53
585 52
584 52
583 51
582 50
581 50
580 49
579 48
578 48
577 48
576 47
575 47
574 47
573 46
572 46
571 46
570 46
569 46
568 46
567 45
566 45
565 45
564 44
563 44
562 44
561 43
560 43
559 42
558 42
557 42
556 42
555 41
554 41
553 41
552 41
551 40
550 40
549 40
548 40
547 40
546 40
545 39
544 40
543 39
542 39
541 39
540 39
539 39
538 39
537 38
536 38
535 38
534 38
533 38
532 37
531 37
530 37
529 37
528 37
527 37
526 37
525 37
524 37
523 37
522 37
521 37
520 37
519 37
518 37
517 37
516 36
515 36
514 36
513 36
512 36
511 36
510 36
509 35
508 35
507 35
506 35
505 34
504 34
503 34
502 34
501 34
500 34
499 34
498 34
497 34
496 34
495 34
494 34
493 34
492 34
491 34
490 34
489 34
488 34
