378 276
377 277
376 277
375 277
374 277
373 277
372 277
371 277
370 277
369 277
368 277
367 277
366 277
365 277
364 277
363 277
362 277
361 277
360 277
359 277
358 277
357 277
356 277
355 277
354 277
353 277
352 277
351 277
350 277
349 277
348 277
347 277
346 277
345 277
344 277
343 277
342 277
341 277
340 277
339 277
338 277
337 277
336 277
335 278
334 278
333 278
332 278
331 278
330 278
329 278
328 278
327 278
326 278
325 278
324 278
323 278
322 278
321 278
320 278
319 278
318 278
317 278
316 278
315 278
314 278
313 278
312 278
311 278
310 278
309 278
308 278
307 278
306 278
305 278
304 278
303 278
302 278
301 278
300 278
299 278
298 278
297 278
296 278
295 278
294 278
293 278
292 278
291 278
290 278
289 278
288 278
287 278
286 278
285 278
284 278
283 278
282 278
281 278
280 278
279 278
278 278
277 278
276 278
275 278
274 278
273 278
272 278
271 278
270 278
269 278
268 278
267 278
266 278
265 278
264 278
263 278
262 278
261 278
260 278
259 278
258 278
257 278
256 278
255 278
254 278
253 278
252 278
251 278
250 278
249 278
248 278
247 278
246 278
245 278
244 278
243 278
242 278
241 278
240 278
239 278
238 278
237 278
236 278
235 278
234 277
233 277
232 277
231 277
230 277
229 277
228 277
227 277
226 277
225 277
224 278
223 278
222 278
221 278
220 278
219 278
218 278
217 278
216 278
215 278
214 278
213 278
212 278
211 278
210 278
209 278
208 279
207 279
206 279
205 280
204 280
203 280
202 280
201 280
200 280
199 280
198 280
197 280
196 280
195 280
194 279
193 279
192 279
191 279
190 279
189 279
188 279
187 279
186 278
185 278
184 278
183 278
182 278
181 278
180 278
179 278
178 278
177 278
176 278
175 278
174 278
173 278
172 278
171 278
170 278
169 278
168 279
167 279
166 279
165 279
164 279
163 279
162 279
161 279
160 279
159 279
158 279
157 279
156 279
155 279
154 279
153 279
152 279
151 279
150 279
149 279
148 279
147 279
146 280
145 280
144 280
143 280
142 281
141 281
140 281
139 281
138 281
137 281
136 281
135 281
134 281
133 281
132 281
131 281
130 281
129 281
128 281
127 281
126 281
125 281
124 281
123 281
122 281
121 281
120 281
119 281
118 281
117 281
116 280
115 281
114 281
113 281
112 281
111 281
110 281
109 281
108 281
107 282
106 282
105 282
104 283
103 283
102 283
101 284
100 284
99 284
98 284
97 284
96 284
95 284
94 285
93 285
92 285
91 285
90 285
89 285
88 286
87 286
86 286
85 286
84 286
83 286
82 286
81 286
80 286
79 286
78 286
77 286
76 287
75 287
74 287
73 287
72 287
71 287
70 287
69 287
68 287
67 287
66 287
65 287
64 288
63 288
62 288
61 288
60 288
59 289
58 289
57 289
56 289
55 290
54 290
53 290
52 290
51 290
50 290
49 290
48 290
47 290
46 290
45 290
44 290
43 290
42 290
41 290
40 290
39 291
38 291
37 292
36 292
35 293
34 294
34 295
33 296
33 297
33 298
33 299
33 300
34 301
34 302
34 303
35 304
36 305
37 306
38 307
38 308
39 309
40 310
41 311
41 312
42 313
42 314
43 315
44 316
45 317
45 318
46 319
47 320
48 321
49 322
50 323
51 324
51 325
52 326
53 327
53 328
54 329
55 330
55 331
55 332
56 333
57 334
58 335
58 336
59 337
59 338
60 339
61 340
62 341
62 342
63 343
63 344
64 345
65 346
66 347
66 348
67 349
68 350
68 351
69 352
70 353
70 354
71 355
71 356
72 357
73 358
73 359
73 360
74 361
74 362
75 363
76 364
76 365
77 366
78 367
79 368
79 369
80 370
81 371
82 372
83 373
84 373
85 374
86 374
87 374
88 375
89 375
90 375
91 375
92 375
93 375
94 375
95 375
96 375
97 375
98 375
99 375
100 376
101 376
102 376
103 376
104 376
105 376
106 376
107 376
108 376
109 376
110 377
111 377
112 377
113 377
114 377
115 378
116 378
117 378
118 379
119 379
120 379
121 379
122 380
123 380
124 380
125 381
126 381
127 381
128 382
129 382
130 383
131 384
132 385
132 386
133 387
134 388
135 389
136 389
137 390
138 390
139 391
140 391
141 392
142 392
143 393
144 393
145 393
146 394
147 394
148 395
149 395
150 395
151 396
152 396
153 396
154 396
155 396
156 397
157 397
158 397
159 397
160 397
161 397
162 397
163 398
164 398
165 398
166 398
167 398
168 398
169 399
170 399
171 399
172 399
173 400
174 400
175 400
176 401
177 401
178 401
179 402
180 402
181 402
182 402
183 402
184 402
185 402
186 402
187 402
188 402
189 401
190 401
191 400
192 400
193 400
194 399
195 399
196 398
197 398
198 397
199 397
200 397
201 397
202 396
203 396
204 396
205 396
206 396
207 396
208 396
209 396
210 396
211 396
212 396
213 396
214 396
215 396
216 396
217 396
218 396
219 396
220 396
221 396
222 396
223 396
224 396
225 396
226 396
227 396
228 396
229 397
230 397
231 397
232 397
233 398
234 398
235 398
236 398
237 398
238 399
239 399
240 399
241 399
242 399
243 399
244 399
245 399
246 399
247 399
248 399
249 400
250 400
251 400
252 400
253 400
254 400
255 400
256 401
257 401
258 401
259 401
260 401
261 402
262 402
263 402
264 403
265 403
266 403
267 404
268 404
269 404
270 404
271 405
272 405
273 405
274 405
275 405
276 406
277 406
278 406
279 406
280 407
281 407
282 407
283 408
284 408
285 408
286 408
287 409
288 409
289 410
290 410
291 410
292 411
293 411
294 412
295 412
296 413
297 413
298 413
299 414
300 414
301 414
302 414
303 414
304 414
305 414
306 414
307 414
308 414
309 414
310 414
311 414
312 414
313 414
314 414
315 414
316 414
317 414
318 414
319 414
320 415
321 415
322 415
323 415
324 415
325 415
326 415
327 415
328 415
329 414
330 414
331 414
332 414
333 414
334 414
335 415
336 415
337 415
338 415
339 415
340 415
341 415
342 416
343 416
344 416
345 417
346 417
347 417
348 417
349 418
350 418
351 419
352 419
353 420
354 420
355 421
356 421
357 422
358 422
359 423
360 423
361 424
362 424
363 424
364 425
365 425
366 426
367 426
368 426
369 427
370 427
371 427
372 427
373 427
374 427
375 427
376 427
377 427
378 427
379 427
380 427
381 427
382 427
383 427
384 427
385 427
386 428
387 428
388 428
389 428
390 428
391 428
392 428
393 427
394 427
395 427
396 427
397 427
398 427
399 428
400 428
401 428
402 428
403 428
404 428
405 428
406 428
407 429
408 429
409 429
410 429
411 429
412 429
413 429
414 429
415 429
416 429
417 429
418 429
419 429
420 429
421 429
422 429
423 429
424 429
425 429
426 429
427 429
428 430
429 430
430 430
431 430
432 431
433 431
434 431
435 432
436 432
437 432
438 433
439 433
440 433
441 434
442 434
443 435
444 435
445 435
446 435
447 436
448 436
449 436
450 436
451 437
452 437
453 437
454 437
455 438
456 438
457 438
458 438
459 438
460 437
461 437
462 437
463 437
464 436
465 435
466 435
467 434
468 433
469 432
470 432
471 431
472 431
473 430
474 430
475 430
476 430
477 429
478 429
479 429
480 428
481 428
482 427
483 427
484 426
485 426
486 426
487 425
488 425
489 424
490 424
491 423
492 423
493 422
494 422
495 421
496 420
497 419
498 418
498 417
499 416
500 415
501 414
502 413
503 412
504 411
505 410
505 409
506 408
507 407
508 406
509 405
509 404
510 403
511 402
512 401
513 400
514 399
515 398
516 397
517 397
518 396
518 395
519 394
520 393
521 393
522 392
523 391
524 390
525 389
526 388
527 387
528 387
529 386
530 386
531 385
532 385
533 384
534 384
535 384
536 383
537 383
538 382
539 382
540 381
541 381
542 381
543 380
544 380
545 379
546 379
547 378
548 377
549 377
550 376
551 376
552 375
553 374
554 373
555 373
556 372
557 372
558 371
559 371
560 371
561 370
562 370
563 370
564 369
565 369
566 369
567 368
568 368
569 368
570 367
571 367
572 366
573 366
574 366
575 365
576 365
577 365
578 365
579 365
580 365
581 364
582 364
583 364
584 364
585 364
586 364
587 364
588 363
589 363
590 363
591 362
592 362
593 362
594 361
595 361
596 361
597 361
598 361
599 361
600 361
601 361
602 361
603 361
604 361
605 361
606 361
607 362
608 362
609 362
610 363
611 363
612 364
613 364
614 364
615 365
616 365
617 365
618 365
619 365
620 365
621 365
622 365
623 365
624 365
625 365
626 365
627 365
628 365
629 365
630 365
631 365
632 365
633 365
634 365
635 365
636 365
637 365
638 365
639 364
640 364
641 363
642 363
643 363
644 362
645 362
646 361
647 360
648 360
649 359
650 358
651 358
652 357
653 356
654 355
655 354
655 353
656 352
656 351
657 350
657 349
657 348
657 347
658 346
658 345
658 344
658 343
658 342
658 341
659 340
659 339
659 338
659 337
659 336
659 335
660 334
660 333
660 332
660 331
659 330
659 329
659 328
659 327
659 326
658 325
658 324
657 323
656 322
656 321
656 320
656 319
655 318
654 317
654 316
653 315
652 314
652 313
651 313
650 312
649 311
648 311
647 310
646 310
645 309
644 309
643 309
642 308
641 308
640 308
639 307
638 307
637 307
636 307
635 307
634 306
633 306
632 305
631 305
630 304
629 304
628 304
627 303
626 303
625 303
624 303
623 303
622 302
621 302
620 302
619 301
618 301
617 300
616 300
615 300
614 299
613 299
612 299
611 299
610 298
609 298
608 297
607 297
606 297
605 296
604 296
603 295
602 295
601 294
600 294
599 294
598 294
597 294
596 294
595 293
594 293
593 293
592 293
591 293
590 293
589 293
588 293
587 293
586 293
585 293
584 293
583 293
582 293
581 293
580 293
579 293
578 292
577 292
576 292
575 292
574 292
573 292
572 292
571 292
570 292
569 292
568 292
567 292
566 292
565 292
564 292
563 292
562 292
561 292
560 292
559 293
558 293
557 293
556 293
555 293
554 293
553 293
552 293
551 293
550 293
549 293
548 293
547 293
546 293
545 293
544 293
543 293
542 293
541 293
540 293
539 293
538 293
537 294
536 294
535 294
534 294
533 294
532 294
531 295
530 295
529 295
528 295
527 295
526 295
525 295
524 295
523 295
522 295
521 295
520 295
519 295
518 295
517 295
516 295
515 295
514 295
513 295
512 295
511 295
510 295
509 295
508 295
507 295
506 295
505 295
504 295
503 295
502 295
501 295
500 295
499 295
498 296
497 295
496 295
495 295
494 295
493 296
492 295
491 295
490 295
489 295
488 295
487 295
486 294
485 294
484 294
483 294
482 294
481 293
480 293
479 293
478 293
477 293
476 293
475 292
474 292
473 292
472 292
471 292
470 292
469 291
468 291
467 291
466 290
465 290
464 289
463 289
462 289
461 289
460 288
459 288
458 288
457 288
456 288
455 288
454 287
453 287
452 287
451 286
450 286
449 286
448 286
447 286
446 285
445 285
444 285
443 285
442 284
441 284
440 284
439 284
438 284
437 284
436 283
435 283
434 283
433 283
432 283
431 282
430 282
429 282
428 282
427 282
426 282
425 282
424 282
423 281
422 281
421 281
420 280
419 280
418 280
417 280
416 279
415 279
414 279
413 279
412 279
411 279
410 279
409 278
408 278
407 278
406 278
405 278
404 278
403 278
402 278
401 278
400 278
399 278
398 278
397 278
396 278
395 278
394 278
393 278
392 278
391 278
390 278
389 277
388 277
387 277
386 277
385 276
384 276
383 276
382 276
381 276
380 276
379 276
378 276
