279 498
278 499
277 499
276 500
275 500
274 501
273 501
272 501
271 501
270 501
269 502
268 502
267 502
266 503
265 503
264 503
263 504
262 504
261 505
260 505
259 506
258 506
257 507
256 507
255 507
254 508
253 508
252 508
251 508
250 508
249 508
248 508
247 508
246 508
245 507
244 507
243 507
242 507
241 507
240 507
239 507
238 507
237 507
236 507
235 507
234 507
233 507
232 507
231 507
230 507
229 507
228 507
227 508
226 509
225 509
224 510
223 510
222 511
221 511
220 512
219 512
218 512
217 512
216 512
215 512
214 512
213 512
212 512
211 512
210 512
209 512
208 512
207 513
206 513
205 513
204 513
203 514
202 514
201 514
200 514
199 515
198 515
197 515
196 516
195 516
194 516
193 516
192 516
191 516
190 516
189 516
188 517
187 517
186 518
185 518
184 519
183 519
182 520
181 520
180 521
179 521
178 521
177 521
176 521
175 521
174 522
173 522
172 522
171 522
170 522
169 523
168 523
167 523
166 524
165 524
164 524
163 524
162 524
161 524
160 524
159 524
158 524
157 525
156 525
155 525
154 526
153 526
152 527
151 528
150 528
149 529
148 529
147 529
146 529
145 529
144 530
143 530
142 530
141 530
140 530
139 530
138 530
137 531
136 531
135 532
134 532
133 532
132 533
131 533
130 533
129 533
128 534
127 534
126 534
125 535
124 535
123 535
122 536
121 536
120 536
119 537
118 537
117 537
116 538
115 538
114 538
113 538
112 538
111 538
110 539
109 539
108 539
107 539
106 539
105 539
104 540
103 540
102 540
101 541
100 541
99 542
98 543
97 544
96 545
95 546
94 547
93 548
92 549
92 550
91 551
91 552
90 553
89 554
89 555
88 556
87 557
86 558
85 559
84 560
83 561
82 562
81 562
80 563
79 563
78 564
77 564
76 564
75 565
74 565
73 566
72 567
71 567
70 568
69 568
68 569
67 569
66 569
65 570
64 570
63 571
62 572
61 572
60 573
59 574
58 575
57 576
56 577
55 578
54 579
53 580
53 581
52 582
51 583
50 584
49 585
48 586
47 587
46 588
46 589
45 590
44 591
43 592
43 593
42 594
42 595
41 596
41 597
40 598
40 599
39 600
39 601
38 602
38 603
37 604
37 605
36 606
36 607
35 608
35 609
34 610
34 611
34 612
34 613
34 614
34 615
34 616
34 617
34 618
34 619
34 620
34 621
34 622
34 623
34 624
34 625
34 626
34 627
34 628
35 629
36 630
37 630
38 630
39 630
40 631
41 631
42 632
43 633
44 634
45 634
46 634
47 634
48 634
49 634
50 634
51 634
52 634
53 635
54 636
55 637
56 638
57 638
58 638
59 638
60 638
61 639
62 640
63 641
64 642
65 642
66 642
67 643
68 643
69 644
70 644
71 645
72 646
73 646
74 646
75 646
76 647
77 647
78 647
79 647
80 648
81 648
82 648
83 648
84 648
85 649
86 649
87 649
88 649
89 650
90 650
91 651
92 651
93 651
94 652
95 652
96 653
97 654
98 654
99 654
100 654
101 655
102 655
103 656
104 657
105 658
106 658
107 659
108 659
109 659
110 660
111 660
112 660
113 660
114 660
115 660
116 660
117 660
118 660
119 661
120 661
121 661
122 662
123 662
124 662
125 662
126 662
127 662
128 662
129 662
130 662
131 663
132 663
133 663
134 663
135 664
136 664
137 664
138 665
139 665
140 665
141 665
142 665
143 665
144 665
145 665
146 665
147 665
148 665
149 665
150 665
151 665
152 665
153 665
154 665
155 665
156 665
157 664
158 664
159 664
160 664
161 664
162 664
163 664
164 665
165 665
166 665
167 666
168 667
169 667
170 667
171 667
172 667
173 667
174 668
175 668
176 668
177 668
178 669
179 669
180 669
181 669
182 669
183 669
184 669
185 669
186 669
187 669
188 669
189 668
190 668
191 668
192 668
193 668
194 668
195 668
196 668
197 668
198 668
199 668
200 668
201 668
202 668
203 668
204 668
205 668
206 668
207 668
208 668
209 668
210 667
211 667
212 667
213 667
214 667
215 667
216 667
217 667
218 668
219 669
220 670
221 671
222 672
223 673
224 674
225 674
226 675
227 675
228 675
229 675
230 675
231 675
232 675
233 675
234 675
235 675
236 675
237 675
238 675
239 675
240 675
241 675
242 675
243 675
244 675
245 675
246 675
247 675
248 674
249 675
250 674
251 674
252 674
253 674
254 674
255 673
256 673
257 673
258 673
259 674
260 674
261 674
262 674
263 674
264 674
265 673
266 673
267 673
268 673
269 673
270 674
271 675
272 675
273 675
274 675
275 675
276 675
277 674
278 675
279 675
280 674
281 674
282 674
283 675
284 675
285 675
286 675
287 675
288 675
289 675
290 675
291 675
292 675
293 675
294 675
295 675
296 675
297 675
298 675
299 675
300 675
301 675
302 675
303 675
304 674
305 674
306 674
307 674
308 673
309 673
310 673
311 673
312 672
313 672
314 671
315 671
316 671
317 671
318 670
319 670
320 670
321 670
322 670
323 670
324 670
325 670
326 670
327 670
328 670
329 671
330 671
331 671
332 671
333 671
334 671
335 671
336 671
337 671
338 671
339 672
340 672
341 673
342 673
343 673
344 673
345 674
346 674
347 674
348 673
349 673
350 673
351 673
352 673
353 672
354 672
355 672
356 671
357 671
358 671
359 671
360 671
361 671
362 671
363 671
364 671
365 670
366 670
367 670
368 670
369 670
370 669
371 669
372 669
373 669
374 668
375 668
376 668
377 668
378 667
379 667
380 666
381 666
382 666
383 666
384 666
385 665
386 665
387 665
388 665
389 665
390 666
391 667
392 667
393 667
394 667
395 667
396 668
397 669
398 670
399 671
400 671
401 671
402 671
403 671
404 671
405 671
406 671
407 671
408 671
409 671
410 671
411 671
412 671
413 671
414 671
415 671
416 671
417 671
418 671
419 671
420 671
421 672
422 672
423 672
424 672
425 672
426 673
427 674
428 675
429 675
430 675
431 675
432 675
433 675
434 675
435 675
436 675
437 675
438 675
439 675
440 675
441 675
442 675
443 675
444 675
445 675
446 675
447 675
448 676
449 676
450 677
451 677
452 678
453 678
454 678
455 678
456 678
457 679
458 679
459 679
460 679
461 679
462 680
463 680
464 680
465 680
466 680
467 680
468 680
469 680
470 680
471 680
472 680
473 680
474 681
475 681
476 681
477 682
478 682
479 682
480 682
481 682
482 682
483 681
484 681
485 681
486 681
487 681
488 682
489 682
490 683
491 683
492 683
493 683
494 683
495 683
496 683
497 683
498 683
499 683
500 683
501 682
502 682
503 682
504 682
505 682
506 682
507 682
508 681
509 681
510 681
511 680
512 680
513 680
514 680
515 680
516 680
517 681
518 681
519 681
520 681
521 680
522 680
523 680
524 679
525 679
526 679
527 679
528 679
529 679
530 680
531 680
532 680
533 680
534 680
535 680
536 681
537 681
538 681
539 682
540 682
541 682
542 682
543 682
544 682
545 682
546 682
547 682
548 683
549 683
550 682
551 682
552 682
553 682
554 681
555 681
556 680
557 680
558 680
559 680
560 680
561 680
562 680
563 680
564 680
565 680
566 681
567 681
568 681
569 681
570 681
571 681
572 681
573 681
574 681
575 680
576 680
577 679
578 679
579 678
580 678
581 677
582 676
583 676
584 675
585 674
586 673
587 673
588 672
589 672
590 671
591 671
592 671
593 671
594 671
595 671
596 670
597 670
598 670
599 670
600 669
601 669
602 668
603 668
604 667
605 667
606 666
607 666
608 665
609 665
610 664
611 664
612 663
613 663
614 663
615 663
616 663
617 663
618 663
619 663
620 663
621 663
622 663
623 663
624 663
625 663
626 663
627 663
628 663
629 663
630 663
631 663
632 662
633 662
634 662
635 662
636 661
637 660
637 659
638 658
639 657
639 656
640 655
641 654
641 653
642 652
642 651
643 650
643 649
643 648
644 647
644 646
644 645
644 644
643 643
643 642
643 641
643 640
642 639
642 638
642 637
642 636
642 635
642 634
642 633
642 632
643 631
643 630
643 629
644 628
644 627
645 626
645 625
646 624
646 623
647 622
648 621
648 620
649 619
649 618
650 617
650 616
651 615
652 614
653 613
654 612
655 611
656 610
657 609
657 608
657 607
656 606
656 605
656 604
657 603
658 602
658 601
658 600
659 599
659 598
659 597
660 596
660 595
660 594
661 593
661 592
661 591
661 590
661 589
661 588
661 587
660 586
660 585
660 584
660 583
660 582
660 581
660 580
660 579
660 578
660 577
660 576
660 575
660 574
660 573
659 572
658 571
657 570
657 569
657 568
656 567
656 566
655 565
655 564
654 563
653 562
653 561
653 560
653 559
653 558
652 557
651 556
650 555
649 554
648 553
647 552
646 551
645 550
644 549
643 548
642 548
641 548
640 548
639 548
638 547
637 546
636 545
635 544
634 543
633 542
632 541
631 540
630 540
629 540
628 540
627 540
626 539
625 538
624 537
623 536
622 536
621 535
620 536
619 536
618 535
617 534
616 533
615 532
614 532
613 531
612 531
611 531
610 531
609 531
608 530
607 529
607 528
606 528
605 527
604 527
603 527
602 527
601 527
600 526
599 525
598 524
597 524
596 524
595 523
594 523
593 523
592 522
591 522
590 521
589 521
588 521
587 521
586 520
585 520
584 519
583 519
582 519
581 519
580 518
579 517
578 516
577 516
576 516
575 516
574 516
573 516
572 516
571 516
570 516
569 516
568 516
567 516
566 515
565 515
564 514
563 513
562 513
561 512
560 512
559 512
558 511
557 511
556 511
555 511
554 511
553 511
552 511
551 511
550 511
549 511
548 511
547 510
546 509
545 509
544 508
543 508
542 508
541 509
540 509
539 509
538 508
537 508
536 508
535 508
534 508
533 508
532 508
531 508
530 508
529 508
528 508
527 508
526 508
525 508
524 508
523 507
522 507
521 507
520 507
519 507
518 507
517 507
516 507
515 507
514 507
513 508
512 508
511 509
510 510
509 511
508 511
507 512
506 512
505 512
504 512
503 512
502 512
501 512
500 512
499 512
498 512
497 513
496 513
495 513
494 513
493 513
492 513
491 513
490 513
489 513
488 512
487 512
486 511
485 511
484 511
483 511
482 511
481 510
480 509
479 508
478 507
477 507
476 507
475 507
474 507
473 507
472 507
471 507
470 507
469 507
468 507
467 507
466 507
465 506
464 505
463 505
462 504
461 504
460 504
459 504
458 505
457 505
456 505
455 506
454 506
453 506
452 506
451 506
450 506
449 505
448 505
447 505
446 504
445 504
444 503
443 503
442 503
441 503
440 503
439 503
438 503
437 503
436 503
435 503
434 503
433 503
432 503
431 503
430 503
429 503
428 503
427 503
426 503
425 503
424 503
423 503
422 503
421 503
420 503
419 503
418 503
417 503
416 503
415 502
414 502
413 503
412 503
411 503
410 503
409 503
408 503
407 503
406 503
405 504
404 504
403 504
402 504
401 504
400 505
399 505
398 506
397 506
396 506
395 506
394 506
393 506
392 507
391 507
390 508
389 508
388 509
387 510
386 510
385 510
384 510
383 510
382 510
381 510
380 510
379 509
378 509
377 508
376 508
375 507
374 507
373 507
372 507
371 507
370 506
369 505
368 504
367 503
366 503
365 502
364 502
363 502
362 502
361 502
360 501
359 500
358 499
357 499
356 500
355 500
354 500
353 500
352 500
351 500
350 500
349 500
348 501
347 501
346 501
345 501
344 501
343 501
342 501
341 501
340 501
339 501
338 500
337 500
336 500
335 500
334 500
333 500
332 500
331 500
330 501
329 501
328 501
327 502
326 502
325 502
324 502
323 502
322 502
321 502
320 502
319 502
318 502
317 502
316 502
315 502
314 502
313 502
312 502
311 502
310 502
309 502
308 502
307 501
306 501
305 500
304 500
303 499
302 499
301 499
300 499
299 499
298 499
297 499
296 499
295 499
294 499
293 499
292 499
291 499
290 499
289 499
288 499
287 499
286 498
285 498
284 498
283 499
282 499
281 499
280 498
279 498
