327 747
326 748
325 748
324 748
323 749
322 749
321 749
320 750
319 750
318 751
317 751
316 752
315 752
314 752
313 753
312 753
311 754
310 754
309 755
308 755
307 756
306 756
305 757
304 757
303 758
302 759
301 759
300 760
299 760
298 761
297 761
296 761
295 761
294 762
293 762
292 762
291 763
290 763
289 763
288 763
287 763
286 763
285 764
284 764
283 764
282 764
281 764
280 764
279 764
278 765
277 765
276 765
275 765
274 765
273 766
272 766
271 766
270 767
269 767
268 767
267 768
266 768
265 768
264 768
263 768
262 768
261 768
260 768
259 769
258 769
257 770
256 770
255 770
254 770
253 771
252 771
251 772
250 772
249 773
248 774
247 774
246 775
245 775
244 776
243 776
242 777
241 777
240 778
239 779
238 779
237 780
236 780
235 780
234 780
233 780
232 780
231 780
230 780
229 781
228 781
227 781
226 781
225 781
224 781
223 781
222 781
221 782
220 782
219 782
218 782
217 782
216 782
215 783
214 783
213 783
212 783
211 783
210 783
209 784
208 784
207 784
206 784
205 784
204 784
203 785
202 785
201 785
200 785
199 785
198 786
197 786
196 786
195 786
194 786
193 786
192 786
191 787
190 787
189 787
188 787
187 787
186 787
185 787
184 787
183 787
182 787
181 787
180 787
179 787
178 787
177 787
176 787
175 787
174 787
173 787
172 787
171 787
170 787
169 787
168 787
167 787
166 787
165 787
164 787
163 787
162 787
161 787
160 787
159 787
158 787
157 787
156 787
155 787
154 787
153 787
152 787
151 787
150 787
149 787
148 787
147 787
146 787
145 787
144 787
143 787
142 787
141 787
140 787
139 787
138 788
137 788
136 788
135 788
134 788
133 788
132 788
131 788
130 788
129 788
128 788
127 789
126 789
125 789
124 789
123 789
122 789
121 789
120 789
119 790
118 790
117 790
116 790
115 790
114 790
113 790
112 790
111 790
110 791
109 791
108 791
107 791
106 792
105 792
104 791
103 791
102 791
101 791
100 791
99 791
98 791
97 791
96 791
95 791
94 791
93 791
92 791
91 791
90 791
89 791
88 791
87 791
86 791
85 791
84 791
83 792
82 792
81 792
80 792
79 792
78 792
77 793
76 793
75 793
74 793
73 793
72 793
71 793
70 793
69 793
68 793
67 793
66 794
65 794
64 794
63 795
62 795
61 795
60 795
59 795
58 796
57 796
56 796
55 796
54 797
53 797
52 798
51 798
50 799
49 799
48 800
47 801
46 801
45 802
44 803
44 804
43 805
42 806
42 807
41 808
41 809
40 810
40 811
39 812
39 813
39 814
39 815
39 816
39 817
39 818
39 819
39 820
39 821
39 822
39 823
39 824
39 825
39 826
39 827
39 828
39 829
39 830
39 831
39 832
39 833
39 834
39 835
39 836
39 837
39 838
40 839
41 840
41 841
41 842
41 843
42 844
42 845
42 846
42 847
43 848
43 849
43 850
44 851
44 852
45 853
46 854
46 855
47 856
47 857
48 858
48 859
47 860
47 861
47 862
48 863
48 864
49 865
50 866
50 867
51 868
51 869
51 870
51 871
51 872
52 873
52 874
52 875
52 876
52 877
52 878
52 879
52 880
53 881
54 882
54 883
55 884
55 885
56 886
56 887
56 888
57 889
57 890
58 891
58 892
58 893
58 894
59 895
60 896
60 897
60 898
60 899
60 900
61 901
62 902
63 903
64 904
65 905
66 906
67 907
68 908
69 909
70 910
71 911
72 912
73 913
74 914
75 915
76 916
77 917
78 918
79 919
80 920
81 921
82 922
83 923
84 924
85 925
86 926
87 927
88 927
89 927
90 928
91 928
92 929
93 929
94 930
95 931
96 931
97 931
98 931
99 931
100 932
101 932
102 932
103 932
104 932
105 932
106 932
107 932
108 932
109 932
110 932
111 932
112 932
113 932
114 932
115 932
116 932
117 932
118 932
119 932
120 932
121 932
122 932
123 932
124 932
125 932
126 932
127 932
128 932
129 932
130 932
131 932
132 932
133 932
134 932
135 932
136 932
137 932
138 932
139 932
140 932
141 932
142 932
143 932
144 932
145 932
146 932
147 932
148 933
149 933
150 933
151 933
152 933
153 934
154 934
155 934
156 935
157 935
158 935
159 936
160 936
161 936
162 937
163 937
164 938
165 939
166 940
167 941
168 942
169 943
170 943
171 943
172 944
173 944
174 944
175 945
176 946
177 947
178 948
179 948
180 948
181 948
182 949
183 949
184 950
185 951
186 952
187 952
188 952
189 952
190 953
191 953
192 954
193 954
194 954
195 954
196 954
197 954
198 954
199 954
200 954
201 954
202 954
203 954
204 954
205 954
206 954
207 954
208 954
209 954
210 954
211 954
212 954
213 954
214 954
215 954
216 954
217 953
218 953
219 953
220 953
221 953
222 952
223 952
224 952
225 952
226 952
227 951
228 951
229 951
230 951
231 951
232 950
233 950
234 950
235 950
236 949
237 949
238 949
239 949
240 949
241 949
242 948
243 948
244 948
245 948
246 948
247 948
248 948
249 948
250 948
251 948
252 948
253 948
254 948
255 948
256 948
257 948
258 948
259 948
260 948
261 948
262 948
263 948
264 948
265 948
266 948
267 949
268 949
269 949
270 949
271 949
272 949
273 949
274 949
275 949
276 949
277 949
278 949
279 949
280 949
281 949
282 948
283 948
284 948
285 948
286 948
287 948
288 948
289 948
290 948
291 948
292 948
293 948
294 948
295 948
296 948
297 948
298 948
299 948
300 948
301 948
302 948
303 948
304 948
305 948
306 948
307 948
308 948
309 948
310 948
311 948
312 948
313 948
314 947
315 947
316 947
317 947
318 947
319 947
320 947
321 946
322 946
323 946
324 946
325 946
326 945
327 946
328 945
329 945
330 945
331 945
332 944
333 944
334 944
335 944
336 944
337 944
338 944
339 944
340 944
341 944
342 944
343 944
344 944
345 944
346 945
347 945
348 945
349 945
350 945
351 945
352 946
353 945
354 946
355 946
356 946
357 946
358 947
359 947
360 948
361 948
362 948
363 948
364 948
365 948
366 948
367 948
368 948
369 948
370 949
371 949
372 949
373 949
374 949
375 950
376 950
377 950
378 950
379 950
380 950
381 950
382 950
383 950
384 950
385 950
386 950
387 950
388 950
389 950
390 951
391 951
392 951
393 951
394 950
395 950
396 950
397 950
398 950
399 950
400 950
401 950
402 949
403 949
404 949
405 949
406 948
407 948
408 948
409 947
410 947
411 947
412 946
413 946
414 946
415 945
416 945
417 945
418 945
419 944
420 944
421 944
422 944
423 944
424 943
425 943
426 943
427 942
428 942
429 942
430 941
431 941
432 941
433 940
434 940
435 940
436 939
437 939
438 939
439 938
440 938
441 938
442 937
443 937
444 937
445 936
446 936
447 936
448 936
449 936
450 936
451 936
452 936
453 935
454 935
455 935
456 935
457 935
458 935
459 935
460 935
461 935
462 935
463 935
464 934
465 934
466 934
467 934
468 934
469 933
470 933
471 933
472 933
473 933
474 933
475 933
476 933
477 933
478 933
479 933
480 933
481 933
482 933
483 933
484 934
485 934
486 934
487 934
488 934
489 934
490 934
491 934
492 934
493 933
494 933
495 933
496 932
497 932
498 932
499 931
500 931
501 931
502 931
503 931
504 931
505 931
506 931
507 931
508 931
509 931
510 931
511 931
512 931
513 931
514 931
515 931
516 931
517 931
518 931
519 931
520 931
521 931
522 931
523 931
524 931
525 931
526 930
527 930
528 930
529 930
530 930
531 930
532 930
533 930
534 930
535 930
536 930
537 930
538 930
539 930
540 930
541 931
542 931
543 931
544 931
545 931
546 931
547 931
548 931
549 931
550 932
551 932
552 932
553 932
554 933
555 933
556 934
557 934
558 935
559 935
560 935
561 935
562 935
563 935
564 935
565 936
566 936
567 936
568 936
569 936
570 936
571 936
572 936
573 936
574 937
575 937
576 937
577 937
578 937
579 937
580 936
581 936
582 936
583 936
584 936
585 936
586 936
587 936
588 935
589 935
590 935
591 935
592 934
593 934
594 934
595 934
596 934
597 934
598 933
599 933
600 933
601 933
602 933
603 933
604 933
605 933
606 933
607 933
608 932
609 932
610 932
611 932
612 932
613 932
614 932
615 932
616 931
617 931
618 931
619 931
620 930
621 930
622 930
623 930
624 930
625 929
626 929
627 929
628 928
629 928
630 928
631 927
632 927
633 927
634 926
635 926
636 926
637 925
638 925
639 925
640 924
641 924
642 924
643 924
644 923
645 923
646 923
647 922
648 922
649 922
650 921
651 921
652 921
653 920
654 920
655 919
656 918
657 917
658 917
659 916
660 915
661 914
662 913
662 912
662 911
662 910
663 909
663 908
663 907
663 906
663 905
663 904
664 903
664 902
664 901
664 900
664 899
664 898
664 897
664 896
664 895
664 894
664 893
664 892
664 891
664 890
664 889
664 888
664 887
664 886
664 885
664 884
664 883
664 882
664 881
664 880
664 879
664 878
664 877
664 876
664 875
664 874
664 873
664 872
664 871
665 870
665 869
665 868
665 867
665 866
665 865
665 864
664 863
664 862
664 861
664 860
664 859
664 858
664 857
664 856
665 855
665 854
665 853
665 852
665 851
666 850
665 849
665 848
665 847
665 846
665 845
665 844
665 843
665 842
665 841
665 840
665 839
665 838
666 837
665 836
665 835
665 834
665 833
664 832
663 831
663 830
662 829
662 828
662 827
662 826
661 825
660 824
659 823
658 822
657 821
656 820
655 819
654 818
653 817
652 816
651 815
650 814
649 813
648 813
647 812
646 812
645 812
644 812
643 811
642 810
641 809
640 808
639 808
638 808
637 808
636 808
635 807
634 806
633 805
632 804
631 803
630 802
629 801
628 800
627 800
626 800
625 800
624 800
623 799
622 798
621 797
620 797
619 797
618 796
617 796
616 796
615 795
614 795
613 795
612 795
611 794
610 794
609 794
608 794
607 793
606 793
605 793
604 793
603 793
602 793
601 793
600 792
599 792
598 792
597 792
596 792
595 791
594 791
593 791
592 790
591 790
590 790
589 790
588 790
587 790
586 789
585 789
584 789
583 789
582 789
581 789
580 788
579 788
578 788
577 788
576 788
575 787
574 787
573 787
572 786
571 786
570 786
569 785
568 785
567 785
566 784
565 784
564 784
563 784
562 784
561 783
560 783
559 783
558 783
557 782
556 782
555 781
554 781
553 781
552 780
551 780
550 780
549 780
548 779
547 779
546 779
545 779
544 778
543 778
542 777
541 777
540 776
539 776
538 775
537 775
536 776
535 775
534 775
533 775
532 775
531 775
530 775
529 775
528 775
527 775
526 775
525 775
524 775
523 775
522 775
521 775
520 775
519 775
518 775
517 775
516 775
515 775
514 775
513 775
512 775
511 774
510 773
509 772
508 772
507 772
506 771
505 771
504 771
503 771
502 771
501 771
500 771
499 771
498 771
497 771
496 771
495 770
494 770
493 769
492 769
491 769
490 769
489 768
488 768
487 768
486 768
485 767
484 767
483 767
482 767
481 767
480 767
479 766
478 766
477 765
476 764
475 764
474 764
473 764
472 764
471 763
470 763
469 763
468 763
467 762
466 762
465 762
464 762
463 761
462 761
461 761
460 761
459 760
458 760
457 760
456 760
455 760
454 760
453 759
452 759
451 759
450 759
449 759
448 758
447 758
446 758
445 758
444 758
443 758
442 758
441 758
440 757
439 757
438 757
437 757
436 757
435 757
434 757
433 757
432 756
431 756
430 756
429 756
428 756
427 756
426 755
425 755
424 755
423 755
422 755
421 755
420 755
419 755
418 755
417 755
416 755
415 755
414 755
413 755
412 755
411 755
410 755
409 755
408 755
407 755
406 755
405 755
404 755
403 755
402 755
401 755
400 755
399 755
398 755
397 755
396 755
395 755
394 755
393 755
392 755
391 755
390 755
389 754
388 754
387 754
386 754
385 754
384 754
383 754
382 754
381 754
380 754
379 753
378 753
377 753
376 753
375 753
374 753
373 752
372 752
371 752
370 752
369 752
368 752
367 752
366 752
365 752
364 752
363 752
362 752
361 751
360 751
359 751
358 751
357 751
356 751
355 750
354 750
353 750
352 750
351 750
350 749
349 749
348 749
347 749
346 748
345 748
344 748
343 748
342 748
341 748
340 748
339 747
338 747
337 747
336 747
335 747
334 747
333 747
332 747
331 747
330 747
329 747
328 747
327 747
