564 1015
563 1016
562 1016
561 1016
560 1016
559 1017
558 1017
557 1017
556 1018
555 1018
554 1018
553 1018
552 1018
551 1018
550 1018
549 1018
548 1019
547 1019
546 1019
545 1020
544 1020
543 1020
542 1020
541 1020
540 1020
539 1021
538 1021
537 1021
536 1021
535 1021
534 1021
533 1021
532 1021
531 1021
530 1021
529 1021
528 1022
527 1022
526 1022
525 1022
524 1022
523 1022
522 1022
521 1022
520 1022
519 1022
518 1022
517 1022
516 1022
515 1023
514 1023
513 1023
512 1024
511 1024
510 1025
509 1025
508 1025
507 1025
506 1026
505 1026
504 1026
503 1026
502 1027
501 1027
500 1027
499 1027
498 1027
497 1028
496 1028
495 1028
494 1028
493 1028
492 1028
491 1029
490 1029
489 1029
488 1029
487 1029
486 1029
485 1029
484 1029
483 1029
482 1029
481 1029
480 1029
479 1029
478 1030
477 1030
476 1030
475 1031
474 1031
473 1031
472 1032
471 1032
470 1033
469 1033
468 1033
467 1034
466 1034
465 1034
464 1034
463 1035
462 1035
461 1035
460 1035
459 1035
458 1035
457 1036
456 1036
455 1036
454 1036
453 1036
452 1036
451 1036
450 1036
449 1036
448 1036
447 1036
446 1036
445 1036
444 1036
443 1036
442 1036
441 1036
440 1037
439 1037
438 1037
437 1037
436 1037
435 1037
434 1038
433 1038
432 1038
431 1038
430 1038
429 1038
428 1038
427 1038
426 1038
425 1038
424 1038
423 1038
422 1038
421 1038
420 1039
419 1039
418 1039
417 1039
416 1039
415 1039
414 1039
413 1039
412 1040
411 1040
410 1040
409 1041
408 1041
407 1041
406 1041
405 1042
404 1042
403 1042
402 1042
401 1042
400 1042
399 1042
398 1042
397 1042
396 1042
395 1042
394 1043
393 1043
392 1043
391 1043
390 1043
389 1044
388 1044
387 1044
386 1044
385 1045
384 1045
383 1045
382 1045
381 1045
380 1045
379 1045
378 1045
377 1045
376 1045
375 1045
374 1045
373 1045
372 1045
371 1045
370 1045
369 1045
368 1045
367 1045
366 1045
365 1046
364 1046
363 1046
362 1046
361 1046
360 1047
359 1047
358 1047
357 1047
356 1047
355 1047
354 1048
353 1048
352 1048
351 1048
350 1049
349 1049
348 1049
347 1049
346 1049
345 1049
344 1050
343 1050
342 1050
341 1050
340 1050
339 1050
338 1050
337 1050
336 1050
335 1050
334 1050
333 1050
332 1050
331 1050
330 1050
329 1050
328 1050
327 1051
326 1051
325 1051
324 1051
323 1051
322 1051
321 1052
320 1052
319 1052
318 1052
317 1052
316 1052
315 1052
314 1053
313 1053
312 1053
311 1053
310 1053
309 1054
308 1054
307 1054
306 1055
305 1055
304 1055
303 1055
302 1055
301 1055
300 1055
299 1055
298 1055
297 1055
296 1055
295 1055
294 1055
293 1055
292 1055
291 1056
290 1056
289 1056
288 1056
287 1056
286 1057
285 1057
284 1057
283 1057
282 1058
281 1058
280 1059
279 1059
278 1059
277 1059
276 1059
275 1059
274 1059
273 1059
272 1059
271 1059
270 1059
269 1059
268 1059
267 1059
266 1059
265 1059
264 1059
263 1060
262 1060
261 1060
260 1060
259 1060
258 1060
257 1060
256 1061
255 1061
254 1061
253 1061
252 1061
251 1061
250 1062
249 1062
248 1062
247 1063
246 1062
245 1062
244 1062
243 1062
242 1063
241 1063
240 1063
239 1063
238 1063
237 1063
236 1063
235 1064
234 1064
233 1064
232 1064
231 1064
230 1064
229 1064
228 1065
227 1065
226 1065
225 1065
224 1065
223 1065
222 1065
221 1065
220 1065
219 1065
218 1065
217 1065
216 1065
215 1065
214 1065
213 1065
212 1065
211 1064
210 1064
209 1064
208 1064
207 1064
206 1064
205 1064
204 1064
203 1064
202 1064
201 1065
200 1065
199 1065
198 1065
197 1065
196 1065
195 1065
194 1065
193 1066
192 1066
191 1066
190 1066
189 1066
188 1066
187 1066
186 1066
185 1066
184 1066
183 1066
182 1066
181 1066
180 1066
179 1066
178 1066
177 1066
176 1066
175 1066
174 1066
173 1066
172 1066
171 1066
170 1066
169 1066
168 1066
167 1066
166 1066
165 1066
164 1067
163 1067
162 1067
161 1067
160 1067
159 1067
158 1067
157 1067
156 1068
155 1068
154 1068
153 1068
152 1069
151 1069
150 1069
149 1069
148 1070
147 1070
146 1070
145 1070
144 1070
143 1071
142 1071
141 1071
140 1072
139 1072
138 1072
137 1073
136 1073
135 1073
134 1073
133 1073
132 1073
131 1073
130 1073
129 1073
128 1073
127 1073
126 1074
125 1074
124 1074
123 1074
122 1074
121 1074
120 1074
119 1075
118 1075
117 1075
116 1075
115 1075
114 1076
113 1076
112 1076
111 1077
110 1077
109 1077
108 1078
107 1078
106 1078
105 1079
104 1079
103 1079
102 1079
101 1080
100 1080
99 1080
98 1081
97 1081
96 1081
95 1082
94 1082
93 1082
92 1082
91 1082
90 1083
89 1083
88 1083
87 1083
86 1084
85 1084
84 1084
83 1084
82 1084
81 1085
80 1085
79 1086
78 1086
77 1086
76 1086
75 1086
74 1086
73 1087
72 1087
71 1087
70 1087
69 1088
68 1088
67 1089
66 1089
65 1090
64 1090
63 1090
62 1090
61 1091
60 1091
59 1091
58 1092
57 1092
56 1093
55 1093
54 1093
53 1094
52 1094
51 1094
50 1094
49 1095
48 1095
47 1095
46 1095
45 1096
44 1096
43 1097
42 1098
41 1099
40 1100
39 1101
38 1102
38 1103
38 1104
38 1105
38 1106
38 1107
38 1108
38 1109
38 1110
38 1111
38 1112
38 1113
38 1114
39 1115
39 1116
40 1117
40 1118
40 1119
41 1120
41 1121
42 1122
42 1123
42 1124
43 1125
43 1126
44 1127
44 1128
45 1129
46 1130
47 1131
48 1131
49 1132
50 1133
51 1133
52 1133
53 1134
54 1134
55 1135
56 1135
57 1135
58 1135
59 1136
60 1136
61 1136
62 1136
63 1137
64 1137
65 1138
66 1138
67 1139
68 1139
69 1140
70 1140
71 1141
72 1141
73 1142
74 1142
75 1143
76 1143
77 1143
78 1143
79 1144
80 1144
81 1145
82 1145
83 1145
84 1145
85 1145
86 1145
87 1145
88 1145
89 1145
90 1145
91 1146
92 1146
93 1146
94 1146
95 1146
96 1147
97 1147
98 1148
99 1149
100 1150
101 1150
102 1151
103 1152
104 1153
105 1153
106 1154
107 1155
108 1155
109 1156
110 1156
111 1157
112 1157
113 1158
114 1158
115 1159
116 1159
117 1159
118 1160
119 1160
120 1160
121 1161
122 1161
123 1161
124 1162
125 1162
126 1162
127 1163
128 1163
129 1163
130 1164
131 1164
132 1164
133 1165
134 1165
135 1166
136 1166
137 1166
138 1167
139 1167
140 1168
141 1168
142 1169
143 1169
144 1170
145 1170
146 1171
147 1171
148 1172
149 1172
150 1173
151 1173
152 1173
153 1173
154 1174
155 1174
156 1174
157 1174
158 1175
159 1175
160 1176
161 1176
162 1177
163 1177
164 1177
165 1177
166 1178
167 1178
168 1178
169 1178
170 1179
171 1179
172 1179
173 1179
174 1179
175 1179
176 1180
177 1180
178 1180
179 1180
180 1181
181 1181
182 1182
183 1182
184 1183
185 1183
186 1183
187 1183
188 1183
189 1184
190 1184
191 1184
192 1184
193 1185
194 1185
195 1185
196 1186
197 1186
198 1186
199 1187
200 1187
201 1187
202 1188
203 1188
204 1189
205 1189
206 1189
207 1189
208 1190
209 1190
210 1190
211 1190
212 1190
213 1191
214 1191
215 1191
216 1192
217 1192
218 1192
219 1192
220 1193
221 1193
222 1193
223 1193
224 1194
225 1194
226 1194
227 1195
228 1195
229 1195
230 1195
231 1196
232 1196
233 1196
234 1196
235 1197
236 1197
237 1197
238 1198
239 1198
240 1199
241 1199
242 1199
243 1200
244 1200
245 1201
246 1201
247 1202
248 1202
249 1203
250 1203
251 1204
252 1204
253 1205
254 1205
255 1205
256 1206
257 1206
258 1206
259 1206
260 1206
261 1207
262 1207
263 1207
264 1207
265 1208
266 1208
267 1209
268 1209
269 1209
270 1209
271 1210
272 1210
273 1210
274 1210
275 1211
276 1211
277 1212
278 1212
279 1212
280 1212
281 1212
282 1213
283 1213
284 1213
285 1214
286 1214
287 1215
288 1215
289 1216
290 1216
291 1216
292 1217
293 1217
294 1217
295 1218
296 1218
297 1219
298 1219
299 1219
300 1219
301 1219
302 1219
303 1219
304 1220
305 1220
306 1220
307 1220
308 1220
309 1221
310 1221
311 1221
312 1222
313 1222
314 1222
315 1222
316 1222
317 1222
318 1223
319 1223
320 1223
321 1223
322 1223
323 1223
324 1223
325 1223
326 1223
327 1223
328 1223
329 1223
330 1223
331 1223
332 1223
333 1224
334 1224
335 1224
336 1225
337 1225
338 1225
339 1225
340 1226
341 1226
342 1226
343 1226
344 1226
345 1226
346 1227
347 1227
348 1227
349 1228
350 1228
351 1228
352 1228
353 1228
354 1228
355 1229
356 1229
357 1229
358 1229
359 1230
360 1230
361 1230
362 1231
363 1231
364 1231
365 1231
366 1231
367 1231
368 1231
369 1231
370 1232
371 1232
372 1232
373 1232
374 1232
375 1233
376 1232
377 1233
378 1233
379 1233
380 1234
381 1234
382 1234
383 1234
384 1235
385 1235
386 1235
387 1235
388 1235
389 1235
390 1235
391 1235
392 1236
393 1236
394 1236
395 1236
396 1236
397 1237
398 1237
399 1238
400 1238
401 1238
402 1238
403 1238
404 1239
405 1239
406 1239
407 1239
408 1239
409 1240
410 1240
411 1240
412 1240
413 1240
414 1241
415 1241
416 1241
417 1241
418 1241
419 1241
420 1241
421 1241
422 1241
423 1241
424 1242
425 1242
426 1242
427 1243
428 1243
429 1243
430 1243
431 1244
432 1244
433 1244
434 1244
435 1244
436 1244
437 1244
438 1244
439 1244
440 1244
441 1244
442 1244
443 1244
444 1244
445 1244
446 1244
447 1244
448 1244
449 1244
450 1244
451 1244
452 1244
453 1245
454 1245
455 1245
456 1245
457 1246
458 1246
459 1246
460 1246
461 1246
462 1246
463 1247
464 1247
465 1247
466 1247
467 1247
468 1247
469 1247
470 1247
471 1247
472 1248
473 1247
474 1247
475 1247
476 1248
477 1248
478 1248
479 1248
480 1248
481 1248
482 1248
483 1249
484 1249
485 1249
486 1250
487 1250
488 1250
489 1250
490 1250
491 1250
492 1250
493 1250
494 1250
495 1250
496 1250
497 1250
498 1250
499 1250
500 1250
501 1250
502 1250
503 1250
504 1250
505 1250
506 1250
507 1249
508 1249
509 1249
510 1249
511 1249
512 1249
513 1249
514 1249
515 1249
516 1249
517 1249
518 1249
519 1249
520 1250
521 1250
522 1250
523 1250
524 1249
525 1249
526 1249
527 1249
528 1248
529 1248
530 1248
531 1247
532 1247
533 1247
534 1247
535 1247
536 1247
537 1247
538 1246
539 1246
540 1246
541 1246
542 1246
543 1246
544 1245
545 1245
546 1245
547 1244
548 1244
549 1244
550 1243
551 1243
552 1243
553 1242
554 1242
555 1241
556 1240
557 1240
558 1239
559 1239
560 1238
561 1238
562 1238
563 1237
564 1237
565 1237
566 1237
567 1236
568 1236
569 1236
570 1235
571 1235
572 1235
573 1235
574 1234
575 1234
576 1234
577 1234
578 1233
579 1233
580 1233
581 1232
582 1232
583 1231
584 1231
585 1231
586 1230
587 1229
588 1229
589 1228
590 1227
591 1227
592 1227
593 1226
594 1226
595 1225
596 1225
597 1224
598 1223
599 1223
600 1222
601 1221
602 1221
603 1220
604 1220
605 1219
606 1218
607 1218
608 1217
609 1217
610 1217
611 1216
612 1216
613 1216
614 1216
615 1216
616 1215
617 1215
618 1214
619 1214
620 1213
621 1213
622 1212
623 1211
624 1211
625 1210
626 1209
627 1209
628 1208
629 1207
630 1206
631 1206
632 1205
633 1204
634 1204
635 1203
636 1202
637 1202
638 1201
639 1200
640 1199
641 1198
642 1197
643 1196
643 1195
644 1194
645 1193
645 1192
646 1191
647 1190
647 1189
648 1188
649 1187
649 1186
650 1185
651 1184
651 1183
652 1182
653 1181
653 1180
654 1179
655 1178
655 1177
656 1176
657 1175
658 1174
658 1173
659 1172
660 1171
660 1170
661 1169
661 1168
661 1167
661 1166
662 1165
662 1164
663 1163
663 1162
663 1161
664 1160
664 1159
664 1158
664 1157
664 1156
664 1155
664 1154
664 1153
664 1152
664 1151
664 1150
664 1149
664 1148
664 1147
664 1146
664 1145
664 1144
664 1143
664 1142
664 1141
664 1140
664 1139
664 1138
664 1137
664 1136
664 1135
664 1134
664 1133
664 1132
664 1131
664 1130
664 1129
664 1128
664 1127
664 1126
664 1125
664 1124
664 1123
664 1122
664 1121
664 1120
664 1119
664 1118
664 1117
664 1116
664 1115
664 1114
664 1113
664 1112
664 1111
664 1110
664 1109
664 1108
664 1107
664 1106
664 1105
664 1104
664 1103
663 1102
663 1101
663 1100
663 1099
663 1098
663 1097
663 1096
663 1095
663 1094
663 1093
662 1092
662 1091
662 1090
662 1089
662 1088
661 1087
661 1086
660 1085
660 1084
659 1083
659 1082
659 1081
659 1080
659 1079
658 1078
658 1077
658 1076
657 1075
657 1074
656 1073
655 1072
654 1071
653 1070
652 1069
651 1068
651 1067
650 1066
649 1065
649 1064
648 1063
647 1062
646 1061
646 1060
645 1059
645 1058
644 1057
644 1056
643 1055
642 1054
642 1053
641 1052
640 1051
640 1050
639 1049
638 1048
637 1048
636 1047
635 1046
634 1045
633 1045
632 1044
631 1043
630 1042
630 1041
629 1040
628 1039
627 1038
626 1037
625 1036
624 1035
623 1034
623 1033
622 1032
621 1031
620 1030
619 1029
618 1028
617 1027
616 1026
616 1025
615 1024
614 1023
613 1023
612 1022
611 1021
610 1021
609 1021
608 1020
607 1020
606 1020
605 1020
604 1020
603 1020
602 1020
601 1019
600 1019
599 1019
598 1019
597 1019
596 1019
595 1019
594 1019
593 1019
592 1019
591 1019
590 1019
589 1019
588 1019
587 1019
586 1019
585 1019
584 1018
583 1018
582 1018
581 1018
580 1018
579 1018
578 1017
577 1017
576 1017
575 1017
574 1016
573 1016
572 1016
571 1016
570 1016
569 1015
568 1015
567 1015
566 1015
565 1015
564 1015
