373 1318
372 1319
371 1319
370 1319
369 1320
368 1320
367 1320
366 1320
365 1320
364 1320
363 1321
362 1321
361 1321
360 1322
359 1322
358 1322
357 1322
356 1322
355 1322
354 1322
353 1322
352 1322
351 1322
350 1322
349 1322
348 1322
347 1322
346 1322
345 1322
344 1322
343 1322
342 1322
341 1322
340 1322
339 1322
338 1322
337 1322
336 1322
335 1322
334 1322
333 1322
332 1322
331 1322
330 1322
329 1323
328 1323
327 1323
326 1323
325 1323
324 1323
323 1323
322 1323
321 1323
320 1323
319 1323
318 1323
317 1323
316 1323
315 1323
314 1323
313 1323
312 1323
311 1323
310 1323
309 1323
308 1323
307 1323
306 1323
305 1323
304 1323
303 1323
302 1323
301 1323
300 1323
299 1323
298 1323
297 1323
296 1323
295 1323
294 1323
293 1323
292 1323
291 1323
290 1323
289 1324
288 1324
287 1324
286 1325
285 1325
284 1325
283 1326
282 1326
281 1327
280 1327
279 1328
278 1328
277 1328
276 1328
275 1329
274 1329
273 1329
272 1329
271 1329
270 1330
269 1330
268 1330
267 1330
266 1330
265 1331
264 1331
263 1331
262 1331
261 1332
260 1332
259 1332
258 1332
257 1332
256 1332
255 1333
254 1333
253 1333
252 1334
251 1334
250 1335
249 1335
248 1334
247 1335
246 1335
245 1335
244 1335
243 1335
242 1335
241 1335
240 1335
239 1335
238 1335
237 1335
236 1335
235 1335
234 1335
233 1335
232 1335
231 1335
230 1335
229 1335
228 1336
227 1336
226 1336
225 1336
224 1336
223 1336
222 1336
221 1337
220 1337
219 1337
218 1337
217 1337
216 1337
215 1337
214 1337
213 1337
212 1337
211 1338
210 1338
209 1338
208 1338
207 1338
206 1338
205 1338
204 1338
203 1338
202 1338
201 1339
200 1339
199 1339
198 1339
197 1339
196 1339
195 1339
194 1340
193 1340
192 1340
191 1340
190 1340
189 1340
188 1340
187 1340
186 1340
185 1340
184 1340
183 1340
182 1341
181 1341
180 1341
179 1341
178 1341
177 1342
176 1342
175 1343
174 1343
173 1343
172 1344
171 1344
170 1345
169 1345
168 1345
167 1345
166 1346
165 1346
164 1347
163 1347
162 1347
161 1347
160 1347
159 1347
158 1347
157 1347
156 1348
155 1348
154 1348
153 1348
152 1348
151 1348
150 1348
149 1348
148 1348
147 1348
146 1349
145 1349
144 1349
143 1349
142 1350
141 1350
140 1350
139 1350
138 1350
137 1350
136 1351
135 1351
134 1351
133 1351
132 1352
131 1352
130 1352
129 1352
128 1353
127 1353
126 1353
125 1353
124 1354
123 1354
122 1354
121 1355
120 1355
119 1355
118 1355
117 1356
116 1356
115 1356
114 1357
113 1357
112 1357
111 1358
110 1358
109 1358
108 1359
107 1359
106 1360
105 1360
104 1361
103 1362
102 1362
101 1362
100 1363
99 1363
98 1363
97 1364
96 1365
95 1365
94 1366
93 1366
92 1367
91 1367
90 1368
89 1368
88 1368
87 1369
86 1369
85 1369
84 1369
83 1370
82 1370
81 1370
80 1371
79 1371
78 1372
77 1372
76 1372
75 1373
74 1373
73 1374
72 1374
71 1374
70 1375
69 1375
68 1375
67 1376
66 1376
65 1377
64 1377
63 1378
62 1378
61 1379
60 1379
59 1380
58 1380
57 1381
56 1381
55 1382
54 1382
53 1383
52 1383
51 1384
50 1384
49 1385
48 1386
47 1386
46 1387
45 1388
44 1389
43 1390
42 1391
41 1392
40 1393
40 1394
39 1395
38 1396
37 1397
37 1398
36 1399
36 1400
35 1401
35 1402
34 1403
34 1404
34 1405
34 1406
34 1407
34 1408
34 1409
34 1410
34 1411
34 1412
34 1413
34 1414
34 1415
34 1416
34 1417
34 1418
34 1419
34 1420
34 1421
34 1422
34 1423
34 1424
34 1425
34 1426
34 1427
35 1428
35 1429
35 1430
35 1431
35 1432
35 1433
35 1434
36 1435
36 1436
36 1437
36 1438
37 1439
37 1440
38 1441
38 1442
39 1443
39 1444
40 1445
40 1446
41 1447
42 1448
43 1449
44 1449
45 1450
46 1450
47 1450
48 1451
49 1451
50 1452
51 1452
52 1452
53 1452
54 1452
55 1452
56 1453
57 1453
58 1453
59 1454
60 1454
61 1454
62 1454
63 1454
64 1454
65 1454
66 1454
67 1454
68 1454
69 1454
70 1455
71 1455
72 1456
73 1456
74 1456
75 1456
76 1456
77 1457
78 1457
79 1457
80 1457
81 1457
82 1457
83 1457
84 1457
85 1457
86 1457
87 1458
88 1458
89 1458
90 1458
91 1458
92 1458
93 1458
94 1458
95 1459
96 1459
97 1459
98 1460
99 1460
100 1460
101 1460
102 1460
103 1461
104 1461
105 1461
106 1461
107 1461
108 1461
109 1462
110 1462
111 1462
112 1462
113 1462
114 1462
115 1462
116 1462
117 1462
118 1463
119 1463
120 1463
121 1464
122 1464
123 1464
124 1464
125 1464
126 1464
127 1464
128 1464
129 1464
130 1464
131 1464
132 1464
133 1465
134 1465
135 1465
136 1465
137 1465
138 1466
139 1466
140 1466
141 1466
142 1467
143 1467
144 1467
145 1468
146 1468
147 1468
148 1469
149 1469
150 1469
151 1469
152 1469
153 1469
154 1469
155 1469
156 1469
157 1469
158 1469
159 1469
160 1470
161 1470
162 1470
163 1470
164 1470
165 1470
166 1470
167 1470
168 1470
169 1470
170 1470
171 1470
172 1470
173 1470
174 1470
175 1470
176 1470
177 1470
178 1470
179 1470
180 1470
181 1470
182 1471
183 1471
184 1471
185 1471
186 1472
187 1472
188 1472
189 1473
190 1474
191 1474
192 1475
193 1475
194 1475
195 1476
196 1476
197 1476
198 1476
199 1476
200 1476
201 1477
202 1477
203 1477
204 1477
205 1477
206 1477
207 1478
208 1478
209 1478
210 1478
211 1479
212 1479
213 1479
214 1479
215 1479
216 1479
217 1479
218 1479
219 1480
220 1480
221 1480
222 1480
223 1480
224 1480
225 1480
226 1480
227 1480
228 1480
229 1480
230 1480
231 1480
232 1481
233 1481
234 1481
235 1481
236 1481
237 1481
238 1481
239 1481
240 1481
241 1481
242 1481
243 1482
244 1482
245 1482
246 1482
247 1483
248 1483
249 1483
250 1483
251 1483
252 1483
253 1483
254 1482
255 1482
256 1482
257 1482
258 1482
259 1482
260 1482
261 1482
262 1482
263 1482
264 1482
265 1482
266 1482
267 1482
268 1482
269 1482
270 1482
271 1482
272 1482
273 1482
274 1482
275 1482
276 1482
277 1482
278 1482
279 1482
280 1482
281 1483
282 1483
283 1483
284 1483
285 1483
286 1483
287 1483
288 1483
289 1484
290 1484
291 1484
292 1484
293 1484
294 1484
295 1484
296 1485
297 1485
298 1485
299 1486
300 1486
301 1486
302 1486
303 1486
304 1486
305 1486
306 1486
307 1486
308 1486
309 1486
310 1486
311 1487
312 1487
313 1487
314 1487
315 1487
316 1487
317 1487
318 1487
319 1487
320 1487
321 1487
322 1487
323 1486
324 1486
325 1486
326 1486
327 1486
328 1486
329 1486
330 1486
331 1486
332 1486
333 1486
334 1486
335 1486
336 1486
337 1486
338 1486
339 1486
340 1486
341 1486
342 1486
343 1486
344 1486
345 1485
346 1485
347 1485
348 1485
349 1485
350 1485
351 1485
352 1485
353 1485
354 1485
355 1485
356 1485
357 1485
358 1485
359 1484
360 1485
361 1485
362 1485
363 1485
364 1485
365 1485
366 1486
367 1486
368 1486
369 1486
370 1486
371 1486
372 1486
373 1486
374 1486
375 1486
376 1486
377 1486
378 1486
379 1486
380 1486
381 1486
382 1486
383 1486
384 1486
385 1486
386 1486
387 1486
388 1486
389 1486
390 1486
391 1486
392 1486
393 1486
394 1486
395 1487
396 1487
397 1487
398 1488
399 1488
400 1488
401 1488
402 1488
403 1489
404 1489
405 1489
406 1489
407 1490
408 1490
409 1490
410 1490
411 1490
412 1490
413 1491
414 1491
415 1491
416 1491
417 1491
418 1491
419 1492
420 1492
421 1492
422 1492
423 1493
424 1493
425 1493
426 1494
427 1494
428 1494
429 1494
430 1495
431 1495
432 1495
433 1495
434 1495
435 1495
436 1495
437 1495
438 1495
439 1495
440 1495
441 1495
442 1495
443 1496
444 1496
445 1496
446 1496
447 1496
448 1496
449 1495
450 1495
451 1495
452 1495
453 1495
454 1495
455 1495
456 1495
457 1495
458 1494
459 1494
460 1494
461 1493
462 1493
463 1493
464 1492
465 1492
466 1492
467 1491
468 1491
469 1490
470 1490
471 1490
472 1490
473 1490
474 1489
475 1489
476 1489
477 1489
478 1488
479 1488
480 1488
481 1488
482 1488
483 1488
484 1488
485 1488
486 1488
487 1488
488 1488
489 1488
490 1488
491 1488
492 1488
493 1488
494 1488
495 1488
496 1488
497 1488
498 1487
499 1487
500 1487
501 1488
502 1487
503 1487
504 1487
505 1487
506 1487
507 1486
508 1486
509 1486
510 1486
511 1486
512 1486
513 1486
514 1485
515 1485
516 1485
517 1485
518 1485
519 1485
520 1484
521 1484
522 1484
523 1484
524 1484
525 1483
526 1483
527 1483
528 1483
529 1482
530 1482
531 1482
532 1481
533 1481
534 1481
535 1480
536 1480
537 1480
538 1480
539 1480
540 1480
541 1479
542 1479
543 1479
544 1479
545 1479
546 1479
547 1478
548 1478
549 1478
550 1478
551 1478
552 1478
553 1478
554 1478
555 1478
556 1478
557 1478
558 1478
559 1478
560 1478
561 1478
562 1478
563 1478
564 1478
565 1479
566 1479
567 1479
568 1479
569 1479
570 1479
571 1479
572 1479
573 1479
574 1479
575 1479
576 1479
577 1480
578 1480
579 1480
580 1480
581 1480
582 1480
583 1480
584 1480
585 1480
586 1480
587 1480
588 1480
589 1480
590 1480
591 1480
592 1480
593 1480
594 1479
595 1479
596 1479
597 1479
598 1479
599 1478
600 1478
601 1478
602 1477
603 1477
604 1476
605 1475
606 1474
607 1473
608 1472
609 1471
610 1470
611 1469
611 1468
612 1467
613 1466
614 1465
615 1464
616 1463
617 1462
617 1461
618 1460
619 1459
620 1458
621 1457
622 1456
623 1455
623 1454
624 1453
625 1452
625 1451
626 1450
626 1449
627 1448
627 1447
628 1446
629 1445
630 1444
631 1443
632 1442
633 1441
634 1440
635 1439
636 1439
637 1438
638 1437
639 1437
640 1436
641 1435
642 1434
643 1433
644 1432
644 1431
645 1430
645 1429
646 1428
646 1427
647 1426
647 1425
648 1424
649 1423
649 1422
650 1421
651 1420
652 1419
653 1418
653 1417
654 1416
655 1415
655 1414
656 1413
656 1412
657 1411
657 1410
657 1409
658 1408
658 1407
658 1406
659 1405
659 1404
660 1403
660 1402
660 1401
660 1400
660 1399
660 1398
660 1397
660 1396
660 1395
660 1394
660 1393
660 1392
660 1391
660 1390
660 1389
660 1388
660 1387
659 1386
659 1385
659 1384
658 1383
658 1382
658 1381
657 1380
657 1379
656 1378
656 1377
655 1376
655 1375
655 1374
654 1373
654 1372
654 1371
653 1370
653 1369
652 1368
652 1367
651 1366
651 1365
650 1364
650 1363
649 1362
648 1361
647 1360
646 1359
645 1358
644 1357
643 1356
642 1355
641 1354
640 1353
639 1353
638 1352
637 1351
636 1350
635 1349
634 1349
633 1348
632 1347
631 1347
630 1346
629 1346
628 1345
627 1345
626 1345
625 1344
624 1344
623 1343
622 1343
621 1343
620 1343
619 1343
618 1343
617 1342
616 1342
615 1342
614 1342
613 1342
612 1342
611 1342
610 1342
609 1342
608 1342
607 1343
606 1343
605 1343
604 1343
603 1343
602 1343
601 1343
600 1343
599 1343
598 1343
597 1343
596 1343
595 1343
594 1343
593 1343
592 1343
591 1344
590 1344
589 1344
588 1344
587 1344
586 1344
585 1344
584 1344
583 1344
582 1344
581 1344
580 1344
579 1344
578 1344
577 1343
576 1343
575 1343
574 1343
573 1343
572 1343
571 1343
570 1343
569 1343
568 1343
567 1343
566 1343
565 1343
564 1343
563 1343
562 1343
561 1343
560 1343
559 1343
558 1343
557 1343
556 1343
555 1343
554 1343
553 1343
552 1343
551 1343
550 1343
549 1343
548 1343
547 1343
546 1343
545 1343
544 1343
543 1343
542 1343
541 1343
540 1343
539 1343
538 1343
537 1343
536 1343
535 1342
534 1342
533 1342
532 1342
531 1341
530 1341
529 1341
528 1341
527 1341
526 1341
525 1340
524 1340
523 1340
522 1340
521 1340
520 1339
519 1339
518 1339
517 1339
516 1339
515 1339
514 1339
513 1338
512 1338
511 1338
510 1338
509 1337
508 1337
507 1337
506 1337
505 1337
504 1337
503 1337
502 1337
501 1337
500 1337
499 1337
498 1336
497 1336
496 1336
495 1336
494 1336
493 1336
492 1336
491 1335
490 1335
489 1335
488 1335
487 1335
486 1335
485 1334
484 1334
483 1334
482 1334
481 1334
480 1334
479 1334
478 1334
477 1333
476 1333
475 1333
474 1333
473 1333
472 1333
471 1333
470 1333
469 1332
468 1332
467 1332
466 1332
465 1332
464 1331
463 1331
462 1331
461 1330
460 1330
459 1329
458 1329
457 1329
456 1328
455 1328
454 1328
453 1328
452 1327
451 1327
450 1326
449 1326
448 1326
447 1326
446 1325
445 1325
444 1325
443 1325
442 1325
441 1325
440 1325
439 1325
438 1325
437 1325
436 1325
435 1325
434 1325
433 1325
432 1325
431 1325
430 1325
429 1325
428 1325
427 1325
426 1325
425 1325
424 1325
423 1325
422 1325
421 1325
420 1325
419 1325
418 1324
417 1324
416 1324
415 1324
414 1324
413 1324
412 1324
411 1324
410 1324
409 1323
408 1323
407 1323
406 1323
405 1322
404 1322
403 1322
402 1322
401 1322
400 1322
399 1322
398 1322
397 1321
396 1321
395 1321
394 1321
393 1321
392 1321
391 1320
390 1320
389 1320
388 1320
387 1320
386 1320
385 1319
384 1319
383 1319
382 1319
381 1318
380 1318
379 1318
378 1318
377 1318
376 1318
375 1318
374 1318
373 1318
