525 1561
524 1562
523 1562
522 1562
521 1563
520 1563
519 1564
518 1564
517 1564
516 1565
515 1565
514 1565
513 1565
512 1565
511 1565
510 1565
509 1565
508 1565
507 1564
506 1564
505 1564
504 1564
503 1565
502 1565
501 1565
500 1565
499 1565
498 1565
497 1565
496 1565
495 1565
494 1565
493 1565
492 1565
491 1565
490 1565
489 1565
488 1565
487 1566
486 1566
485 1566
484 1566
483 1566
482 1566
481 1566
480 1566
479 1566
478 1566
477 1566
476 1566
475 1566
474 1566
473 1566
472 1566
471 1566
470 1567
469 1567
468 1567
467 1567
466 1567
465 1567
464 1568
463 1568
462 1568
461 1568
460 1568
459 1568
458 1567
457 1567
456 1567
455 1566
454 1566
453 1566
452 1566
451 1566
450 1566
449 1566
448 1566
447 1566
446 1566
445 1566
444 1566
443 1566
442 1566
441 1566
440 1566
439 1566
438 1566
437 1566
436 1566
435 1566
434 1566
433 1566
432 1566
431 1566
430 1566
429 1566
428 1567
427 1567
426 1567
425 1567
424 1567
423 1567
422 1568
421 1568
420 1568
419 1568
418 1568
417 1569
416 1569
415 1569
414 1569
413 1569
412 1569
411 1569
410 1569
409 1569
408 1569
407 1570
406 1570
405 1570
404 1570
403 1570
402 1570
401 1570
400 1570
399 1570
398 1570
397 1570
396 1570
395 1569
394 1569
393 1569
392 1569
391 1569
390 1569
389 1569
388 1570
387 1570
386 1570
385 1570
384 1570
383 1570
382 1570
381 1570
380 1570
379 1570
378 1570
377 1570
376 1571
375 1571
374 1571
373 1571
372 1571
371 1571
370 1570
369 1570
368 1570
367 1570
366 1570
365 1570
364 1570
363 1570
362 1570
361 1570
360 1570
359 1570
358 1571
357 1571
356 1572
355 1572
354 1573
353 1573
352 1574
351 1574
350 1575
349 1575
348 1575
347 1575
346 1575
345 1576
344 1576
343 1576
342 1576
341 1576
340 1576
339 1576
338 1576
337 1576
336 1576
335 1576
334 1576
333 1576
332 1576
331 1576
330 1576
329 1576
328 1576
327 1576
326 1576
325 1576
324 1576
323 1576
322 1576
321 1576
320 1577
319 1577
318 1577
317 1577
316 1578
315 1578
314 1578
313 1578
312 1578
311 1578
310 1578
309 1578
308 1578
307 1578
306 1578
305 1578
304 1578
303 1577
302 1577
301 1577
300 1577
299 1577
298 1577
297 1576
296 1576
295 1576
294 1575
293 1575
292 1574
291 1574
290 1574
289 1573
288 1573
287 1573
286 1573
285 1574
284 1574
283 1574
282 1575
281 1575
280 1574
279 1575
278 1575
277 1575
276 1575
275 1575
274 1575
273 1575
272 1575
271 1576
270 1576
269 1576
268 1576
267 1576
266 1577
265 1577
264 1578
263 1578
262 1578
261 1578
260 1579
259 1579
258 1579
257 1579
256 1579
255 1580
254 1580
253 1581
252 1581
251 1581
250 1582
249 1582
248 1582
247 1582
246 1582
245 1582
244 1582
243 1582
242 1582
241 1582
240 1582
239 1582
238 1582
237 1582
236 1582
235 1582
234 1582
233 1582
232 1582
231 1582
230 1582
229 1582
228 1582
227 1582
226 1582
225 1582
224 1583
223 1583
222 1584
221 1584
220 1584
219 1584
218 1585
217 1585
216 1585
215 1586
214 1586
213 1587
212 1587
211 1587
210 1588
209 1588
208 1588
207 1589
206 1589
205 1589
204 1589
203 1589
202 1589
201 1589
200 1589
199 1589
198 1589
197 1589
196 1589
195 1589
194 1589
193 1589
192 1589
191 1590
190 1591
189 1591
188 1592
187 1592
186 1593
185 1593
184 1594
183 1594
182 1594
181 1595
180 1595
179 1595
178 1595
177 1595
176 1595
175 1596
174 1596
173 1596
172 1596
171 1596
170 1596
169 1596
168 1596
167 1596
166 1597
165 1597
164 1597
163 1597
162 1597
161 1598
160 1598
159 1598
158 1598
157 1598
156 1598
155 1598
154 1599
153 1599
152 1599
151 1600
150 1600
149 1600
148 1600
147 1600
146 1600
145 1600
144 1600
143 1600
142 1600
141 1600
140 1600
139 1600
138 1600
137 1600
136 1600
135 1600
134 1600
133 1600
132 1600
131 1600
130 1600
129 1600
128 1600
127 1601
126 1601
125 1601
124 1601
123 1601
122 1601
121 1601
120 1601
119 1601
118 1601
117 1601
116 1601
115 1601
114 1601
113 1600
112 1600
111 1600
110 1600
109 1600
108 1600
107 1600
106 1600
105 1600
104 1600
103 1600
102 1601
101 1601
100 1601
99 1601
98 1602
97 1602
96 1602
95 1602
94 1603
93 1603
92 1603
91 1604
90 1604
89 1605
88 1605
87 1605
86 1605
85 1605
84 1605
83 1605
82 1605
81 1606
80 1606
79 1606
78 1607
77 1607
76 1607
75 1607
74 1607
73 1608
72 1608
71 1609
70 1609
69 1610
68 1610
67 1610
66 1611
65 1612
64 1612
63 1613
62 1614
61 1615
60 1616
59 1617
58 1617
57 1618
56 1618
55 1619
54 1619
53 1620
52 1620
52 1621
51 1622
50 1623
50 1624
49 1625
49 1626
48 1627
48 1628
47 1629
47 1630
47 1631
46 1632
46 1633
45 1634
44 1635
44 1636
43 1637
43 1638
42 1639
42 1640
41 1641
41 1642
40 1643
40 1644
39 1645
39 1646
38 1647
38 1648
38 1649
38 1650
38 1651
38 1652
39 1653
39 1654
40 1654
41 1655
42 1655
43 1656
44 1656
45 1656
46 1656
47 1656
48 1657
49 1657
50 1657
51 1657
52 1657
53 1658
54 1658
55 1658
56 1658
57 1659
58 1659
59 1659
60 1660
61 1660
62 1660
63 1661
64 1661
65 1661
66 1662
67 1662
68 1662
69 1663
70 1663
71 1663
72 1664
73 1664
74 1664
75 1665
76 1665
77 1666
78 1666
79 1666
80 1666
81 1667
82 1667
83 1666
84 1667
85 1667
86 1667
87 1668
88 1668
89 1668
90 1668
91 1668
92 1669
93 1669
94 1669
95 1669
96 1669
97 1669
98 1669
99 1669
100 1670
101 1670
102 1670
103 1670
104 1670
105 1671
106 1671
107 1672
108 1672
109 1672
110 1672
111 1672
112 1673
113 1673
114 1673
115 1673
116 1673
117 1673
118 1673
119 1674
120 1674
121 1674
122 1675
123 1675
124 1675
125 1675
126 1676
127 1676
128 1676
129 1676
130 1676
131 1676
132 1676
133 1676
134 1676
135 1676
136 1676
137 1677
138 1677
139 1677
140 1677
141 1677
142 1678
143 1678
144 1678
145 1678
146 1678
147 1678
148 1678
149 1678
150 1679
151 1679
152 1679
153 1679
154 1679
155 1679
156 1679
157 1679
158 1679
159 1679
160 1680
161 1680
162 1680
163 1680
164 1680
165 1679
166 1679
167 1679
168 1679
169 1679
170 1679
171 1679
172 1679
173 1679
174 1679
175 1679
176 1679
177 1679
178 1679
179 1679
180 1679
181 1680
182 1680
183 1680
184 1680
185 1680
186 1680
187 1680
188 1680
189 1680
190 1680
191 1681
192 1681
193 1681
194 1681
195 1681
196 1681
197 1681
198 1682
199 1681
200 1681
201 1681
202 1681
203 1682
204 1682
205 1682
206 1682
207 1682
208 1682
209 1682
210 1683
211 1683
212 1683
213 1683
214 1684
215 1684
216 1684
217 1684
218 1683
219 1683
220 1683
221 1683
222 1683
223 1683
224 1682
225 1682
226 1682
227 1682
228 1682
229 1682
230 1682
231 1682
232 1682
233 1682
234 1682
235 1682
236 1682
237 1682
238 1682
239 1682
240 1682
241 1682
242 1682
243 1682
244 1682
245 1682
246 1682
247 1682
248 1682
249 1682
250 1682
251 1682
252 1682
253 1682
254 1682
255 1682
256 1683
257 1683
258 1683
259 1683
260 1683
261 1683
262 1683
263 1683
264 1683
265 1683
266 1683
267 1683
268 1683
269 1684
270 1684
271 1684
272 1684
273 1684
274 1685
275 1685
276 1685
277 1685
278 1686
279 1686
280 1686
281 1686
282 1686
283 1686
284 1686
285 1686
286 1686
287 1686
288 1686
289 1686
290 1686
291 1686
292 1686
293 1686
294 1686
295 1686
296 1686
297 1686
298 1686
299 1685
300 1685
301 1685
302 1685
303 1685
304 1685
305 1685
306 1685
307 1686
308 1686
309 1686
310 1686
311 1686
312 1686
313 1687
314 1687
315 1687
316 1687
317 1687
318 1688
319 1688
320 1688
321 1688
322 1688
323 1688
324 1688
325 1688
326 1688
327 1688
328 1688
329 1688
330 1688
331 1688
332 1688
333 1688
334 1688
335 1688
336 1688
337 1688
338 1688
339 1688
340 1688
341 1688
342 1688
343 1688
344 1688
345 1688
346 1688
347 1688
348 1688
349 1688
350 1688
351 1688
352 1688
353 1688
354 1688
355 1688
356 1688
357 1688
358 1688
359 1688
360 1688
361 1687
362 1687
363 1687
364 1687
365 1687
366 1687
367 1687
368 1687
369 1687
370 1687
371 1687
372 1687
373 1688
374 1688
375 1688
376 1688
377 1688
378 1689
379 1689
380 1689
381 1689
382 1689
383 1689
384 1689
385 1689
386 1689
387 1689
388 1689
389 1689
390 1689
391 1689
392 1689
393 1689
394 1689
395 1689
396 1689
397 1689
398 1689
399 1689
400 1689
401 1689
402 1690
403 1690
404 1690
405 1691
406 1691
407 1691
408 1692
409 1692
410 1692
411 1692
412 1692
413 1692
414 1692
415 1692
416 1692
417 1692
418 1691
419 1691
420 1691
421 1691
422 1691
423 1691
424 1691
425 1691
426 1691
427 1691
428 1691
429 1691
430 1691
431 1691
432 1692
433 1692
434 1692
435 1692
436 1692
437 1692
438 1692
439 1693
440 1693
441 1693
442 1693
443 1693
444 1693
445 1693
446 1693
447 1693
448 1693
449 1693
450 1692
451 1692
452 1692
453 1692
454 1692
455 1692
456 1692
457 1692
458 1692
459 1691
460 1691
461 1692
462 1692
463 1692
464 1692
465 1692
466 1692
467 1692
468 1692
469 1693
470 1693
471 1693
472 1693
473 1693
474 1693
475 1693
476 1693
477 1693
478 1693
479 1693
480 1693
481 1693
482 1693
483 1693
484 1693
485 1693
486 1693
487 1693
488 1693
489 1693
490 1693
491 1693
492 1693
493 1693
494 1693
495 1693
496 1693
497 1693
498 1693
499 1693
500 1693
501 1693
502 1693
503 1693
504 1693
505 1693
506 1693
507 1693
508 1694
509 1694
510 1694
511 1694
512 1694
513 1694
514 1694
515 1694
516 1694
517 1695
518 1695
519 1695
520 1695
521 1695
522 1695
523 1695
524 1695
525 1695
526 1695
527 1695
528 1695
529 1695
530 1695
531 1694
532 1694
533 1694
534 1694
535 1694
536 1694
537 1694
538 1694
539 1694
540 1694
541 1694
542 1695
543 1695
544 1695
545 1695
546 1695
547 1695
548 1695
549 1696
550 1696
551 1696
552 1696
553 1696
554 1697
555 1697
556 1697
557 1697
558 1697
559 1698
560 1698
561 1698
562 1698
563 1698
564 1699
565 1699
566 1698
567 1698
568 1698
569 1698
570 1698
571 1698
572 1698
573 1697
574 1698
575 1698
576 1698
577 1698
578 1698
579 1697
580 1697
581 1697
582 1697
583 1696
584 1696
585 1696
586 1695
587 1695
588 1695
589 1695
590 1694
591 1694
592 1694
593 1694
594 1694
595 1694
596 1694
597 1694
598 1694
599 1694
600 1694
601 1694
602 1693
603 1693
604 1693
605 1693
606 1693
607 1692
608 1692
609 1692
610 1692
611 1692
612 1692
613 1692
614 1692
615 1692
616 1692
617 1692
618 1692
619 1692
620 1692
621 1692
622 1692
623 1692
624 1693
625 1693
626 1693
627 1693
628 1693
629 1693
630 1693
631 1693
632 1693
633 1693
634 1693
635 1692
636 1691
637 1691
638 1690
639 1690
640 1689
641 1689
642 1688
643 1688
644 1687
645 1687
646 1686
647 1686
648 1685
649 1685
650 1685
651 1684
652 1684
653 1683
654 1682
655 1682
656 1681
657 1681
658 1680
658 1679
659 1678
659 1677
659 1676
660 1675
660 1674
660 1673
661 1672
661 1671
661 1670
662 1669
662 1668
662 1667
662 1666
662 1665
662 1664
662 1663
662 1662
662 1661
662 1660
662 1659
662 1658
662 1657
663 1656
663 1655
664 1654
664 1653
664 1652
664 1651
664 1650
664 1649
664 1648
664 1647
664 1646
664 1645
664 1644
664 1643
664 1642
664 1641
664 1640
664 1639
664 1638
664 1637
664 1636
663 1635
663 1634
663 1633
662 1632
661 1631
661 1630
660 1629
659 1628
658 1627
657 1626
656 1625
655 1624
655 1623
654 1622
653 1621
652 1620
652 1619
651 1618
650 1617
650 1616
649 1615
648 1614
648 1613
647 1612
646 1611
646 1610
645 1609
645 1608
644 1607
644 1606
643 1605
643 1604
643 1603
642 1602
641 1601
641 1600
640 1599
640 1598
639 1597
638 1596
638 1595
637 1594
636 1593
635 1592
634 1591
634 1590
633 1589
632 1588
631 1587
630 1586
629 1585
628 1584
627 1584
626 1583
625 1583
624 1583
623 1582
622 1582
621 1581
620 1581
619 1580
618 1579
617 1578
616 1577
615 1576
614 1575
613 1574
612 1573
611 1573
610 1573
609 1572
608 1572
607 1572
606 1572
605 1572
604 1572
603 1572
602 1572
601 1572
600 1572
599 1571
598 1571
597 1571
596 1571
595 1571
594 1571
593 1571
592 1571
591 1571
590 1571
589 1571
588 1570
587 1570
586 1570
585 1570
584 1569
583 1569
582 1569
581 1569
580 1569
579 1569
578 1569
577 1569
576 1569
575 1569
574 1569
573 1569
572 1569
571 1569
570 1569
569 1569
568 1569
567 1569
566 1569
565 1569
564 1568
563 1568
562 1568
561 1568
560 1567
559 1567
558 1566
557 1565
556 1565
555 1564
554 1564
553 1563
552 1563
551 1563
550 1563
549 1562
548 1562
547 1562
546 1562
545 1562
544 1561
543 1561
542 1561
541 1561
540 1561
539 1561
538 1561
537 1561
536 1561
535 1561
534 1561
533 1561
532 1561
531 1561
530 1561
529 1561
528 1561
527 1561
526 1561
525 1561
