516 1758
515 1759
514 1759
513 1759
512 1759
511 1759
510 1759
509 1759
508 1759
507 1759
506 1759
505 1759
504 1759
503 1759
502 1759
501 1760
500 1760
499 1760
498 1760
497 1760
496 1760
495 1761
494 1761
493 1761
492 1762
491 1762
490 1762
489 1762
488 1762
487 1763
486 1763
485 1763
484 1763
483 1764
482 1764
481 1764
480 1764
479 1764
478 1765
477 1765
476 1765
475 1765
474 1766
473 1766
472 1766
471 1766
470 1766
469 1766
468 1767
467 1767
466 1768
465 1768
464 1768
463 1768
462 1768
461 1768
460 1768
459 1768
458 1768
457 1768
456 1768
455 1769
454 1769
453 1769
452 1769
451 1769
450 1769
449 1769
448 1769
447 1770
446 1770
445 1770
444 1770
443 1770
442 1770
441 1770
440 1770
439 1770
438 1770
437 1770
436 1770
435 1770
434 1770
433 1770
432 1770
431 1770
430 1770
429 1770
428 1770
427 1771
426 1771
425 1771
424 1771
423 1771
422 1771
421 1771
420 1771
419 1771
418 1771
417 1771
416 1771
415 1770
414 1770
413 1770
412 1770
411 1770
410 1770
409 1770
408 1770
407 1770
406 1770
405 1770
404 1770
403 1770
402 1770
401 1770
400 1770
399 1770
398 1770
397 1770
396 1770
395 1770
394 1770
393 1770
392 1770
391 1770
390 1770
389 1770
388 1770
387 1770
386 1771
385 1771
384 1770
383 1770
382 1770
381 1770
380 1770
379 1770
378 1770
377 1770
376 1770
375 1770
374 1770
373 1770
372 1770
371 1770
370 1770
369 1770
368 1770
367 1770
366 1770
365 1770
364 1770
363 1770
362 1770
361 1770
360 1770
359 1770
358 1770
357 1770
356 1771
355 1771
354 1771
353 1771
352 1771
351 1771
350 1771
349 1771
348 1771
347 1771
346 1771
345 1771
344 1771
343 1771
342 1771
341 1771
340 1771
339 1771
338 1771
337 1771
336 1772
335 1772
334 1772
333 1772
332 1772
331 1772
330 1772
329 1773
328 1773
327 1774
326 1774
325 1774
324 1774
323 1774
322 1774
321 1774
320 1774
319 1774
318 1774
317 1774
316 1774
315 1774
314 1774
313 1774
312 1774
311 1774
310 1774
309 1774
308 1774
307 1774
306 1774
305 1775
304 1775
303 1775
302 1775
301 1775
300 1775
299 1775
298 1775
297 1775
296 1776
295 1776
294 1776
293 1776
292 1776
291 1777
290 1777
289 1777
288 1777
287 1777
286 1777
285 1777
284 1777
283 1777
282 1777
281 1777
280 1777
279 1777
278 1777
277 1777
276 1777
275 1777
274 1777
273 1777
272 1777
271 1777
270 1778
269 1778
268 1778
267 1778
266 1778
265 1778
264 1778
263 1778
262 1778
261 1778
260 1778
259 1778
258 1778
257 1778
256 1778
255 1778
254 1778
253 1778
252 1778
251 1778
250 1778
249 1778
248 1778
247 1777
246 1777
245 1777
244 1777
243 1777
242 1777
241 1777
240 1777
239 1776
238 1776
237 1776
236 1776
235 1776
234 1776
233 1776
232 1776
231 1776
230 1776
229 1776
228 1776
227 1777
226 1777
225 1777
224 1777
223 1777
222 1777
221 1777
220 1777
219 1777
218 1777
217 1777
216 1777
215 1778
214 1778
213 1778
212 1778
211 1778
210 1778
209 1778
208 1778
207 1778
206 1778
205 1778
204 1778
203 1778
202 1778
201 1778
200 1778
199 1778
198 1778
197 1778
196 1778
195 1778
194 1779
193 1779
192 1779
191 1779
190 1779
189 1779
188 1779
187 1779
186 1779
185 1779
184 1779
183 1779
182 1779
181 1779
180 1779
179 1779
178 1779
177 1779
176 1779
175 1779
174 1779
173 1779
172 1779
171 1779
170 1779
169 1779
168 1779
167 1779
166 1779
165 1779
164 1779
163 1779
162 1779
161 1780
160 1780
159 1780
158 1780
157 1780
156 1780
155 1780
154 1780
153 1780
152 1780
151 1780
150 1780
149 1780
148 1780
147 1780
146 1780
145 1780
144 1780
143 1780
142 1780
141 1780
140 1780
139 1780
138 1780
137 1780
136 1780
135 1780
134 1780
133 1780
132 1780
131 1780
130 1780
129 1779
128 1779
127 1779
126 1779
125 1779
124 1780
123 1780
122 1780
121 1780
120 1781
119 1781
118 1781
117 1781
116 1781
115 1782
114 1782
113 1782
112 1782
111 1782
110 1782
109 1782
108 1783
107 1783
106 1784
105 1784
104 1785
103 1785
102 1785
101 1785
100 1785
99 1785
98 1785
97 1786
96 1786
95 1787
94 1788
93 1789
92 1790
91 1791
90 1791
89 1791
88 1792
87 1793
86 1794
86 1795
85 1796
84 1797
83 1798
82 1798
81 1799
80 1800
79 1801
78 1802
78 1803
77 1804
76 1805
76 1806
76 1807
75 1808
75 1809
74 1810
74 1811
73 1812
72 1813
71 1814
70 1815
69 1816
68 1817
67 1818
66 1819
65 1819
64 1819
63 1819
62 1819
61 1820
60 1820
59 1821
58 1822
57 1823
56 1824
55 1825
54 1825
53 1826
52 1827
51 1827
50 1828
49 1829
48 1830
47 1831
46 1832
46 1833
45 1834
44 1835
43 1836
42 1837
42 1838
42 1839
41 1840
40 1841
39 1842
39 1843
38 1844
38 1845
38 1846
38 1847
38 1848
38 1849
38 1850
38 1851
38 1852
38 1853
38 1854
38 1855
38 1856
38 1857
38 1858
38 1859
38 1860
38 1861
38 1862
38 1863
38 1864
38 1865
38 1866
38 1867
38 1868
38 1869
38 1870
38 1871
39 1872
39 1873
39 1874
39 1875
39 1876
39 1877
39 1878
39 1879
39 1880
39 1881
39 1882
39 1883
39 1884
40 1885
40 1886
40 1887
40 1888
40 1889
40 1890
40 1891
40 1892
40 1893
40 1894
40 1895
40 1896
41 1897
41 1898
41 1899
42 1900
43 1901
43 1902
44 1902
45 1903
46 1903
47 1903
48 1903
49 1903
50 1903
51 1903
52 1903
53 1903
54 1903
55 1903
56 1903
57 1903
58 1903
59 1904
60 1904
61 1904
62 1904
63 1904
64 1904
65 1904
66 1904
67 1904
68 1904
69 1905
70 1905
71 1905
72 1905
73 1905
74 1906
75 1906
76 1906
77 1907
78 1907
79 1907
80 1908
81 1908
82 1908
83 1908
84 1909
85 1909
86 1909
87 1909
88 1910
89 1910
90 1910
91 1910
92 1911
93 1911
94 1911
95 1911
96 1911
97 1911
98 1911
99 1911
100 1911
101 1912
102 1912
103 1912
104 1912
105 1911
106 1911
107 1911
108 1911
109 1911
110 1910
111 1910
112 1910
113 1910
114 1910
115 1910
116 1910
117 1909
118 1909
119 1909
120 1909
121 1909
122 1909
123 1909
124 1909
125 1909
126 1909
127 1909
128 1909
129 1909
130 1909
131 1909
132 1909
133 1909
134 1909
135 1909
136 1909
137 1909
138 1909
139 1909
140 1910
141 1910
142 1910
143 1910
144 1910
145 1910
146 1910
147 1911
148 1911
149 1911
150 1911
151 1911
152 1911
153 1911
154 1912
155 1912
156 1912
157 1912
158 1912
159 1912
160 1913
161 1913
162 1913
163 1913
164 1913
165 1913
166 1913
167 1913
168 1913
169 1913
170 1913
171 1914
172 1914
173 1914
174 1914
175 1914
176 1914
177 1914
178 1915
179 1915
180 1915
181 1915
182 1915
183 1916
184 1916
185 1916
186 1916
187 1916
188 1916
189 1916
190 1917
191 1917
192 1917
193 1917
194 1917
195 1917
196 1917
197 1917
198 1917
199 1917
200 1916
201 1916
202 1916
203 1916
204 1916
205 1916
206 1916
207 1916
208 1916
209 1915
210 1915
211 1915
212 1915
213 1915
214 1915
215 1914
216 1914
217 1914
218 1914
219 1914
220 1914
221 1914
222 1914
223 1914
224 1915
225 1915
226 1915
227 1915
228 1915
229 1916
230 1916
231 1917
232 1917
233 1917
234 1917
235 1917
236 1917
237 1917
238 1917
239 1917
240 1918
241 1918
242 1918
243 1918
244 1918
245 1918
246 1918
247 1918
248 1918
249 1918
250 1918
251 1918
252 1918
253 1918
254 1918
255 1917
256 1917
257 1917
258 1916
259 1916
260 1916
261 1915
262 1915
263 1915
264 1915
265 1915
266 1914
267 1914
268 1914
269 1914
270 1914
271 1914
272 1914
273 1914
274 1914
275 1914
276 1914
277 1914
278 1914
279 1914
280 1914
281 1915
282 1915
283 1915
284 1915
285 1915
286 1915
287 1916
288 1916
289 1916
290 1916
291 1916
292 1916
293 1916
294 1916
295 1917
296 1917
297 1917
298 1917
299 1917
300 1917
301 1917
302 1917
303 1917
304 1917
305 1917
306 1917
307 1917
308 1917
309 1917
310 1917
311 1917
312 1917
313 1918
314 1918
315 1918
316 1918
317 1919
318 1919
319 1919
320 1919
321 1919
322 1919
323 1919
324 1919
325 1918
326 1918
327 1918
328 1918
329 1918
330 1918
331 1917
332 1917
333 1917
334 1917
335 1917
336 1916
337 1916
338 1916
339 1915
340 1915
341 1914
342 1914
343 1914
344 1914
345 1914
346 1913
347 1913
348 1912
349 1912
350 1911
351 1911
352 1911
353 1911
354 1911
355 1910
356 1910
357 1910
358 1910
359 1910
360 1910
361 1910
362 1910
363 1910
364 1910
365 1910
366 1910
367 1911
368 1911
369 1911
370 1911
371 1911
372 1911
373 1911
374 1911
375 1911
376 1911
377 1911
378 1911
379 1911
380 1911
381 1911
382 1911
383 1911
384 1912
385 1912
386 1912
387 1912
388 1912
389 1912
390 1912
391 1912
392 1913
393 1913
394 1914
395 1914
396 1914
397 1914
398 1915
399 1915
400 1915
401 1915
402 1915
403 1915
404 1915
405 1915
406 1915
407 1914
408 1914
409 1914
410 1914
411 1913
412 1913
413 1913
414 1913
415 1913
416 1913
417 1913
418 1913
419 1913
420 1913
421 1913
422 1913
423 1913
424 1913
425 1913
426 1913
427 1913
428 1913
429 1913
430 1913
431 1913
432 1913
433 1913
434 1913
435 1913
436 1913
437 1912
438 1912
439 1912
440 1912
441 1912
442 1912
443 1912
444 1912
445 1911
446 1911
447 1911
448 1911
449 1911
450 1911
451 1911
452 1911
453 1910
454 1910
455 1910
456 1910
457 1910
458 1910
459 1910
460 1909
461 1909
462 1909
463 1909
464 1909
465 1909
466 1909
467 1909
468 1909
469 1909
470 1909
471 1909
472 1909
473 1909
474 1909
475 1910
476 1910
477 1910
478 1910
479 1910
480 1911
481 1911
482 1911
483 1911
484 1911
485 1912
486 1912
487 1913
488 1913
489 1913
490 1914
491 1914
492 1914
493 1914
494 1914
495 1914
496 1914
497 1915
498 1915
499 1915
500 1915
501 1915
502 1915
503 1915
504 1915
505 1916
506 1916
507 1916
508 1916
509 1916
510 1916
511 1917
512 1917
513 1917
514 1917
515 1917
516 1917
517 1917
518 1917
519 1917
520 1917
521 1917
522 1917
523 1917
524 1917
525 1917
526 1917
527 1917
528 1917
529 1917
530 1917
531 1917
532 1917
533 1917
534 1917
535 1917
536 1917
537 1917
538 1917
539 1917
540 1917
541 1918
542 1918
543 1918
544 1918
545 1918
546 1919
547 1919
548 1919
549 1919
550 1920
551 1920
552 1920
553 1921
554 1921
555 1921
556 1921
557 1921
558 1921
559 1921
560 1921
561 1921
562 1921
563 1921
564 1920
565 1920
566 1920
567 1921
568 1921
569 1921
570 1921
571 1922
572 1922
573 1922
574 1923
575 1923
576 1923
577 1924
578 1924
579 1924
580 1924
581 1925
582 1925
583 1925
584 1926
585 1926
586 1926
587 1926
588 1926
589 1926
590 1926
591 1926
592 1926
593 1926
594 1926
595 1926
596 1926
597 1926
598 1926
599 1925
600 1925
601 1925
602 1925
603 1925
604 1925
605 1925
606 1925
607 1924
608 1924
609 1924
610 1924
611 1923
612 1923
613 1922
614 1922
615 1921
616 1921
617 1920
618 1919
619 1918
620 1917
621 1917
622 1916
623 1915
624 1914
624 1913
625 1912
626 1911
626 1910
627 1909
628 1908
629 1907
630 1906
631 1905
632 1904
633 1903
634 1903
635 1902
636 1901
637 1900
638 1899
639 1898
640 1897
641 1897
642 1896
643 1895
644 1894
644 1893
645 1892
646 1891
647 1890
648 1889
649 1888
650 1887
650 1886
651 1885
652 1884
653 1883
654 1882
655 1881
656 1880
657 1879
658 1878
659 1877
660 1876
661 1875
662 1874
663 1873
663 1872
664 1871
664 1870
664 1869
664 1868
664 1867
664 1866
664 1865
664 1864
664 1863
664 1862
664 1861
664 1860
664 1859
664 1858
664 1857
664 1856
664 1855
664 1854
664 1853
664 1852
663 1851
663 1850
663 1849
663 1848
663 1847
663 1846
663 1845
663 1844
663 1843
663 1842
663 1841
662 1840
662 1839
662 1838
662 1837
661 1836
661 1835
661 1834
661 1833
660 1832
660 1831
660 1830
660 1829
660 1828
660 1827
660 1826
659 1825
659 1824
659 1823
659 1822
658 1821
658 1820
658 1819
657 1818
657 1817
657 1816
656 1815
655 1814
654 1813
653 1812
652 1812
651 1811
650 1810
649 1810
648 1809
647 1809
646 1809
645 1808
644 1808
643 1807
642 1807
641 1807
640 1806
639 1806
638 1805
637 1804
636 1803
635 1803
634 1802
633 1801
632 1800
631 1799
630 1798
629 1797
628 1796
627 1796
626 1795
625 1794
624 1793
623 1792
622 1792
621 1791
620 1790
619 1789
618 1788
617 1787
616 1786
615 1785
614 1784
613 1783
612 1782
611 1782
610 1781
609 1780
608 1780
607 1779
606 1779
605 1778
604 1777
603 1776
602 1776
601 1775
600 1775
599 1774
598 1774
597 1773
596 1773
595 1772
594 1772
593 1771
592 1771
591 1770
590 1770
589 1769
588 1769
587 1768
586 1768
585 1768
584 1767
583 1767
582 1767
581 1766
580 1766
579 1766
578 1766
577 1765
576 1765
575 1764
574 1764
573 1764
572 1764
571 1764
570 1764
569 1764
568 1764
567 1764
566 1764
565 1764
564 1764
563 1764
562 1764
561 1764
560 1763
559 1763
558 1763
557 1763
556 1763
555 1763
554 1763
553 1762
552 1762
551 1762
550 1762
549 1762
548 1761
547 1761
546 1761
545 1761
544 1761
543 1761
542 1761
541 1761
540 1760
539 1760
538 1760
537 1760
536 1760
535 1759
534 1759
533 1759
532 1759
531 1759
530 1759
529 1759
528 1759
527 1759
526 1759
525 1759
524 1759
523 1759
522 1759
521 1759
520 1758
519 1758
518 1758
517 1758
516 1758
