558 1986
557 1987
556 1987
555 1987
554 1988
553 1988
552 1988
551 1988
550 1989
549 1989
548 1989
547 1989
546 1990
545 1990
544 1991
543 1991
542 1991
541 1992
540 1992
539 1992
538 1993
537 1993
536 1993
535 1993
534 1994
533 1994
532 1994
531 1994
530 1994
529 1995
528 1995
527 1995
526 1995
525 1996
524 1996
523 1997
522 1997
521 1997
520 1997
519 1997
518 1998
517 1998
516 1998
515 1998
514 1998
513 1998
512 1999
511 1999
510 1999
509 1999
508 1999
507 1999
506 1999
505 1999
504 1999
503 1999
502 1999
501 1999
500 2000
499 2000
498 2000
497 2000
496 2000
495 2000
494 2000
493 2000
492 2001
491 2001
490 2001
489 2001
488 2001
487 2001
486 2001
485 2001
484 2002
483 2002
482 2002
481 2002
480 2001
479 2001
478 2001
477 2001
476 2001
475 2001
474 2001
473 2001
472 2001
471 2001
470 2001
469 2001
468 2001
467 2001
466 2001
465 2001
464 2000
463 2000
462 2000
461 2000
460 2000
459 2000
458 2000
457 2000
456 2000
455 2000
454 2000
453 2000
452 2000
451 2000
450 2000
449 2000
448 2000
447 2000
446 2000
445 2000
444 2000
443 2000
442 2000
441 2000
440 2000
439 2000
438 2000
437 2000
436 2000
435 2000
434 2000
433 2000
432 2000
431 2000
430 2001
429 2001
428 2001
427 2001
426 2001
425 2001
424 2000
423 2000
422 2000
421 2000
420 2000
419 2000
418 2000
417 2000
416 2000
415 2000
414 2001
413 2001
412 2001
411 2001
410 2001
409 2001
408 2001
407 2001
406 2001
405 2001
404 2001
403 2001
402 2001
401 2001
400 2001
399 2001
398 2001
397 2001
396 2001
395 2001
394 2001
393 2001
392 2001
391 2001
390 2001
389 2001
388 2001
387 2001
386 2000
385 2000
384 2000
383 2000
382 2000
381 2000
380 2000
379 2000
378 2000
377 2000
376 2000
375 2000
374 2000
373 2000
372 2000
371 2000
370 2000
369 2000
368 2000
367 2000
366 2000
365 2000
364 2000
363 2000
362 2000
361 2000
360 2000
359 2000
358 1999
357 1999
356 1999
355 1999
354 1999
353 1999
352 1999
351 1999
350 1999
349 1999
348 1999
347 1999
346 1999
345 1999
344 1999
343 1999
342 2000
341 2000
340 2000
339 2000
338 2000
337 2000
336 2000
335 2000
334 2000
333 2000
332 2000
331 2000
330 2000
329 2000
328 2000
327 2000
326 2001
325 2001
324 2001
323 2001
322 2001
321 2001
320 2001
319 2001
318 2001
317 2001
316 2001
315 2001
314 2001
313 2001
312 2001
311 2001
310 2001
309 2002
308 2002
307 2002
306 2002
305 2002
304 2002
303 2003
302 2003
301 2003
300 2003
299 2003
298 2003
297 2003
296 2003
295 2004
294 2004
293 2004
292 2004
291 2004
290 2004
289 2004
288 2004
287 2004
286 2005
285 2005
284 2005
283 2005
282 2005
281 2006
280 2006
279 2006
278 2006
277 2006
276 2007
275 2007
274 2007
273 2007
272 2007
271 2007
270 2007
269 2008
268 2008
267 2008
266 2007
265 2007
264 2007
263 2008
262 2008
261 2008
260 2008
259 2008
258 2008
257 2008
256 2009
255 2009
254 2009
253 2008
252 2008
251 2007
250 2007
249 2007
248 2007
247 2007
246 2007
245 2007
244 2007
243 2007
242 2007
241 2007
240 2007
239 2007
238 2007
237 2007
236 2007
235 2007
234 2007
233 2007
232 2007
231 2007
230 2007
229 2007
228 2007
227 2007
226 2006
225 2006
224 2006
223 2006
222 2006
221 2006
220 2006
219 2007
218 2007
217 2007
216 2008
215 2008
214 2008
213 2008
212 2008
211 2008
210 2009
209 2009
208 2010
207 2010
206 2010
205 2010
204 2010
203 2010
202 2010
201 2010
200 2010
199 2009
198 2009
197 2008
196 2009
195 2009
194 2009
193 2008
192 2009
191 2009
190 2009
189 2009
188 2010
187 2010
186 2010
185 2011
184 2011
183 2011
182 2011
181 2011
180 2011
179 2012
178 2012
177 2013
176 2013
175 2014
174 2014
173 2014
172 2015
171 2015
170 2016
169 2016
168 2017
167 2017
166 2018
165 2018
164 2019
163 2019
162 2020
161 2020
160 2020
159 2020
158 2020
157 2021
156 2021
155 2021
154 2021
153 2022
152 2022
151 2022
150 2023
149 2023
148 2023
147 2023
146 2024
145 2023
144 2023
143 2023
142 2023
141 2023
140 2023
139 2023
138 2023
137 2023
136 2024
135 2024
134 2024
133 2024
132 2025
131 2025
130 2025
129 2025
128 2025
127 2025
126 2025
125 2026
124 2026
123 2026
122 2027
121 2027
120 2027
119 2027
118 2028
117 2028
116 2028
115 2028
114 2028
113 2028
112 2028
111 2028
110 2028
109 2028
108 2028
107 2028
106 2028
105 2028
104 2028
103 2028
102 2028
101 2027
100 2027
99 2027
98 2027
97 2027
96 2027
95 2027
94 2027
93 2027
92 2028
91 2028
90 2028
89 2028
88 2029
87 2029
86 2030
85 2030
84 2031
83 2031
82 2032
81 2032
80 2032
79 2033
78 2033
77 2034
76 2034
75 2035
74 2035
73 2036
72 2036
71 2037
70 2038
69 2038
68 2039
67 2040
66 2041
65 2042
64 2043
63 2044
62 2045
62 2046
61 2047
60 2048
59 2049
58 2050
57 2051
56 2052
55 2053
54 2054
53 2054
52 2055
51 2056
50 2057
49 2058
48 2059
48 2060
47 2061
46 2062
45 2063
44 2064
44 2065
43 2066
42 2067
42 2068
42 2069
42 2070
42 2071
42 2072
43 2073
44 2074
44 2075
44 2076
45 2077
45 2078
46 2079
47 2079
48 2080
49 2080
50 2081
51 2082
52 2083
53 2084
54 2085
55 2085
56 2086
57 2087
58 2088
59 2088
60 2089
61 2089
62 2089
63 2090
64 2090
65 2091
66 2091
67 2092
68 2093
68 2094
69 2095
69 2096
70 2097
71 2098
72 2099
73 2100
74 2100
75 2101
76 2101
77 2101
78 2101
79 2102
80 2102
81 2102
82 2102
83 2102
84 2102
85 2102
86 2103
87 2103
88 2103
89 2104
90 2104
91 2104
92 2104
93 2104
94 2104
95 2105
96 2105
97 2105
98 2105
99 2105
100 2105
101 2105
102 2105
103 2105
104 2106
105 2106
106 2106
107 2106
108 2106
109 2107
110 2107
111 2107
112 2107
113 2108
114 2108
115 2108
116 2108
117 2109
118 2109
119 2110
120 2110
121 2110
122 2111
123 2111
124 2111
125 2111
126 2111
127 2111
128 2111
129 2112
130 2112
131 2112
132 2112
133 2113
134 2113
135 2113
136 2114
137 2114
138 2114
139 2114
140 2114
141 2114
142 2115
143 2115
144 2115
145 2115
146 2115
147 2116
148 2116
149 2116
150 2117
151 2117
152 2117
153 2117
154 2118
155 2118
156 2118
157 2118
158 2119
159 2119
160 2119
161 2119
162 2120
163 2121
164 2121
165 2121
166 2121
167 2121
168 2121
169 2122
170 2122
171 2123
172 2123
173 2124
174 2124
175 2124
176 2125
177 2125
178 2126
179 2126
180 2127
181 2127
182 2127
183 2127
184 2128
185 2128
186 2129
187 2129
188 2129
189 2129
190 2129
191 2129
192 2129
193 2129
194 2129
195 2129
196 2129
197 2129
198 2129
199 2129
200 2129
201 2129
202 2128
203 2128
204 2128
205 2128
206 2128
207 2128
208 2128
209 2127
210 2127
211 2127
212 2127
213 2126
214 2126
215 2125
216 2125
217 2125
218 2125
219 2124
220 2124
221 2124
222 2123
223 2123
224 2123
225 2123
226 2123
227 2123
228 2123
229 2123
230 2123
231 2123
232 2123
233 2123
234 2123
235 2123
236 2123
237 2123
238 2123
239 2123
240 2123
241 2123
242 2123
243 2123
244 2123
245 2123
246 2122
247 2122
248 2122
249 2122
250 2122
251 2122
252 2122
253 2122
254 2122
255 2122
256 2122
257 2122
258 2122
259 2122
260 2122
261 2122
262 2122
263 2122
264 2122
265 2122
266 2122
267 2122
268 2123
269 2123
270 2123
271 2123
272 2123
273 2123
274 2124
275 2124
276 2124
277 2124
278 2124
279 2125
280 2125
281 2125
282 2125
283 2125
284 2125
285 2125
286 2125
287 2125
288 2126
289 2126
290 2126
291 2126
292 2127
293 2127
294 2127
295 2127
296 2127
297 2128
298 2128
299 2128
300 2128
301 2128
302 2129
303 2129
304 2129
305 2129
306 2129
307 2129
308 2129
309 2130
310 2130
311 2130
312 2130
313 2130
314 2131
315 2131
316 2132
317 2132
318 2132
319 2133
320 2133
321 2133
322 2133
323 2133
324 2133
325 2133
326 2133
327 2133
328 2134
329 2134
330 2134
331 2134
332 2135
333 2135
334 2136
335 2137
336 2137
337 2137
338 2137
339 2138
340 2139
341 2139
342 2140
343 2140
344 2140
345 2141
346 2141
347 2141
348 2141
349 2141
350 2141
351 2142
352 2142
353 2142
354 2142
355 2142
356 2142
357 2142
358 2142
359 2143
360 2143
361 2143
362 2143
363 2143
364 2143
365 2143
366 2143
367 2143
368 2143
369 2143
370 2143
371 2142
372 2142
373 2142
374 2142
375 2142
376 2141
377 2141
378 2141
379 2140
380 2140
381 2140
382 2140
383 2140
384 2139
385 2139
386 2139
387 2139
388 2139
389 2139
390 2139
391 2139
392 2139
393 2139
394 2139
395 2140
396 2140
397 2140
398 2140
399 2140
400 2140
401 2140
402 2140
403 2140
404 2140
405 2140
406 2140
407 2139
408 2139
409 2139
410 2139
411 2139
412 2139
413 2139
414 2139
415 2139
416 2139
417 2140
418 2140
419 2140
420 2140
421 2141
422 2141
423 2141
424 2141
425 2142
426 2142
427 2142
428 2142
429 2142
430 2142
431 2142
432 2142
433 2142
434 2142
435 2142
436 2142
437 2142
438 2142
439 2142
440 2142
441 2142
442 2142
443 2142
444 2142
445 2142
446 2142
447 2142
448 2142
449 2142
450 2143
451 2143
452 2143
453 2143
454 2142
455 2142
456 2142
457 2142
458 2142
459 2142
460 2142
461 2143
462 2143
463 2143
464 2143
465 2143
466 2143
467 2143
468 2142
469 2142
470 2141
471 2141
472 2141
473 2141
474 2140
475 2140
476 2140
477 2140
478 2140
479 2140
480 2140
481 2140
482 2140
483 2140
484 2140
485 2139
486 2139
487 2139
488 2139
489 2139
490 2138
491 2138
492 2138
493 2138
494 2138
495 2138
496 2138
497 2138
498 2138
499 2138
500 2138
501 2138
502 2138
503 2138
504 2138
505 2138
506 2138
507 2138
508 2138
509 2137
510 2137
511 2137
512 2137
513 2137
514 2136
515 2136
516 2136
517 2135
518 2135
519 2135
520 2134
521 2134
522 2134
523 2134
524 2134
525 2133
526 2133
527 2133
528 2133
529 2132
530 2132
531 2132
532 2132
533 2131
534 2132
535 2132
536 2132
537 2131
538 2131
539 2131
540 2131
541 2131
542 2130
543 2130
544 2130
545 2129
546 2129
547 2129
548 2129
549 2129
550 2129
551 2128
552 2128
553 2128
554 2128
555 2128
556 2128
557 2128
558 2128
559 2128
560 2128
561 2128
562 2128
563 2128
564 2128
565 2128
566 2127
567 2127
568 2127
569 2126
570 2126
571 2125
572 2125
573 2125
574 2125
575 2124
576 2124
577 2124
578 2123
579 2123
580 2123
581 2123
582 2123
583 2123
584 2123
585 2123
586 2123
587 2123
588 2123
589 2123
590 2123
591 2123
592 2123
593 2123
594 2123
595 2123
596 2124
597 2124
598 2124
599 2124
600 2124
601 2125
602 2125
603 2125
604 2125
605 2125
606 2125
607 2125
608 2125
609 2125
610 2125
611 2125
612 2125
613 2125
614 2125
615 2125
616 2125
617 2125
618 2126
619 2126
620 2126
621 2126
622 2125
623 2125
624 2125
625 2125
626 2125
627 2124
628 2124
629 2124
630 2124
631 2123
632 2123
633 2123
634 2122
635 2122
636 2121
637 2121
638 2120
639 2120
640 2119
641 2119
642 2118
643 2118
644 2117
645 2117
646 2116
647 2116
648 2115
649 2114
650 2113
651 2112
651 2111
652 2110
653 2109
654 2108
655 2107
655 2106
656 2105
657 2104
657 2103
658 2102
658 2101
659 2100
660 2099
661 2098
661 2097
662 2096
663 2095
663 2094
664 2093
664 2092
665 2091
665 2090
666 2089
666 2088
666 2087
667 2086
667 2085
667 2084
668 2083
667 2082
668 2081
668 2080
668 2079
668 2078
669 2077
669 2076
669 2075
669 2074
669 2073
669 2072
668 2071
668 2070
668 2069
667 2068
667 2067
667 2066
667 2065
667 2064
666 2063
667 2062
666 2061
666 2060
666 2059
666 2058
666 2057
666 2056
666 2055
666 2054
665 2053
665 2052
664 2051
664 2050
663 2049
662 2048
662 2047
661 2046
660 2045
659 2044
659 2043
658 2042
657 2041
656 2040
655 2039
654 2038
653 2037
652 2037
651 2036
650 2035
649 2034
648 2034
647 2033
646 2033
645 2032
644 2032
643 2031
642 2030
641 2029
641 2028
640 2027
640 2026
639 2025
639 2024
639 2023
638 2022
638 2021
638 2020
637 2019
637 2018
636 2017
636 2016
635 2015
635 2014
634 2013
633 2012
633 2011
633 2010
632 2010
631 2009
630 2008
629 2007
628 2007
627 2007
626 2006
625 2006
624 2005
623 2004
622 2004
621 2003
620 2003
619 2002
618 2002
617 2001
616 2001
615 2000
614 2000
613 1999
612 1998
611 1998
610 1997
609 1997
608 1996
607 1996
606 1996
605 1996
604 1996
603 1996
602 1995
601 1995
600 1994
599 1993
598 1992
597 1991
597 1990
596 1989
595 1989
594 1988
593 1988
592 1988
591 1988
590 1988
589 1988
588 1988
587 1988
586 1988
585 1988
584 1988
583 1988
582 1988
581 1988
580 1988
579 1988
578 1988
577 1987
576 1987
575 1987
574 1987
573 1987
572 1986
571 1986
570 1986
569 1986
568 1987
567 1987
566 1987
565 1987
564 1986
563 1986
562 1986
561 1986
560 1986
559 1986
558 1986
