466 2208
465 2209
464 2209
463 2209
462 2210
461 2210
460 2210
459 2210
458 2210
457 2210
456 2210
455 2210
454 2210
453 2210
452 2211
451 2211
450 2211
449 2211
448 2212
447 2212
446 2213
445 2213
444 2214
443 2214
442 2215
441 2215
440 2216
439 2216
438 2217
437 2217
436 2217
435 2218
434 2218
433 2218
432 2218
431 2219
430 2219
429 2219
428 2219
427 2219
426 2219
425 2219
424 2219
423 2219
422 2219
421 2219
420 2219
419 2219
418 2219
417 2219
416 2218
415 2218
414 2218
413 2218
412 2218
411 2217
410 2217
409 2217
408 2217
407 2217
406 2217
405 2217
404 2217
403 2217
402 2216
401 2216
400 2216
399 2216
398 2216
397 2216
396 2216
395 2216
394 2216
393 2216
392 2216
391 2216
390 2216
389 2216
388 2216
387 2216
386 2216
385 2216
384 2216
383 2216
382 2216
381 2215
380 2215
379 2215
378 2215
377 2215
376 2215
375 2215
374 2215
373 2215
372 2215
371 2215
370 2215
369 2215
368 2215
367 2215
366 2215
365 2215
364 2216
363 2216
362 2217
361 2217
360 2217
359 2217
358 2217
357 2217
356 2217
355 2217
354 2217
353 2217
352 2217
351 2217
350 2217
349 2217
348 2217
347 2217
346 2217
345 2217
344 2217
343 2217
342 2217
341 2217
340 2217
339 2217
338 2217
337 2217
336 2217
335 2217
334 2217
333 2217
332 2217
331 2218
330 2217
329 2217
328 2217
327 2217
326 2218
325 2218
324 2218
323 2219
322 2219
321 2219
320 2219
319 2219
318 2220
317 2220
316 2220
315 2220
314 2220
313 2221
312 2221
311 2221
310 2221
309 2221
308 2221
307 2221
306 2221
305 2221
304 2221
303 2221
302 2221
301 2221
300 2221
299 2221
298 2221
297 2221
296 2221
295 2222
294 2222
293 2222
292 2222
291 2222
290 2222
289 2222
288 2222
287 2222
286 2222
285 2222
284 2223
283 2223
282 2223
281 2223
280 2223
279 2223
278 2223
277 2224
276 2224
275 2224
274 2224
273 2225
272 2225
271 2225
270 2226
269 2226
268 2226
267 2227
266 2228
265 2228
264 2229
263 2229
262 2229
261 2230
260 2230
259 2230
258 2230
257 2230
256 2230
255 2230
254 2231
253 2231
252 2231
251 2232
250 2232
249 2232
248 2232
247 2232
246 2232
245 2232
244 2232
243 2232
242 2232
241 2232
240 2231
239 2231
238 2230
237 2230
236 2230
235 2230
234 2230
233 2229
232 2230
231 2230
230 2230
229 2230
228 2230
227 2231
226 2231
225 2231
224 2231
223 2231
222 2231
221 2231
220 2232
219 2232
218 2232
217 2232
216 2232
215 2233
214 2233
213 2234
212 2234
211 2235
210 2235
209 2235
208 2235
207 2236
206 2236
205 2236
204 2236
203 2237
202 2237
201 2237
200 2238
199 2238
198 2238
197 2238
196 2238
195 2239
194 2239
193 2239
192 2239
191 2239
190 2239
189 2240
188 2240
187 2241
186 2241
185 2242
184 2242
183 2242
182 2242
181 2242
180 2242
179 2242
178 2242
177 2243
176 2243
175 2243
174 2243
173 2243
172 2243
171 2244
170 2244
169 2244
168 2245
167 2245
166 2245
165 2246
164 2246
163 2246
162 2246
161 2246
160 2247
159 2247
158 2247
157 2247
156 2248
155 2248
154 2248
153 2248
152 2249
151 2249
150 2248
149 2249
148 2249
147 2249
146 2250
145 2250
144 2250
143 2250
142 2251
141 2251
140 2251
139 2251
138 2251
137 2252
136 2252
135 2252
134 2252
133 2252
132 2252
131 2252
130 2252
129 2253
128 2254
127 2254
126 2254
125 2254
124 2254
123 2254
122 2254
121 2254
120 2254
119 2254
118 2254
117 2254
116 2254
115 2254
114 2254
113 2254
112 2254
111 2254
110 2254
109 2255
108 2255
107 2255
106 2255
105 2255
104 2255
103 2256
102 2256
101 2256
100 2257
99 2257
98 2257
97 2257
96 2257
95 2258
94 2258
93 2258
92 2259
91 2259
90 2259
89 2260
88 2261
87 2261
86 2262
85 2262
84 2262
83 2262
82 2262
81 2262
80 2263
79 2263
78 2263
77 2264
76 2265
75 2265
74 2266
73 2266
72 2266
71 2266
70 2266
69 2266
68 2266
67 2266
66 2266
65 2266
64 2266
63 2267
62 2268
61 2268
60 2268
59 2269
58 2270
57 2271
56 2271
55 2271
54 2271
53 2272
52 2272
51 2272
50 2273
49 2274
48 2275
47 2276
46 2276
45 2277
44 2277
44 2278
43 2279
43 2280
42 2281
42 2282
42 2283
42 2284
42 2285
43 2286
43 2287
44 2288
44 2289
44 2290
45 2291
45 2292
46 2293
46 2294
47 2295
47 2296
48 2297
49 2298
49 2299
50 2300
51 2301
51 2302
51 2303
52 2304
53 2305
54 2306
55 2307
56 2308
57 2309
58 2310
59 2311
60 2312
61 2312
62 2312
63 2313
64 2313
65 2314
66 2314
67 2314
68 2314
69 2315
70 2315
71 2315
72 2315
73 2316
74 2316
75 2316
76 2316
77 2316
78 2317
79 2317
80 2317
81 2318
82 2318
83 2318
84 2319
85 2319
86 2319
87 2320
88 2320
89 2321
90 2321
91 2321
92 2322
93 2322
94 2323
95 2323
96 2324
97 2324
98 2324
99 2325
100 2325
101 2326
102 2327
103 2327
104 2328
105 2328
106 2329
107 2329
108 2329
109 2330
110 2330
111 2331
112 2331
113 2332
114 2332
115 2333
116 2333
117 2334
118 2334
119 2335
120 2336
121 2336
122 2337
123 2337
124 2338
125 2338
126 2339
127 2340
128 2340
129 2341
130 2341
131 2342
132 2343
133 2343
134 2344
135 2344
136 2345
137 2345
138 2346
139 2346
140 2346
141 2347
142 2347
143 2347
144 2347
145 2347
146 2347
147 2347
148 2347
149 2347
150 2347
151 2346
152 2346
153 2345
154 2345
155 2344
156 2344
157 2344
158 2343
159 2343
160 2343
161 2342
162 2342
163 2341
164 2341
165 2341
166 2341
167 2341
168 2341
169 2341
170 2341
171 2341
172 2342
173 2342
174 2342
175 2342
176 2342
177 2342
178 2343
179 2343
180 2343
181 2344
182 2344
183 2344
184 2345
185 2345
186 2345
187 2345
188 2345
189 2346
190 2346
191 2346
192 2346
193 2346
194 2346
195 2345
196 2345
197 2345
198 2345
199 2345
200 2345
201 2344
202 2344
203 2344
204 2344
205 2344
206 2344
207 2344
208 2344
209 2344
210 2344
211 2344
212 2344
213 2344
214 2344
215 2344
216 2344
217 2344
218 2344
219 2344
220 2344
221 2344
222 2344
223 2344
224 2345
225 2345
226 2346
227 2346
228 2347
229 2348
230 2349
231 2349
232 2350
233 2351
234 2351
235 2352
236 2352
237 2353
238 2354
239 2355
240 2356
241 2357
241 2358
241 2359
241 2360
242 2361
243 2362
244 2363
245 2364
246 2364
247 2365
248 2366
249 2367
250 2368
251 2369
252 2370
253 2370
254 2370
255 2370
256 2370
257 2370
258 2371
259 2371
260 2371
261 2371
262 2371
263 2372
264 2372
265 2372
266 2372
267 2372
268 2372
269 2372
270 2372
271 2372
272 2372
273 2372
274 2373
275 2373
276 2373
277 2373
278 2373
279 2373
280 2373
281 2373
282 2373
283 2373
284 2373
285 2373
286 2373
287 2373
288 2373
289 2373
290 2373
291 2373
292 2373
293 2373
294 2374
295 2374
296 2374
297 2374
298 2375
299 2375
300 2375
301 2376
302 2376
303 2376
304 2376
305 2376
306 2376
307 2377
308 2377
309 2377
310 2377
311 2378
312 2378
313 2378
314 2378
315 2378
316 2379
317 2379
318 2379
319 2379
320 2379
321 2379
322 2379
323 2379
324 2379
325 2379
326 2379
327 2379
328 2380
329 2380
330 2380
331 2380
332 2380
333 2380
334 2380
335 2380
336 2380
337 2380
338 2380
339 2380
340 2381
341 2381
342 2381
343 2382
344 2382
345 2382
346 2382
347 2382
348 2382
349 2383
350 2383
351 2383
352 2383
353 2383
354 2383
355 2383
356 2383
357 2383
358 2383
359 2383
360 2383
361 2383
362 2383
363 2383
364 2383
365 2383
366 2384
367 2384
368 2384
369 2384
370 2384
371 2384
372 2384
373 2384
374 2384
375 2385
376 2385
377 2385
378 2385
379 2386
380 2386
381 2386
382 2386
383 2386
384 2386
385 2386
386 2386
387 2386
388 2386
389 2386
390 2386
391 2386
392 2386
393 2386
394 2386
395 2386
396 2386
397 2386
398 2386
399 2386
400 2386
401 2386
402 2386
403 2386
404 2386
405 2386
406 2386
407 2386
408 2386
409 2386
410 2386
411 2386
412 2386
413 2386
414 2386
415 2386
416 2386
417 2386
418 2386
419 2386
420 2386
421 2386
422 2386
423 2386
424 2386
425 2386
426 2386
427 2386
428 2386
429 2386
430 2386
431 2386
432 2386
433 2385
434 2385
435 2385
436 2385
437 2385
438 2385
439 2385
440 2385
441 2385
442 2385
443 2386
444 2386
445 2386
446 2386
447 2386
448 2386
449 2386
450 2386
451 2386
452 2386
453 2386
454 2386
455 2386
456 2386
457 2385
458 2385
459 2385
460 2385
461 2385
462 2385
463 2385
464 2385
465 2384
466 2384
467 2383
468 2383
469 2383
470 2382
471 2382
472 2382
473 2382
474 2381
475 2381
476 2381
477 2381
478 2380
479 2380
480 2379
481 2379
482 2379
483 2379
484 2379
485 2379
486 2379
487 2379
488 2379
489 2379
490 2378
491 2378
492 2378
493 2378
494 2378
495 2378
496 2378
497 2378
498 2378
499 2378
500 2378
501 2378
502 2378
503 2378
504 2378
505 2378
506 2378
507 2378
508 2378
509 2378
510 2378
511 2378
512 2378
513 2378
514 2378
515 2378
516 2378
517 2378
518 2378
519 2378
520 2378
521 2378
522 2378
523 2378
524 2377
525 2377
526 2377
527 2377
528 2376
529 2376
530 2376
531 2375
532 2375
533 2374
534 2374
535 2374
536 2373
537 2373
538 2373
539 2372
540 2372
541 2372
542 2372
543 2371
544 2371
545 2371
546 2371
547 2371
548 2371
549 2370
550 2370
551 2370
552 2370
553 2369
554 2369
555 2369
556 2368
557 2368
558 2367
559 2367
560 2367
561 2367
562 2366
563 2366
564 2366
565 2366
566 2366
567 2365
568 2365
569 2365
570 2365
571 2364
572 2364
573 2364
574 2363
575 2363
576 2363
577 2363
578 2363
579 2363
580 2362
581 2362
582 2362
583 2362
584 2362
585 2362
586 2361
587 2361
588 2361
589 2361
590 2361
591 2361
592 2361
593 2360
594 2360
595 2360
596 2360
597 2360
598 2360
599 2359
600 2359
601 2359
602 2359
603 2359
604 2358
605 2358
606 2358
607 2358
608 2357
609 2357
610 2357
611 2356
612 2356
613 2356
614 2355
615 2355
616 2355
617 2354
618 2354
619 2354
620 2354
621 2353
622 2353
623 2353
624 2353
625 2353
626 2352
627 2352
628 2352
629 2352
630 2352
631 2351
632 2351
633 2351
634 2351
635 2351
636 2351
637 2350
638 2350
639 2350
640 2350
641 2350
642 2349
643 2349
644 2349
645 2349
646 2349
647 2349
648 2348
649 2348
650 2348
651 2347
652 2347
653 2347
654 2346
655 2346
656 2345
657 2344
658 2343
659 2342
660 2341
660 2340
661 2339
661 2338
661 2337
661 2336
661 2335
661 2334
661 2333
661 2332
662 2331
663 2330
663 2329
664 2328
665 2327
665 2326
666 2325
665 2324
666 2323
667 2322
668 2321
668 2320
669 2319
669 2318
669 2317
669 2316
670 2315
670 2314
670 2313
669 2312
669 2311
669 2310
669 2309
669 2308
669 2307
669 2306
669 2305
669 2304
669 2303
668 2302
668 2301
668 2300
668 2299
668 2298
667 2297
667 2296
666 2295
666 2294
665 2293
665 2292
665 2291
665 2290
665 2289
664 2288
664 2287
663 2286
663 2285
662 2284
662 2283
662 2282
661 2281
661 2280
661 2279
661 2278
661 2277
660 2276
660 2275
660 2274
660 2273
660 2272
660 2271
660 2270
660 2269
660 2268
660 2267
660 2266
660 2265
659 2264
659 2263
658 2262
657 2261
657 2260
657 2259
657 2258
657 2257
656 2256
655 2255
654 2254
653 2253
652 2252
651 2251
650 2250
649 2249
648 2248
647 2247
646 2247
645 2247
644 2246
643 2246
642 2245
641 2245
640 2245
639 2245
638 2245
637 2244
636 2244
635 2243
634 2242
633 2242
632 2242
631 2242
630 2241
629 2241
628 2240
627 2239
626 2239
625 2238
624 2238
623 2238
622 2237
621 2237
620 2237
619 2236
618 2236
617 2236
616 2236
615 2236
614 2236
613 2236
612 2236
611 2236
610 2236
609 2236
608 2236
607 2236
606 2236
605 2236
604 2236
603 2236
602 2237
601 2237
600 2237
599 2237
598 2237
597 2238
596 2238
595 2238
594 2238
593 2239
592 2239
591 2239
590 2239
589 2239
588 2238
587 2238
586 2238
585 2237
584 2236
583 2236
582 2235
581 2235
580 2234
579 2233
578 2232
577 2231
576 2230
575 2229
574 2228
573 2227
572 2226
571 2225
570 2224
569 2223
568 2222
567 2221
566 2220
565 2219
564 2218
563 2217
562 2216
561 2215
560 2214
559 2213
558 2212
557 2212
556 2212
555 2211
554 2211
553 2211
552 2210
551 2210
550 2210
549 2209
548 2209
547 2209
546 2208
545 2208
544 2208
543 2208
542 2209
541 2209
540 2209
539 2209
538 2209
537 2209
536 2209
535 2209
534 2209
533 2209
532 2209
531 2209
530 2209
529 2209
528 2209
527 2209
526 2209
525 2210
524 2210
523 2210
522 2210
521 2210
520 2210
519 2210
518 2210
517 2210
516 2210
515 2210
514 2210
513 2210
512 2210
511 2210
510 2209
509 2209
508 2209
507 2209
506 2209
505 2209
504 2209
503 2209
502 2209
501 2209
500 2209
499 2209
498 2209
497 2209
496 2208
495 2208
494 2208
493 2208
492 2208
491 2208
490 2208
489 2208
488 2208
487 2208
486 2208
485 2208
484 2208
483 2208
482 2208
481 2208
480 2208
479 2208
478 2208
477 2208
476 2208
475 2208
474 2208
473 2208
472 2208
471 2208
470 2208
469 2208
468 2208
467 2208
466 2208
