310 20
309 21
308 21
307 21
306 21
305 21
304 21
303 21
302 21
301 22
300 22
299 22
298 22
297 23
296 23
295 23
294 24
293 24
292 24
291 24
290 24
289 24
288 24
287 25
286 24
285 25
284 25
283 25
282 25
281 26
280 26
279 26
278 26
277 26
276 26
275 26
274 26
273 26
272 26
271 26
270 26
269 26
268 26
267 26
266 26
265 26
264 26
263 26
262 27
261 27
260 28
259 28
258 28
257 28
256 28
255 28
254 28
253 28
252 28
251 28
250 28
249 29
248 29
247 29
246 29
245 30
244 30
243 31
242 32
241 33
240 34
239 35
238 36
237 36
236 37
235 37
234 38
233 38
232 39
231 39
230 39
229 39
228 39
227 39
226 39
225 39
224 39
223 39
222 39
221 39
220 39
219 39
218 39
217 39
216 39
215 39
214 39
213 39
212 40
211 40
210 40
209 40
208 40
207 41
206 41
205 41
204 41
203 41
202 40
201 40
200 40
199 40
198 39
197 39
196 39
195 38
194 38
193 38
192 38
191 38
190 38
189 38
188 39
187 39
186 39
185 39
184 40
183 40
182 40
181 41
180 41
179 41
178 42
177 42
176 42
175 42
174 43
173 43
172 43
171 43
170 43
169 44
168 44
167 44
166 44
165 45
164 45
163 45
162 46
161 46
160 46
159 47
158 47
157 47
156 47
155 47
154 48
153 48
152 48
151 48
150 48
149 48
148 49
147 49
146 49
145 50
144 50
143 50
142 50
141 50
140 51
139 51
138 52
137 52
136 52
135 53
134 53
133 54
132 55
131 55
130 56
129 57
128 58
127 58
126 59
125 59
124 60
123 60
122 60
121 61
120 61
119 61
118 62
117 62
116 62
115 63
114 63
113 63
112 63
111 63
110 64
109 64
108 65
107 65
106 66
105 66
104 67
103 67
102 68
101 68
100 69
99 69
98 69
97 70
96 70
95 70
94 70
93 71
92 72
91 72
90 73
89 73
88 74
87 74
86 75
85 75
84 76
83 77
82 77
81 78
80 78
79 79
78 79
77 80
76 80
75 80
74 80
73 80
72 80
71 80
70 80
69 80
68 80
67 80
66 79
65 79
64 79
63 80
62 80
61 81
60 82
59 83
58 84
57 85
56 86
55 87
55 88
54 89
53 90
53 91
52 92
52 93
52 94
51 95
51 96
51 97
51 98
51 99
51 100
50 101
50 102
50 103
49 104
49 105
49 106
49 107
48 108
48 109
48 110
48 111
47 112
47 113
47 114
46 115
46 116
46 117
45 118
45 119
45 120
44 121
44 122
43 123
42 124
42 125
43 126
43 127
44 128
44 129
45 130
46 131
47 132
48 133
49 134
50 135
51 136
52 137
53 138
53 139
54 140
55 141
56 142
56 143
57 144
57 145
58 146
58 147
59 148
59 149
60 150
61 151
61 152
62 153
62 154
63 155
64 156
64 157
64 158
65 159
65 160
66 161
67 162
67 163
68 164
68 165
69 166
69 167
70 168
71 169
71 170
72 171
72 172
73 173
74 174
74 175
75 176
76 177
76 178
77 179
77 180
78 181
79 182
79 183
80 184
80 185
81 186
82 187
83 188
83 189
84 190
85 190
86 191
87 191
88 191
89 191
90 191
91 191
92 191
93 191
94 191
95 191
96 191
97 191
98 191
99 191
100 191
101 191
102 191
103 191
104 191
105 191
106 191
107 191
108 191
109 191
110 192
111 192
112 192
113 193
114 193
115 194
116 194
117 195
118 195
119 196
120 196
121 196
122 196
123 197
124 197
125 198
126 198
127 198
128 198
129 198
130 199
131 199
132 199
133 200
134 200
135 200
136 201
137 201
138 201
139 202
140 202
141 202
142 203
143 203
144 204
145 204
146 204
147 205
148 205
149 205
150 205
151 205
152 205
153 205
154 206
155 206
156 206
157 207
158 207
159 208
160 208
161 209
162 210
163 210
164 211
165 212
166 213
167 214
168 215
169 216
170 216
171 217
171 218
172 218
173 219
174 220
175 220
176 221
177 222
178 222
179 222
180 223
181 223
182 223
183 223
184 224
185 224
186 224
187 224
188 225
189 225
190 225
191 225
192 226
193 226
194 226
195 226
196 226
197 226
198 227
199 227
200 227
201 227
202 227
203 227
204 227
205 227
206 228
207 228
208 228
209 229
210 229
211 229
212 229
213 229
214 229
215 229
216 229
217 229
218 229
219 229
220 228
221 228
222 228
223 228
224 228
225 227
226 227
227 227
228 227
229 226
230 226
231 226
232 226
233 225
234 225
235 225
236 225
237 224
238 224
239 224
240 224
241 224
242 223
243 223
244 223
245 222
246 222
247 222
248 222
249 222
250 222
251 222
252 222
253 222
254 223
255 223
256 223
257 223
258 224
259 224
260 224
261 225
262 225
263 225
264 225
265 225
266 225
267 225
268 225
269 224
270 224
271 225
272 224
273 224
274 224
275 224
276 224
277 223
278 223
279 223
280 223
281 223
282 223
283 223
284 223
285 223
286 223
287 223
288 223
289 223
290 223
291 224
292 224
293 224
294 224
295 224
296 224
297 224
298 224
299 224
300 224
301 223
302 223
303 223
304 223
305 223
306 223
307 223
308 223
309 223
310 223
311 223
312 223
313 223
314 224
315 224
316 224
317 224
318 224
319 224
320 223
321 223
322 223
323 223
324 223
325 223
326 222
327 222
328 222
329 222
330 221
331 221
332 221
333 221
334 221
335 221
336 220
337 220
338 220
339 219
340 219
341 219
342 219
343 219
344 219
345 219
346 219
347 219
348 219
349 219
350 218
351 218
352 218
353 218
354 218
355 218
356 218
357 218
358 218
359 218
360 218
361 218
362 218
363 218
364 218
365 218
366 218
367 218
368 218
369 218
370 218
371 218
372 218
373 218
374 218
375 218
376 218
377 218
378 218
379 218
380 218
381 218
382 218
383 218
384 218
385 218
386 218
387 218
388 218
389 218
390 218
391 218
392 218
393 218
394 218
395 218
396 218
397 218
398 218
399 218
400 217
401 217
402 217
403 217
404 216
405 216
406 216
407 216
408 215
409 215
410 215
411 215
412 215
413 215
414 215
415 215
416 215
417 215
418 215
419 215
420 215
421 215
422 215
423 215
424 215
425 215
426 214
427 214
428 214
429 214
430 214
431 214
432 214
433 214
434 214
435 214
436 214
437 214
438 214
439 214
440 214
441 214
442 214
443 214
444 214
445 214
446 214
447 214
448 214
449 214
450 214
451 213
452 213
453 213
454 213
455 213
456 212
457 212
458 212
459 212
460 212
461 212
462 212
463 212
464 211
465 211
466 211
467 210
468 210
469 210
470 209
471 209
472 209
473 209
474 209
475 209
476 208
477 208
478 208
479 208
480 208
481 208
482 208
483 208
484 208
485 208
486 208
487 208
488 208
489 208
490 208
491 208
492 208
493 208
494 208
495 208
496 208
497 208
498 208
499 208
500 208
501 207
502 207
503 207
504 207
505 206
506 206
507 206
508 206
509 206
510 205
511 205
512 205
513 205
514 204
515 204
516 204
517 203
518 203
519 202
520 202
521 201
522 201
523 200
524 200
525 199
526 199
527 200
528 200
529 200
530 200
531 200
532 200
533 201
534 201
535 201
536 202
537 202
538 202
539 202
540 202
541 202
542 202
543 202
544 202
545 202
546 202
547 202
548 202
549 202
550 201
551 201
552 201
553 201
554 201
555 201
556 200
557 200
558 200
559 200
560 200
561 200
562 200
563 199
564 199
565 199
566 199
567 199
568 199
569 199
570 198
571 198
572 198
573 198
574 198
575 198
576 198
577 198
578 198
579 198
580 198
581 198
582 198
583 198
584 198
585 198
586 198
587 198
588 198
589 198
590 198
591 198
592 198
593 198
594 197
595 197
596 197
597 197
598 197
599 197
600 197
601 197
602 196
603 196
604 196
605 195
606 195
607 194
608 193
609 193
610 192
611 192
612 191
613 190
614 189
615 188
616 188
617 187
618 186
619 185
620 185
621 184
622 184
623 183
624 183
625 183
626 182
627 182
628 182
629 181
630 181
631 181
632 180
633 180
634 179
635 179
636 179
637 178
638 178
639 177
640 177
641 176
642 175
643 174
643 173
644 172
644 171
645 170
646 169
647 168
648 167
649 166
650 165
651 164
652 163
653 162
654 161
655 160
656 159
657 158
658 157
659 157
660 156
661 155
662 154
663 153
663 152
664 151
664 150
665 149
666 148
666 147
666 146
666 145
666 144
666 143
666 142
666 141
666 140
666 139
666 138
666 137
666 136
666 135
666 134
666 133
666 132
666 131
666 130
666 129
666 128
666 127
666 126
666 125
666 124
666 123
666 122
666 121
666 120
666 119
666 118
666 117
666 116
666 115
666 114
666 113
666 112
666 111
666 110
666 109
666 108
666 107
666 106
666 105
665 105
664 104
664 103
664 102
664 101
664 100
664 99
664 98
663 97
663 96
663 95
663 94
663 93
663 92
663 91
663 90
662 89
662 88
662 87
662 86
662 85
662 84
662 83
661 82
660 81
659 80
659 79
658 78
657 77
657 76
656 75
655 74
654 73
653 72
652 72
651 71
650 71
649 70
648 69
647 69
646 68
645 68
644 67
643 67
642 66
641 66
640 65
639 65
638 64
637 64
636 64
635 63
634 63
633 62
632 62
631 61
630 60
629 60
628 59
627 59
626 58
625 58
624 57
623 57
622 56
621 56
620 55
619 55
618 55
617 54
616 53
615 53
614 53
613 52
612 52
611 52
610 52
609 52
608 52
607 52
606 51
605 51
604 51
603 51
602 50
601 50
600 50
599 50
598 50
597 50
596 50
595 49
594 49
593 49
592 49
591 49
590 48
589 48
588 48
587 48
586 48
585 48
584 48
583 48
582 48
581 48
580 48
579 47
578 47
577 47
576 47
575 47
574 47
573 47
572 46
571 46
570 46
569 45
568 45
567 45
566 45
565 45
564 45
563 44
562 44
561 44
560 44
559 44
558 44
557 44
556 43
555 43
554 43
553 43
552 43
551 43
550 43
549 43
548 43
547 43
546 43
545 43
544 43
543 43
542 44
541 44
540 44
539 44
538 44
537 44
536 44
535 44
534 45
533 45
532 45
531 45
530 45
529 45
528 45
527 45
526 45
525 45
524 44
523 44
522 44
521 44
520 44
519 44
518 44
517 44
516 44
515 44
514 44
513 44
512 44
511 44
510 44
509 44
508 44
507 43
506 43
505 43
504 43
503 43
502 43
501 43
500 43
499 42
498 42
497 42
496 42
495 42
494 42
493 42
492 42
491 42
490 43
489 43
488 43
487 43
486 43
485 42
484 42
483 42
482 42
481 42
480 42
479 42
478 42
477 42
476 42
475 42
474 42
473 42
472 42
471 41
470 41
469 41
468 41
467 40
466 40
465 40
464 40
463 40
462 40
461 40
460 40
459 40
458 40
457 40
456 40
455 40
454 39
453 39
452 39
451 39
450 39
449 39
448 39
447 39
446 39
445 39
444 39
443 39
442 39
441 39
440 39
439 39
438 39
437 40
436 39
435 39
434 39
433 38
432 38
431 38
430 38
429 38
428 38
427 37
426 37
425 37
424 37
423 37
422 37
421 37
420 37
419 37
418 37
417 37
416 37
415 37
414 37
413 37
412 38
411 38
410 38
409 38
408 38
407 39
406 39
405 39
404 39
403 39
402 40
401 40
400 40
399 40
398 40
397 41
396 41
395 42
394 42
393 42
392 43
391 43
390 43
389 43
388 43
387 43
386 43
385 42
384 42
383 42
382 41
381 41
380 41
379 40
378 40
377 40
376 39
375 39
374 39
373 39
372 39
371 39
370 39
369 39
368 39
367 39
366 39
365 40
364 39
363 39
362 40
361 39
360 39
359 39
358 39
357 38
356 38
355 38
354 38
353 38
352 38
351 37
350 37
349 36
348 35
347 34
346 33
345 32
344 32
343 31
342 30
341 29
341 28
340 27
339 26
338 25
337 25
336 24
335 23
334 23
333 22
332 22
331 21
330 21
329 20
328 20
327 20
326 20
325 20
324 20
323 20
322 20
321 20
320 20
319 20
318 20
317 20
316 20
315 20
314 20
313 20
312 20
311 20
310 20
