435 257
434 258
433 258
432 258
431 258
430 258
429 259
428 259
427 260
426 260
425 260
424 261
423 261
422 261
421 262
420 262
419 262
418 262
417 262
416 262
415 262
414 262
413 262
412 262
411 262
410 262
409 262
408 262
407 262
406 262
405 262
404 262
403 262
402 262
401 262
400 262
399 262
398 262
397 262
396 262
395 262
394 262
393 262
392 262
391 262
390 262
389 262
388 262
387 262
386 262
385 262
384 262
383 262
382 262
381 262
380 262
379 262
378 262
377 262
376 262
375 262
374 262
373 262
372 262
371 262
370 263
369 263
368 263
367 263
366 263
365 264
364 264
363 264
362 264
361 264
360 264
359 264
358 264
357 264
356 264
355 263
354 263
353 263
352 263
351 263
350 263
349 263
348 263
347 263
346 263
345 263
344 263
343 263
342 263
341 263
340 263
339 264
338 264
337 264
336 265
335 265
334 265
333 266
332 266
331 266
330 267
329 267
328 268
327 268
326 268
325 269
324 269
323 269
322 270
321 270
320 270
319 270
318 270
317 270
316 270
315 270
314 270
313 270
312 270
311 270
310 270
309 270
308 270
307 271
306 271
305 271
304 272
303 272
302 273
301 273
300 273
299 274
298 274
297 274
296 275
295 275
294 275
293 275
292 275
291 275
290 276
289 276
288 276
287 276
286 276
285 276
284 276
283 277
282 277
281 277
280 277
279 277
278 277
277 277
276 277
275 278
274 278
273 278
272 279
271 279
270 279
269 279
268 279
267 279
266 280
265 280
264 280
263 280
262 280
261 281
260 281
259 281
258 281
257 281
256 281
255 282
254 282
253 282
252 283
251 283
250 283
249 283
248 283
247 284
246 284
245 284
244 285
243 285
242 285
241 285
240 285
239 285
238 285
237 285
236 285
235 285
234 285
233 285
232 285
231 285
230 285
229 285
228 285
227 285
226 285
225 285
224 286
223 286
222 286
221 286
220 286
219 286
218 286
217 286
216 287
215 287
214 287
213 287
212 288
211 288
210 288
209 288
208 289
207 289
206 289
205 290
204 290
203 290
202 290
201 290
200 290
199 290
198 290
197 290
196 290
195 290
194 290
193 290
192 290
191 290
190 290
189 290
188 290
187 290
186 290
185 290
184 290
183 290
182 290
181 290
180 291
179 291
178 291
177 292
176 292
175 293
174 293
173 294
172 294
171 295
170 295
169 295
168 296
167 296
166 296
165 296
164 297
163 297
162 297
161 297
160 297
159 297
158 297
157 297
156 297
155 297
154 297
153 297
152 297
151 298
150 298
149 298
148 298
147 298
146 299
145 299
144 299
143 300
142 300
141 300
140 300
139 300
138 301
137 301
136 301
135 301
134 301
133 301
132 301
131 301
130 302
129 302
128 303
127 303
126 303
125 303
124 303
123 304
122 304
121 304
120 304
119 304
118 305
117 305
116 305
115 305
114 305
113 305
112 305
111 306
110 306
109 306
108 306
107 306
106 306
105 306
104 306
103 306
102 306
101 306
100 306
99 306
98 306
97 306
96 306
95 306
94 306
93 306
92 307
91 307
90 307
89 307
88 307
87 308
86 308
85 308
84 308
83 309
82 309
81 310
80 310
79 311
78 311
77 312
76 312
75 313
74 313
73 313
72 314
71 314
70 314
69 315
68 315
67 315
66 316
65 316
64 316
63 316
62 317
61 317
60 318
59 318
58 319
57 319
56 319
55 319
54 320
53 320
52 320
51 321
50 322
49 323
48 324
47 325
46 326
45 327
45 328
44 329
44 330
44 331
44 332
43 333
43 334
43 335
43 336
44 337
44 338
44 339
44 340
45 341
46 342
46 343
46 344
46 345
47 346
47 347
48 348
48 349
48 350
48 351
48 352
48 353
48 354
48 355
48 356
47 357
47 358
46 359
46 360
46 361
46 362
46 363
46 364
46 365
46 366
46 367
46 368
47 369
46 370
46 371
46 372
45 373
45 374
45 375
45 376
45 377
45 378
46 379
46 380
47 381
47 382
47 383
47 384
46 385
46 386
47 387
47 388
48 389
48 390
48 391
48 392
48 393
48 394
49 395
49 396
49 397
50 398
50 399
50 400
50 401
50 402
51 403
51 404
51 405
52 406
52 407
52 408
53 409
53 410
54 411
54 412
55 413
56 414
57 415
58 416
59 416
60 417
61 417
62 417
63 417
64 417
65 417
66 418
67 418
68 418
69 418
70 418
71 418
72 418
73 418
74 418
75 419
76 419
77 419
78 419
79 419
80 419
81 419
82 420
83 420
84 420
85 420
86 420
87 420
88 420
89 421
90 421
91 421
92 421
93 421
94 421
95 421
96 421
97 421
98 421
99 421
100 421
101 422
102 422
103 422
104 422
105 423
106 423
107 423
108 423
109 424
110 424
111 424
112 424
113 424
114 425
115 425
116 425
117 425
118 425
119 425
120 425
121 425
122 425
123 425
124 425
125 425
126 425
127 425
128 426
129 426
130 426
131 426
132 426
133 426
134 426
135 426
136 426
137 426
138 426
139 426
140 426
141 426
142 425
143 425
144 425
145 424
146 424
147 424
148 424
149 424
150 424
151 424
152 424
153 424
154 424
155 424
156 424
157 424
158 424
159 424
160 424
161 424
162 424
163 424
164 424
165 424
166 424
167 424
168 424
169 424
170 424
171 424
172 425
173 425
174 425
175 425
176 425
177 425
178 425
179 424
180 424
181 424
182 423
183 423
184 423
185 422
186 422
187 422
188 422
189 421
190 421
191 421
192 420
193 420
194 420
195 420
196 420
197 420
198 420
199 420
200 420
201 420
202 421
203 421
204 421
205 421
206 421
207 421
208 422
209 422
210 422
211 422
212 422
213 422
214 422
215 422
216 422
217 422
218 422
219 422
220 422
221 422
222 422
223 422
224 423
225 423
226 423
227 423
228 423
229 423
230 423
231 423
232 423
233 423
234 423
235 422
236 422
237 422
238 422
239 422
240 422
241 422
242 422
243 422
244 422
245 422
246 422
247 422
248 421
249 421
250 421
251 421
252 421
253 421
254 422
255 422
256 422
257 422
258 422
259 423
260 423
261 423
262 423
263 424
264 424
265 424
266 424
267 424
268 424
269 424
270 424
271 424
272 424
273 423
274 423
275 423
276 423
277 423
278 423
279 423
280 423
281 423
282 423
283 423
284 423
285 423
286 423
287 423
288 423
289 423
290 423
291 423
292 423
293 423
294 423
295 424
296 424
297 424
298 424
299 424
300 424
301 424
302 424
303 424
304 425
305 425
306 425
307 425
308 425
309 425
310 425
311 425
312 425
313 425
314 425
315 425
316 425
317 425
318 425
319 425
320 425
321 425
322 425
323 425
324 425
325 425
326 425
327 425
328 425
329 425
330 425
331 425
332 425
333 425
334 425
335 425
336 425
337 425
338 425
339 425
340 425
341 425
342 425
343 425
344 426
345 426
346 426
347 426
348 426
349 426
350 426
351 426
352 426
353 426
354 426
355 426
356 427
357 427
358 427
359 427
360 427
361 427
362 427
363 428
364 428
365 428
366 428
367 428
368 429
369 429
370 429
371 429
372 429
373 429
374 429
375 429
376 429
377 429
378 429
379 429
380 429
381 429
382 429
383 429
384 430
385 430
386 430
387 430
388 430
389 430
390 430
391 430
392 430
393 430
394 430
395 430
396 430
397 430
398 430
399 430
400 430
401 430
402 430
403 430
404 430
405 430
406 430
407 430
408 430
409 431
410 431
411 431
412 431
413 431
414 431
415 431
416 431
417 431
418 431
419 432
420 432
421 432
422 432
423 433
424 433
425 433
426 433
427 433
428 433
429 433
430 433
431 433
432 433
433 434
434 434
435 434
436 435
437 435
438 435
439 435
440 436
441 436
442 436
443 436
444 436
445 436
446 436
447 436
448 436
449 436
450 436
451 436
452 436
453 436
454 436
455 436
456 437
457 437
458 437
459 437
460 437
461 437
462 437
463 437
464 437
465 436
466 436
467 436
468 436
469 436
470 435
471 435
472 435
473 435
474 434
475 434
476 434
477 434
478 434
479 434
480 434
481 435
482 435
483 435
484 435
485 435
486 435
487 435
488 435
489 435
490 435
491 435
492 435
493 435
494 436
495 436
496 436
497 436
498 436
499 436
500 436
501 435
502 435
503 435
504 434
505 434
506 434
507 433
508 434
509 433
510 433
511 433
512 433
513 433
514 433
515 433
516 432
517 432
518 432
519 432
520 432
521 432
522 432
523 432
524 432
525 432
526 432
527 432
528 432
529 432
530 432
531 432
532 432
533 432
534 432
535 432
536 432
537 432
538 432
539 432
540 432
541 432
542 432
543 432
544 431
545 431
546 431
547 431
548 431
549 431
550 430
551 430
552 430
553 430
554 430
555 430
556 430
557 429
558 429
559 429
560 429
561 428
562 428
563 428
564 427
565 427
566 427
567 427
568 426
569 426
570 426
571 426
572 425
573 425
574 425
575 424
576 424
577 424
578 424
579 423
580 423
581 423
582 423
583 423
584 423
585 423
586 423
587 423
588 422
589 422
590 422
591 422
592 423
593 422
594 422
595 422
596 422
597 422
598 422
599 421
600 421
601 421
602 421
603 420
604 420
605 420
606 419
607 419
608 418
609 418
610 418
611 417
612 416
613 416
614 416
615 415
616 415
617 414
618 414
619 414
620 413
621 413
622 413
623 413
624 412
625 412
626 412
627 412
628 411
629 411
630 411
631 410
632 410
633 409
634 409
635 408
636 408
637 408
638 408
639 407
640 407
641 407
642 406
643 406
644 405
645 405
646 405
647 404
648 404
649 403
650 403
651 402
652 401
653 401
654 400
655 399
656 398
656 397
657 396
658 395
658 394
659 393
660 392
660 391
661 390
661 389
662 388
662 387
663 386
663 385
664 384
664 383
665 382
665 381
665 380
666 379
666 378
666 377
666 376
667 375
667 374
667 373
667 372
667 371
668 370
668 369
668 368
668 367
669 366
669 365
669 364
669 363
669 362
669 361
669 360
669 359
669 358
669 357
669 356
669 355
669 354
669 353
669 352
668 351
668 350
667 349
667 348
667 347
666 346
665 345
665 344
664 343
664 342
663 341
662 340
661 339
660 338
659 337
658 336
657 335
656 334
655 333
654 333
653 332
652 331
652 330
651 329
650 328
649 327
648 326
648 325
648 324
647 323
647 322
646 321
646 320
645 319
645 318
644 317
644 316
643 315
643 314
642 313
642 312
641 311
640 310
639 309
638 308
637 307
636 306
636 305
636 304
635 303
635 302
635 301
635 300
634 299
634 298
634 297
633 296
633 295
632 294
632 293
631 292
630 291
629 290
628 289
627 289
626 288
625 287
624 286
623 286
622 285
621 284
620 284
619 283
618 282
617 282
616 281
615 281
614 281
613 280
612 280
611 280
610 280
609 280
608 279
607 279
606 279
605 279
604 279
603 279
602 279
601 278
600 278
599 278
598 278
597 278
596 278
595 277
594 277
593 277
592 277
591 277
590 276
589 276
588 276
587 275
586 275
585 275
584 274
583 274
582 274
581 273
580 273
579 273
578 272
577 272
576 272
575 272
574 271
573 271
572 271
571 271
570 271
569 271
568 270
567 270
566 270
565 270
564 270
563 270
562 270
561 270
560 270
559 270
558 270
557 270
556 270
555 270
554 270
553 270
552 270
551 270
550 270
549 270
548 269
547 269
546 269
545 269
544 269
543 268
542 268
541 268
540 267
539 267
538 267
537 267
536 267
535 266
534 266
533 266
532 266
531 266
530 266
529 266
528 266
527 266
526 266
525 266
524 266
523 266
522 266
521 266
520 266
519 267
518 267
517 267
516 267
515 267
514 267
513 267
512 268
511 268
510 268
509 268
508 268
507 268
506 268
505 267
504 267
503 267
502 267
501 266
500 266
499 266
498 266
497 266
496 266
495 266
494 266
493 266
492 266
491 266
490 265
489 265
488 265
487 265
486 265
485 264
484 265
483 264
482 264
481 264
480 264
479 263
478 263
477 263
476 263
475 262
474 262
473 262
472 262
471 262
470 262
469 262
468 262
467 262
466 262
465 262
464 261
463 261
462 261
461 260
460 260
459 260
458 259
457 259
456 259
455 258
454 258
453 258
452 257
451 257
450 257
449 257
448 257
447 257
446 257
445 257
444 257
443 257
442 257
441 257
440 257
439 257
438 257
437 257
436 257
435 257
