411 491
410 492
409 492
408 492
407 492
406 492
405 492
404 492
403 492
402 492
401 492
400 492
399 493
398 493
397 493
396 493
395 493
394 493
393 493
392 493
391 493
390 493
389 493
388 493
387 493
386 493
385 493
384 493
383 493
382 493
381 493
380 493
379 493
378 493
377 493
376 493
375 493
374 493
373 492
372 492
371 492
370 492
369 492
368 492
367 492
366 492
365 492
364 492
363 492
362 492
361 492
360 492
359 492
358 493
357 493
356 493
355 493
354 493
353 493
352 493
351 493
350 494
349 494
348 494
347 494
346 494
345 495
344 495
343 495
342 495
341 495
340 495
339 495
338 496
337 496
336 496
335 496
334 496
333 496
332 497
331 497
330 497
329 497
328 497
327 497
326 497
325 497
324 497
323 497
322 497
321 497
320 497
319 497
318 497
317 497
316 497
315 498
314 498
313 498
312 498
311 498
310 498
309 499
308 499
307 499
306 499
305 499
304 500
303 500
302 500
301 500
300 501
299 501
298 501
297 501
296 501
295 501
294 501
293 501
292 501
291 501
290 501
289 501
288 501
287 501
286 501
285 501
284 501
283 501
282 501
281 501
280 502
279 502
278 502
277 503
276 503
275 503
274 504
273 504
272 504
271 505
270 505
269 505
268 505
267 506
266 506
265 506
264 507
263 507
262 507
261 507
260 507
259 507
258 507
257 507
256 507
255 507
254 507
253 507
252 507
251 508
250 508
249 508
248 508
247 509
246 509
245 509
244 509
243 509
242 510
241 510
240 510
239 510
238 510
237 510
236 510
235 510
234 510
233 510
232 510
231 510
230 511
229 511
228 511
227 511
226 511
225 512
224 512
223 512
222 512
221 513
220 513
219 513
218 514
217 514
216 514
215 514
214 515
213 515
212 515
211 515
210 516
209 516
208 516
207 516
206 516
205 516
204 517
203 517
202 517
201 517
200 518
199 518
198 518
197 518
196 519
195 519
194 519
193 520
192 520
191 520
190 520
189 521
188 521
187 521
186 522
185 522
184 523
183 523
182 523
181 524
180 524
179 524
178 524
177 525
176 525
175 526
174 526
173 526
172 527
171 527
170 527
169 528
168 528
167 528
166 528
165 528
164 529
163 529
162 529
161 530
160 530
159 530
158 530
157 531
156 531
155 531
154 532
153 532
152 532
151 532
150 532
149 533
148 533
147 533
146 534
145 534
144 534
143 535
142 535
141 535
140 535
139 535
138 535
137 536
136 536
135 536
134 536
133 536
132 537
131 537
130 537
129 538
128 538
127 539
126 539
125 539
124 539
123 540
122 540
121 540
120 540
119 540
118 541
117 541
116 541
115 541
114 541
113 542
112 542
111 542
110 543
109 543
108 543
107 544
106 544
105 544
104 544
103 544
102 545
101 545
100 546
99 547
98 547
97 548
96 548
95 548
94 549
93 549
92 550
91 550
90 551
89 551
88 552
87 552
86 552
85 552
84 552
83 553
82 553
81 553
80 553
79 553
78 554
77 554
76 554
75 555
74 555
73 555
72 555
71 555
70 556
69 556
68 556
67 556
66 556
65 556
64 557
63 557
62 558
61 558
60 559
59 559
58 559
57 559
56 560
55 560
54 561
53 562
52 563
51 563
50 564
49 565
48 565
47 566
47 567
46 568
46 569
45 570
45 571
44 572
43 573
42 574
42 575
42 576
42 577
42 578
42 579
41 580
40 581
40 582
40 583
40 584
41 585
41 586
41 587
41 588
41 589
41 590
41 591
41 592
41 593
41 594
41 595
42 596
42 597
42 598
43 599
43 600
44 601
44 602
44 603
45 604
46 605
46 606
47 607
48 608
48 609
49 610
50 611
51 612
52 613
53 614
54 615
54 616
54 617
54 618
55 618
56 619
57 620
58 620
59 621
60 622
61 623
62 624
63 625
64 625
65 625
66 625
67 625
68 625
69 625
70 625
71 625
72 625
73 626
74 626
75 627
76 627
77 628
78 627
79 627
80 627
81 627
82 627
83 627
84 627
85 627
86 627
87 627
88 627
89 627
90 627
91 627
92 627
93 627
94 627
95 628
96 628
97 628
98 628
99 629
100 629
101 630
102 631
103 631
104 632
105 632
106 632
107 632
108 632
109 632
110 633
111 633
112 634
113 634
114 634
115 635
116 635
117 635
118 636
119 636
120 636
121 636
122 636
123 636
124 636
125 637
126 637
127 637
128 637
129 637
130 637
131 637
132 637
133 636
134 636
135 636
136 636
137 636
138 636
139 636
140 636
141 636
142 636
143 636
144 636
145 636
146 637
147 637
148 638
149 638
150 639
151 639
152 639
153 639
154 639
155 640
156 640
157 640
158 640
159 640
160 640
161 640
162 640
163 640
164 640
165 640
166 640
167 640
168 640
169 640
170 640
171 640
172 640
173 641
174 641
175 642
176 642
177 643
178 643
179 643
180 644
181 644
182 644
183 644
184 644
185 644
186 644
187 644
188 644
189 644
190 644
191 644
192 644
193 644
194 644
195 644
196 644
197 644
198 644
199 644
200 644
201 644
202 645
203 645
204 646
205 646
206 646
207 646
208 646
209 647
210 647
211 647
212 647
213 647
214 647
215 647
216 647
217 647
218 648
219 648
220 648
221 648
222 648
223 648
224 648
225 648
226 648
227 649
228 649
229 649
230 649
231 649
232 650
233 650
234 650
235 650
236 651
237 651
238 651
239 652
240 652
241 652
242 653
243 653
244 653
245 653
246 653
247 654
248 654
249 655
250 655
251 655
252 655
253 655
254 655
255 655
256 655
257 656
258 656
259 656
260 656
261 656
262 656
263 656
264 656
265 656
266 656
267 656
268 656
269 656
270 656
271 656
272 655
273 655
274 655
275 656
276 656
277 656
278 656
279 656
280 656
281 656
282 656
283 657
284 657
285 657
286 657
287 657
288 658
289 658
290 658
291 658
292 658
293 658
294 658
295 659
296 658
297 658
298 658
299 658
300 658
301 658
302 659
303 659
304 659
305 659
306 659
307 659
308 659
309 660
310 660
311 660
312 660
313 660
314 660
315 660
316 660
317 660
318 660
319 660
320 660
321 661
322 661
323 661
324 661
325 661
326 661
327 661
328 662
329 662
330 662
331 662
332 662
333 662
334 662
335 662
336 663
337 663
338 663
339 663
340 663
341 664
342 664
343 664
344 664
345 665
346 665
347 665
348 665
349 666
350 666
351 666
352 666
353 667
354 667
355 667
356 667
357 667
358 668
359 668
360 668
361 668
362 668
363 669
364 669
365 669
366 669
367 670
368 670
369 670
370 670
371 671
372 671
373 671
374 672
375 672
376 672
377 672
378 673
379 673
380 673
381 673
382 673
383 673
384 673
385 673
386 673
387 673
388 673
389 673
390 673
391 673
392 673
393 673
394 673
395 673
396 673
397 673
398 673
399 673
400 673
401 673
402 673
403 673
404 673
405 673
406 673
407 674
408 674
409 674
410 674
411 674
412 674
413 674
414 674
415 674
416 674
417 674
418 674
419 674
420 674
421 675
422 675
423 675
424 675
425 675
426 675
427 676
428 676
429 676
430 676
431 677
432 677
433 677
434 677
435 677
436 678
437 678
438 678
439 678
440 678
441 678
442 678
443 678
444 678
445 678
446 678
447 678
448 678
449 678
450 678
451 678
452 678
453 678
454 678
455 678
456 678
457 678
458 678
459 678
460 678
461 678
462 678
463 678
464 678
465 678
466 679
467 679
468 679
469 679
470 679
471 679
472 679
473 679
474 679
475 680
476 680
477 680
478 680
479 680
480 680
481 681
482 681
483 681
484 682
485 682
486 682
487 683
488 683
489 683
490 683
491 684
492 684
493 684
494 684
495 684
496 684
497 684
498 684
499 684
500 684
501 684
502 684
503 684
504 684
505 683
506 683
507 683
508 683
509 683
510 683
511 683
512 683
513 683
514 683
515 682
516 682
517 682
518 682
519 682
520 682
521 682
522 682
523 682
524 682
525 682
526 682
527 681
528 681
529 681
530 680
531 679
531 678
532 677
533 676
533 675
534 674
535 673
536 674
537 674
538 674
539 675
540 675
541 676
542 677
543 677
544 678
545 679
546 679
547 679
548 680
549 680
550 681
551 681
552 681
553 682
554 682
555 682
556 682
557 682
558 682
559 682
560 682
561 681
562 681
563 681
564 681
565 680
566 680
567 680
568 679
569 679
570 678
571 678
572 678
573 677
574 677
575 677
576 676
577 676
578 676
579 676
580 675
581 675
582 675
583 675
584 674
585 674
586 674
587 674
588 673
589 673
590 673
591 673
592 672
593 672
594 672
595 672
596 672
597 672
598 672
599 672
600 671
601 671
602 671
603 670
604 670
605 670
606 670
607 669
608 669
609 669
610 668
611 668
612 668
613 667
614 667
615 666
616 666
617 665
618 665
619 665
620 664
621 664
622 663
623 662
624 662
625 661
626 661
627 660
628 660
629 659
630 659
631 658
632 657
633 657
634 657
635 656
636 656
637 656
638 655
639 655
640 655
641 654
642 654
643 653
644 653
645 653
646 652
647 652
648 651
649 650
650 650
651 649
652 648
653 648
654 647
655 646
655 645
655 644
656 643
657 642
658 641
659 640
660 640
660 639
661 638
661 637
662 636
662 635
663 634
663 633
663 632
664 631
664 630
664 629
664 628
665 627
665 626
665 625
665 624
665 623
665 622
665 621
666 620
666 619
666 618
666 617
666 616
666 615
666 614
666 613
666 612
666 611
666 610
666 609
666 608
666 607
666 606
666 605
666 604
666 603
666 602
666 601
666 600
666 599
666 598
666 597
666 596
666 595
666 594
666 593
666 592
666 591
666 590
666 589
666 588
666 587
666 586
666 585
666 584
666 583
666 582
666 581
666 580
666 579
665 578
665 577
665 576
665 575
665 574
665 573
665 572
665 571
665 570
665 569
665 568
665 567
664 566
664 565
664 564
664 563
664 562
663 561
663 560
662 559
662 558
661 557
660 556
659 555
658 554
657 553
656 552
655 551
654 550
653 549
652 548
651 547
650 546
649 545
649 544
649 543
648 542
648 541
647 540
646 539
645 538
644 538
643 537
642 537
641 536
640 536
639 535
638 534
637 533
636 533
635 532
634 531
633 531
632 530
631 530
630 529
629 529
628 528
627 528
626 527
625 526
625 525
624 524
623 523
622 523
621 522
620 522
619 521
618 521
617 520
616 519
615 519
614 518
613 517
612 516
611 516
610 515
609 515
608 514
607 514
606 513
605 513
604 512
603 511
602 510
601 510
600 509
599 508
598 508
597 507
596 506
595 506
594 505
593 505
592 504
591 504
590 503
589 502
588 501
587 501
586 500
585 500
584 499
583 499
582 499
581 498
580 498
579 498
578 497
577 497
576 497
575 496
574 496
573 496
572 495
571 495
570 494
569 494
568 494
567 494
566 493
565 493
564 493
563 493
562 493
561 493
560 492
559 492
558 492
557 492
556 492
555 492
554 492
553 492
552 493
551 493
550 493
549 493
548 493
547 493
546 493
545 493
544 493
543 493
542 492
541 492
540 492
539 492
538 492
537 492
536 492
535 492
534 492
533 492
532 492
531 491
530 491
529 491
528 491
527 491
526 491
525 491
524 491
523 491
522 491
521 491
520 491
519 491
518 491
517 491
516 491
515 491
514 491
513 491
512 491
511 491
510 491
509 491
508 491
507 491
506 491
505 491
504 491
503 491
502 491
501 491
500 491
499 491
498 491
497 491
496 491
495 491
494 491
493 491
492 491
491 491
490 491
489 491
488 491
487 491
486 491
485 491
484 491
483 491
482 491
481 491
480 491
479 491
478 491
477 491
476 491
475 491
474 491
473 491
472 491
471 491
470 491
469 491
468 492
467 492
466 492
465 492
464 492
463 492
462 492
461 492
460 493
459 493
458 493
457 493
456 493
455 493
454 493
453 493
452 493
451 493
450 493
449 493
448 493
447 493
446 493
445 493
444 493
443 493
442 493
441 493
440 493
439 493
438 493
437 493
436 493
435 493
434 493
433 493
432 493
431 493
430 492
429 492
428 492
427 492
426 492
425 492
424 492
423 491
422 491
421 491
420 491
419 491
418 491
417 491
416 491
415 491
414 491
413 491
412 491
411 491
