290 747
289 748
288 748
287 748
286 748
285 749
284 749
283 749
282 749
281 749
280 749
279 749
278 749
277 749
276 749
275 749
274 749
273 749
272 749
271 750
270 750
269 750
268 750
267 750
266 750
265 750
264 750
263 750
262 750
261 750
260 750
259 750
258 750
257 750
256 750
255 750
254 750
253 750
252 750
251 750
250 750
249 750
248 750
247 750
246 750
245 750
244 750
243 750
242 750
241 751
240 751
239 751
238 751
237 751
236 752
235 752
234 752
233 752
232 752
231 752
230 753
229 753
228 754
227 754
226 755
225 755
224 756
223 756
222 756
221 756
220 757
219 757
218 758
217 758
216 759
215 759
214 759
213 759
212 759
211 760
210 760
209 761
208 762
207 762
206 763
205 763
204 764
203 764
202 764
201 765
200 765
199 766
198 766
197 767
196 767
195 767
194 768
193 768
192 768
191 769
190 769
189 770
188 770
187 770
186 771
185 771
184 771
183 772
182 772
181 772
180 772
179 772
178 772
177 773
176 773
175 773
174 774
173 774
172 775
171 775
170 775
169 776
168 776
167 776
166 777
165 777
164 777
163 778
162 778
161 778
160 778
159 778
158 778
157 778
156 779
155 779
154 779
153 779
152 779
151 779
150 780
149 780
148 780
147 781
146 781
145 782
144 782
143 783
142 783
141 784
140 784
139 785
138 786
137 787
136 788
135 789
134 789
133 790
132 790
131 791
130 791
129 792
128 792
127 793
126 793
125 794
124 794
123 795
122 796
121 797
120 798
119 798
118 798
117 798
116 799
115 799
114 799
113 799
112 798
111 798
110 798
109 798
108 798
107 798
106 798
105 798
104 798
103 798
102 798
101 798
100 799
99 800
98 801
97 801
96 802
95 803
94 803
93 804
92 805
91 806
90 807
89 808
88 808
87 809
86 810
85 811
84 812
83 812
82 813
81 814
80 814
79 815
78 816
77 817
76 818
75 818
74 819
73 819
72 820
71 821
70 822
69 823
68 823
67 824
66 825
65 826
64 826
63 827
62 828
61 828
60 829
59 830
58 830
57 831
56 832
55 832
54 833
53 834
52 835
51 836
50 837
49 838
48 838
47 839
46 840
45 841
45 842
44 843
43 844
43 845
42 846
42 847
41 848
40 849
39 850
39 851
38 852
38 853
38 854
38 855
39 856
39 857
40 858
41 859
42 860
42 861
43 862
44 863
45 864
46 865
47 866
48 867
49 868
49 869
50 870
51 871
51 872
52 873
52 874
53 875
53 876
54 877
54 878
55 879
56 880
56 881
57 882
57 883
57 884
58 885
58 886
58 887
58 888
58 889
59 890
59 891
59 892
60 893
60 894
60 895
60 896
60 897
60 898
60 899
61 900
61 901
61 902
62 903
62 904
63 905
63 906
64 906
65 907
66 907
67 907
68 907
69 907
70 907
71 907
72 907
73 908
74 908
75 908
76 908
77 908
78 908
79 908
80 908
81 908
82 908
83 908
84 908
85 908
86 907
87 907
88 907
89 907
90 907
91 907
92 908
93 908
94 908
95 908
96 908
97 908
98 908
99 909
100 909
101 909
102 910
103 910
104 910
105 910
106 911
107 911
108 911
109 911
110 911
111 912
112 912
113 912
114 912
115 912
116 913
117 913
118 913
119 914
120 914
121 914
122 914
123 915
124 914
125 915
126 915
127 915
128 915
129 916
130 916
131 916
132 916
133 916
134 917
135 917
136 917
137 917
138 917
139 917
140 917
141 918
142 918
143 918
144 918
145 918
146 918
147 918
148 918
149 917
150 917
151 917
152 917
153 917
154 917
155 917
156 917
157 918
158 918
159 918
160 918
161 918
162 918
163 918
164 918
165 919
166 919
167 919
168 919
169 919
170 919
171 919
172 919
173 919
174 920
175 920
176 920
177 921
178 921
179 922
180 922
181 922
182 922
183 923
184 923
185 923
186 923
187 923
188 924
189 924
190 924
191 924
192 924
193 925
194 925
195 925
196 925
197 925
198 925
199 925
200 925
201 925
202 925
203 925
204 925
205 924
206 924
207 924
208 924
209 924
210 924
211 924
212 924
213 924
214 924
215 924
216 924
217 925
218 925
219 925
220 925
221 925
222 925
223 925
224 925
225 926
226 926
227 926
228 926
229 926
230 926
231 925
232 925
233 925
234 925
235 925
236 925
237 925
238 925
239 925
240 925
241 926
242 926
243 926
244 927
245 927
246 927
247 928
248 928
249 928
250 929
251 929
252 930
253 930
254 930
255 930
256 930
257 930
258 930
259 930
260 930
261 929
262 929
263 929
264 929
265 929
266 929
267 929
268 929
269 928
270 928
271 928
272 928
273 928
274 928
275 929
276 929
277 929
278 929
279 929
280 929
281 929
282 929
283 929
284 929
285 929
286 929
287 929
288 929
289 929
290 929
291 929
292 929
293 929
294 929
295 929
296 930
297 930
298 930
299 930
300 931
301 931
302 931
303 931
304 931
305 931
306 931
307 930
308 930
309 930
310 929
311 929
312 929
313 929
314 929
315 929
316 929
317 929
318 929
319 928
320 928
321 928
322 927
323 927
324 927
325 927
326 926
327 926
328 926
329 926
330 926
331 926
332 926
333 925
334 925
335 924
336 924
337 924
338 923
339 923
340 922
341 922
342 922
343 922
344 922
345 922
346 922
347 922
348 922
349 922
350 921
351 921
352 921
353 920
354 920
355 920
356 920
357 920
358 920
359 920
360 920
361 920
362 919
363 919
364 918
365 918
366 918
367 918
368 918
369 918
370 918
371 917
372 917
373 917
374 917
375 916
376 916
377 915
378 915
379 915
380 915
381 915
382 915
383 915
384 916
385 915
386 915
387 915
388 915
389 915
390 914
391 914
392 914
393 914
394 914
395 914
396 914
397 914
398 914
399 914
400 913
401 913
402 912
403 913
404 913
405 913
406 913
407 913
408 913
409 913
410 913
411 912
412 912
413 912
414 912
415 911
416 912
417 912
418 912
419 912
420 912
421 911
422 911
423 911
424 911
425 911
426 911
427 911
428 910
429 910
430 910
431 910
432 909
433 909
434 909
435 909
436 909
437 909
438 909
439 909
440 909
441 909
442 909
443 909
444 909
445 909
446 909
447 909
448 909
449 909
450 909
451 909
452 909
453 909
454 909
455 909
456 909
457 909
458 909
459 909
460 908
461 908
462 908
463 908
464 908
465 909
466 909
467 909
468 909
469 910
470 910
471 910
472 911
473 911
474 911
475 911
476 912
477 912
478 912
479 912
480 912
481 912
482 912
483 913
484 913
485 913
486 913
487 914
488 914
489 915
490 916
491 916
492 916
493 916
494 916
495 916
496 917
497 917
498 917
499 918
500 918
501 919
502 920
503 920
504 920
505 920
506 920
507 921
508 921
509 921
510 922
511 922
512 923
513 923
514 923
515 923
516 923
517 923
518 923
519 924
520 924
521 924
522 924
523 924
524 924
525 925
526 925
527 925
528 925
529 925
530 926
531 926
532 926
533 927
534 927
535 928
536 928
537 928
538 928
539 929
540 929
541 930
542 930
543 930
544 931
545 931
546 931
547 932
548 932
549 932
550 932
551 933
552 933
553 932
554 932
555 932
556 932
557 932
558 932
559 931
560 931
561 931
562 931
563 930
564 930
565 930
566 930
567 929
568 929
569 929
570 929
571 929
572 929
573 928
574 928
575 928
576 927
577 927
578 927
579 927
580 927
581 927
582 927
583 927
584 927
585 927
586 927
587 927
588 926
589 926
590 926
591 926
592 926
593 925
594 925
595 925
596 924
597 924
598 923
599 923
600 922
601 922
602 922
603 921
604 921
605 921
606 920
607 920
608 920
609 920
610 919
611 919
612 919
613 918
614 918
615 917
616 917
617 917
618 916
619 916
620 915
621 915
622 914
623 914
624 913
625 913
626 912
627 912
628 912
629 911
630 911
631 911
632 911
633 910
634 910
635 909
636 909
637 908
638 907
639 906
640 905
641 904
642 904
643 903
644 902
645 901
646 900
647 899
648 899
649 898
650 897
651 896
652 896
653 895
654 894
655 894
656 893
657 892
658 891
659 890
659 889
660 888
660 887
661 886
661 885
662 884
662 883
663 882
663 881
664 880
664 879
664 878
664 877
664 876
665 875
665 874
665 873
665 872
665 871
665 870
664 869
664 868
664 867
664 866
664 865
663 864
663 863
663 862
663 861
663 860
662 859
662 858
661 857
660 856
660 855
660 854
660 853
659 852
659 851
659 850
659 849
659 848
659 847
660 846
660 845
660 844
660 843
660 842
660 841
660 840
660 839
660 838
661 837
661 836
661 835
661 834
662 833
662 832
662 831
662 830
662 829
662 828
662 827
662 826
662 825
662 824
662 823
661 822
661 821
660 820
660 819
659 818
659 817
659 816
659 815
658 814
658 813
657 812
656 811
655 810
654 809
653 808
652 807
651 806
650 805
649 805
648 804
647 803
646 803
645 803
644 802
643 802
642 801
641 801
640 801
639 800
638 800
637 800
636 800
635 799
634 799
633 798
632 798
631 798
630 797
629 797
628 797
627 797
626 796
625 796
624 796
623 795
622 794
621 794
620 794
619 793
618 793
617 793
616 792
615 792
614 792
613 791
612 791
611 790
610 790
609 789
608 789
607 789
606 788
605 788
604 788
603 787
602 787
601 787
600 786
599 786
598 786
597 785
596 785
595 784
594 784
593 783
592 782
591 782
590 782
589 782
588 782
587 782
586 782
585 782
584 781
583 781
582 781
581 780
580 780
579 780
578 779
577 779
576 779
575 779
574 779
573 779
572 779
571 779
570 779
569 779
568 779
567 779
566 779
565 779
564 779
563 779
562 778
561 778
560 778
559 777
558 777
557 777
556 777
555 776
554 777
553 777
552 777
551 777
550 777
549 777
548 777
547 776
546 776
545 776
544 775
543 775
542 775
541 774
540 774
539 774
538 774
537 774
536 774
535 774
534 774
533 774
532 774
531 773
530 773
529 773
528 773
527 773
526 773
525 773
524 773
523 773
522 773
521 772
520 772
519 772
518 772
517 772
516 772
515 771
514 771
513 771
512 771
511 771
510 771
509 771
508 771
507 771
506 770
505 770
504 770
503 770
502 770
501 770
500 770
499 770
498 770
497 770
496 771
495 771
494 771
493 771
492 771
491 770
490 770
489 769
488 769
487 769
486 768
485 768
484 768
483 768
482 767
481 767
480 767
479 767
478 767
477 767
476 767
475 766
474 766
473 766
472 766
471 766
470 766
469 766
468 766
467 766
466 765
465 765
464 765
463 765
462 765
461 764
460 764
459 764
458 764
457 764
456 764
455 764
454 764
453 764
452 764
451 763
450 763
449 763
448 763
447 763
446 763
445 763
444 763
443 763
442 763
441 763
440 764
439 764
438 764
437 764
436 764
435 764
434 764
433 764
432 764
431 764
430 764
429 764
428 764
427 764
426 764
425 764
424 764
423 764
422 764
421 764
420 764
419 764
418 764
417 764
416 764
415 764
414 764
413 764
412 764
411 764
410 764
409 764
408 764
407 764
406 764
405 764
404 764
403 764
402 763
401 763
400 763
399 763
398 763
397 763
396 763
395 763
394 763
393 763
392 763
391 763
390 763
389 762
388 762
387 762
386 762
385 761
384 761
383 761
382 761
381 760
380 760
379 761
378 761
377 760
376 760
375 760
374 760
373 760
372 759
371 759
370 759
369 759
368 759
367 759
366 759
365 759
364 759
363 759
362 758
361 758
360 758
359 758
358 757
357 757
356 757
355 757
354 757
353 757
352 757
351 757
350 757
349 757
348 757
347 757
346 757
345 757
344 757
343 757
342 756
341 756
340 756
339 756
338 756
337 756
336 755
335 755
334 755
333 754
332 754
331 754
330 753
329 753
328 753
327 753
326 752
325 752
324 752
323 752
322 752
321 751
320 751
319 751
318 750
317 750
316 750
315 750
314 750
313 750
312 750
311 750
310 750
309 750
308 750
307 750
306 750
305 749
304 749
303 749
302 749
301 748
300 748
299 748
298 748
297 747
296 747
295 747
294 747
293 747
292 747
291 747
290 747
