246 1046
245 1047
244 1047
243 1047
242 1047
241 1047
240 1048
239 1047
238 1048
237 1048
236 1048
235 1048
234 1048
233 1048
232 1048
231 1048
230 1048
229 1048
228 1048
227 1048
226 1048
225 1048
224 1048
223 1049
222 1049
221 1049
220 1049
219 1049
218 1049
217 1050
216 1050
215 1050
214 1050
213 1051
212 1051
211 1051
210 1052
209 1052
208 1052
207 1053
206 1053
205 1054
204 1054
203 1055
202 1055
201 1056
200 1056
199 1056
198 1056
197 1057
196 1057
195 1058
194 1058
193 1058
192 1059
191 1059
190 1059
189 1059
188 1059
187 1060
186 1060
185 1060
184 1060
183 1061
182 1061
181 1061
180 1061
179 1061
178 1062
177 1062
176 1062
175 1062
174 1062
173 1062
172 1062
171 1062
170 1063
169 1062
168 1062
167 1062
166 1062
165 1063
164 1063
163 1063
162 1063
161 1063
160 1064
159 1064
158 1064
157 1064
156 1065
155 1065
154 1066
153 1066
152 1066
151 1067
150 1067
149 1068
148 1069
147 1069
146 1070
145 1070
144 1071
143 1071
142 1072
141 1072
140 1073
139 1073
138 1073
137 1073
136 1074
135 1074
134 1074
133 1074
132 1074
131 1074
130 1074
129 1075
128 1075
127 1075
126 1075
125 1075
124 1076
123 1076
122 1077
121 1077
120 1077
119 1078
118 1078
117 1079
116 1079
115 1079
114 1079
113 1080
112 1080
111 1080
110 1081
109 1081
108 1082
107 1082
106 1082
105 1083
104 1083
103 1083
102 1084
101 1084
100 1084
99 1085
98 1085
97 1085
96 1086
95 1086
94 1086
93 1087
92 1087
91 1088
90 1089
89 1089
88 1089
87 1090
86 1090
85 1091
84 1091
83 1092
82 1092
81 1093
80 1094
79 1095
78 1096
77 1096
76 1097
75 1098
74 1099
73 1099
72 1100
71 1100
70 1100
69 1101
68 1102
67 1103
66 1104
65 1104
64 1105
63 1106
62 1107
61 1107
60 1108
59 1108
58 1109
57 1110
56 1110
55 1111
54 1112
53 1113
52 1114
51 1115
50 1116
50 1117
49 1118
48 1119
48 1120
47 1121
47 1122
46 1123
46 1124
46 1125
45 1126
45 1127
44 1128
43 1129
43 1130
42 1131
42 1132
42 1133
42 1134
42 1135
43 1136
43 1137
43 1138
44 1139
45 1140
46 1141
47 1142
48 1143
49 1144
50 1145
51 1146
52 1147
53 1148
54 1149
55 1150
56 1150
57 1151
58 1152
59 1152
60 1153
61 1154
62 1154
63 1155
64 1156
65 1156
66 1157
67 1157
68 1158
69 1158
70 1159
71 1160
72 1160
73 1161
74 1161
75 1162
76 1162
77 1163
78 1164
79 1164
80 1165
81 1165
82 1165
83 1166
84 1166
85 1167
86 1167
87 1168
88 1168
89 1169
90 1169
91 1169
92 1169
93 1170
94 1170
95 1170
96 1170
97 1170
98 1171
99 1170
100 1171
101 1171
102 1171
103 1171
104 1171
105 1171
106 1172
107 1172
108 1172
109 1172
110 1172
111 1173
112 1173
113 1173
114 1174
115 1174
116 1174
117 1175
118 1175
119 1175
120 1176
121 1176
122 1177
123 1177
124 1177
125 1177
126 1178
127 1178
128 1178
129 1179
130 1179
131 1179
132 1179
133 1180
134 1181
135 1181
136 1181
137 1182
138 1182
139 1183
140 1183
141 1183
142 1184
143 1184
144 1184
145 1185
146 1185
147 1185
148 1185
149 1186
150 1186
151 1186
152 1186
153 1186
154 1187
155 1187
156 1187
157 1187
158 1187
159 1187
160 1187
161 1187
162 1188
163 1188
164 1188
165 1188
166 1188
167 1189
168 1189
169 1189
170 1189
171 1189
172 1189
173 1189
174 1189
175 1189
176 1189
177 1190
178 1190
179 1190
180 1190
181 1190
182 1190
183 1190
184 1190
185 1190
186 1190
187 1190
188 1191
189 1191
190 1191
191 1192
192 1192
193 1192
194 1192
195 1192
196 1193
197 1193
198 1193
199 1194
200 1194
201 1194
202 1194
203 1194
204 1195
205 1195
206 1195
207 1195
208 1195
209 1195
210 1195
211 1195
212 1195
213 1196
214 1196
215 1196
216 1196
217 1196
218 1196
219 1196
220 1196
221 1196
222 1196
223 1196
224 1197
225 1197
226 1197
227 1197
228 1197
229 1197
230 1197
231 1197
232 1197
233 1198
234 1198
235 1198
236 1198
237 1198
238 1198
239 1198
240 1198
241 1198
242 1199
243 1199
244 1199
245 1199
246 1199
247 1199
248 1200
249 1200
250 1200
251 1201
252 1201
253 1201
254 1202
255 1202
256 1202
257 1202
258 1203
259 1203
260 1203
261 1203
262 1204
263 1204
264 1204
265 1204
266 1204
267 1204
268 1204
269 1204
270 1204
271 1205
272 1205
273 1205
274 1205
275 1205
276 1206
277 1206
278 1207
279 1207
280 1207
281 1208
282 1208
283 1208
284 1209
285 1209
286 1210
287 1210
288 1210
289 1210
290 1211
291 1211
292 1211
293 1211
294 1211
295 1212
296 1212
297 1212
298 1212
299 1212
300 1212
301 1212
302 1213
303 1213
304 1213
305 1213
306 1213
307 1213
308 1213
309 1213
310 1213
311 1213
312 1213
313 1213
314 1214
315 1214
316 1214
317 1214
318 1214
319 1215
320 1215
321 1215
322 1215
323 1216
324 1216
325 1216
326 1217
327 1217
328 1217
329 1217
330 1218
331 1218
332 1218
333 1218
334 1218
335 1218
336 1219
337 1219
338 1219
339 1219
340 1220
341 1220
342 1220
343 1220
344 1220
345 1220
346 1220
347 1220
348 1221
349 1221
350 1221
351 1221
352 1221
353 1222
354 1222
355 1222
356 1222
357 1223
358 1223
359 1223
360 1223
361 1223
362 1223
363 1224
364 1224
365 1224
366 1224
367 1224
368 1224
369 1224
370 1224
371 1224
372 1224
373 1225
374 1225
375 1225
376 1225
377 1225
378 1226
379 1226
380 1226
381 1226
382 1226
383 1226
384 1226
385 1226
386 1226
387 1226
388 1226
389 1226
390 1226
391 1226
392 1226
393 1226
394 1226
395 1226
396 1226
397 1226
398 1226
399 1226
400 1225
401 1225
402 1225
403 1225
404 1225
405 1225
406 1224
407 1224
408 1224
409 1224
410 1224
411 1224
412 1224
413 1224
414 1224
415 1224
416 1224
417 1224
418 1224
419 1224
420 1224
421 1224
422 1224
423 1224
424 1224
425 1224
426 1224
427 1224
428 1224
429 1224
430 1224
431 1223
432 1223
433 1223
434 1223
435 1223
436 1223
437 1223
438 1222
439 1222
440 1222
441 1222
442 1222
443 1222
444 1222
445 1222
446 1222
447 1222
448 1222
449 1222
450 1222
451 1222
452 1221
453 1221
454 1221
455 1221
456 1221
457 1221
458 1221
459 1221
460 1221
461 1221
462 1221
463 1221
464 1221
465 1221
466 1221
467 1221
468 1221
469 1221
470 1220
471 1220
472 1220
473 1220
474 1220
475 1220
476 1220
477 1220
478 1220
479 1220
480 1220
481 1220
482 1220
483 1220
484 1220
485 1220
486 1220
487 1219
488 1219
489 1219
490 1219
491 1219
492 1219
493 1218
494 1218
495 1218
496 1217
497 1217
498 1217
499 1217
500 1216
501 1216
502 1216
503 1216
504 1216
505 1215
506 1215
507 1215
508 1215
509 1215
510 1215
511 1215
512 1215
513 1215
514 1215
515 1215
516 1215
517 1215
518 1215
519 1215
520 1215
521 1215
522 1215
523 1215
524 1215
525 1214
526 1214
527 1214
528 1214
529 1214
530 1214
531 1214
532 1214
533 1214
534 1214
535 1214
536 1214
537 1214
538 1214
539 1214
540 1214
541 1214
542 1214
543 1214
544 1213
545 1213
546 1213
547 1212
548 1212
549 1212
550 1212
551 1212
552 1212
553 1212
554 1212
555 1212
556 1212
557 1212
558 1212
559 1212
560 1212
561 1212
562 1212
563 1212
564 1212
565 1212
566 1212
567 1212
568 1212
569 1212
570 1212
571 1212
572 1212
573 1212
574 1212
575 1212
576 1213
577 1213
578 1213
579 1213
580 1213
581 1213
582 1214
583 1214
584 1214
585 1214
586 1214
587 1214
588 1214
589 1214
590 1214
591 1214
592 1214
593 1214
594 1214
595 1214
596 1214
597 1214
598 1214
599 1214
600 1214
601 1214
602 1214
603 1214
604 1213
605 1213
606 1213
607 1213
608 1212
609 1212
610 1212
611 1211
612 1211
613 1211
614 1210
615 1210
616 1210
617 1210
618 1209
619 1209
620 1209
621 1208
622 1208
623 1208
624 1207
625 1207
626 1206
627 1206
628 1205
629 1205
630 1204
631 1203
632 1203
633 1202
634 1201
635 1200
636 1199
637 1198
638 1197
639 1196
640 1195
641 1194
642 1193
643 1192
644 1191
645 1190
646 1189
646 1188
647 1187
647 1186
647 1185
647 1184
647 1183
648 1182
648 1181
648 1180
648 1179
648 1178
648 1177
649 1176
649 1175
649 1174
649 1173
650 1172
650 1171
650 1170
650 1169
650 1168
650 1167
651 1166
651 1165
651 1164
651 1163
652 1162
652 1161
652 1160
652 1159
652 1158
653 1157
653 1156
654 1155
654 1154
655 1153
655 1152
656 1151
657 1150
657 1149
658 1148
659 1147
659 1146
660 1145
660 1144
661 1143
661 1142
662 1141
662 1140
663 1139
663 1138
664 1137
664 1136
664 1135
665 1134
665 1133
665 1132
666 1131
666 1130
667 1129
667 1128
668 1127
668 1126
669 1125
669 1124
669 1123
669 1122
669 1121
669 1120
669 1119
669 1118
669 1117
668 1116
667 1115
667 1114
666 1113
665 1113
664 1112
663 1111
662 1111
661 1110
660 1109
659 1108
658 1108
657 1107
656 1106
655 1105
654 1104
653 1104
652 1103
651 1102
651 1101
650 1100
649 1099
648 1098
647 1097
646 1096
645 1095
644 1094
644 1093
643 1092
642 1091
641 1090
641 1089
640 1088
640 1087
639 1087
638 1086
637 1085
636 1085
635 1084
634 1084
633 1083
632 1083
631 1083
630 1082
629 1082
628 1082
627 1081
626 1081
625 1080
624 1080
623 1080
622 1079
621 1079
620 1079
619 1078
618 1078
617 1078
616 1077
615 1077
614 1076
613 1076
612 1076
611 1075
610 1075
609 1075
608 1074
607 1074
606 1074
605 1074
604 1074
603 1074
602 1073
601 1073
600 1073
599 1073
598 1073
597 1073
596 1073
595 1073
594 1073
593 1073
592 1073
591 1073
590 1073
589 1073
588 1073
587 1073
586 1073
585 1073
584 1073
583 1073
582 1073
581 1073
580 1073
579 1073
578 1073
577 1073
576 1073
575 1073
574 1073
573 1073
572 1073
571 1073
570 1072
569 1072
568 1072
567 1072
566 1072
565 1072
564 1072
563 1072
562 1072
561 1072
560 1073
559 1073
558 1073
557 1073
556 1073
555 1073
554 1073
553 1074
552 1074
551 1075
550 1075
549 1075
548 1075
547 1075
546 1076
545 1076
544 1076
543 1077
542 1077
541 1077
540 1077
539 1078
538 1078
537 1078
536 1079
535 1079
534 1079
533 1079
532 1079
531 1079
530 1080
529 1080
528 1080
527 1080
526 1080
525 1081
524 1081
523 1081
522 1081
521 1082
520 1082
519 1082
518 1082
517 1082
516 1082
515 1082
514 1082
513 1082
512 1082
511 1082
510 1082
509 1082
508 1082
507 1082
506 1082
505 1082
504 1082
503 1082
502 1082
501 1082
500 1083
499 1083
498 1083
497 1083
496 1083
495 1083
494 1083
493 1083
492 1083
491 1083
490 1083
489 1083
488 1083
487 1083
486 1083
485 1084
484 1084
483 1084
482 1084
481 1084
480 1084
479 1084
478 1085
477 1085
476 1085
475 1085
474 1085
473 1085
472 1085
471 1085
470 1085
469 1085
468 1085
467 1085
466 1085
465 1085
464 1085
463 1085
462 1084
461 1084
460 1084
459 1084
458 1084
457 1084
456 1084
455 1084
454 1084
453 1084
452 1084
451 1084
450 1084
449 1083
448 1083
447 1083
446 1083
445 1083
444 1082
443 1082
442 1082
441 1082
440 1082
439 1082
438 1082
437 1081
436 1081
435 1081
434 1081
433 1081
432 1081
431 1081
430 1081
429 1081
428 1081
427 1081
426 1081
425 1081
424 1081
423 1081
422 1081
421 1081
420 1081
419 1081
418 1081
417 1081
416 1081
415 1081
414 1081
413 1081
412 1081
411 1080
410 1080
409 1080
408 1079
407 1079
406 1078
405 1078
404 1077
403 1076
403 1075
403 1074
403 1073
403 1072
403 1071
403 1070
403 1069
404 1068
404 1067
404 1066
403 1065
403 1064
403 1063
402 1062
401 1062
400 1062
399 1061
398 1061
397 1060
396 1060
395 1060
394 1060
393 1060
392 1060
391 1060
390 1060
389 1060
388 1060
387 1060
386 1060
385 1060
384 1061
383 1061
382 1061
381 1061
380 1061
379 1061
378 1062
377 1062
376 1062
375 1062
374 1062
373 1062
372 1062
371 1062
370 1062
369 1062
368 1062
367 1063
366 1062
365 1063
364 1062
363 1062
362 1062
361 1062
360 1062
359 1061
358 1061
357 1061
356 1061
355 1061
354 1061
353 1060
352 1060
351 1060
350 1059
349 1059
348 1059
347 1059
346 1058
345 1058
344 1058
343 1058
342 1058
341 1057
340 1057
339 1057
338 1056
337 1056
336 1056
335 1055
334 1055
333 1055
332 1054
331 1054
330 1053
329 1053
328 1053
327 1053
326 1053
325 1053
324 1052
323 1052
322 1052
321 1052
320 1052
319 1052
318 1052
317 1052
316 1051
315 1051
314 1051
313 1051
312 1051
311 1051
310 1051
309 1051
308 1051
307 1050
306 1050
305 1050
304 1050
303 1050
302 1050
301 1050
300 1050
299 1050
298 1050
297 1050
296 1050
295 1050
294 1050
293 1050
292 1050
291 1050
290 1050
289 1050
288 1050
287 1050
286 1050
285 1050
284 1050
283 1050
282 1049
281 1049
280 1049
279 1049
278 1049
277 1049
276 1049
275 1049
274 1049
273 1049
272 1048
271 1048
270 1048
269 1048
268 1048
267 1048
266 1048
265 1048
264 1048
263 1048
262 1048
261 1048
260 1047
259 1047
258 1047
257 1047
256 1046
255 1046
254 1046
253 1046
252 1046
251 1046
250 1046
249 1046
248 1046
247 1046
246 1046
