456 1333
455 1334
454 1334
453 1334
452 1335
451 1335
450 1335
449 1335
448 1335
447 1336
446 1336
445 1336
444 1336
443 1336
442 1337
441 1337
440 1337
439 1337
438 1337
437 1338
436 1338
435 1338
434 1338
433 1338
432 1338
431 1338
430 1338
429 1338
428 1338
427 1338
426 1338
425 1338
424 1338
423 1338
422 1338
421 1338
420 1338
419 1338
418 1338
417 1338
416 1338
415 1338
414 1338
413 1338
412 1338
411 1339
410 1339
409 1339
408 1340
407 1340
406 1340
405 1340
404 1340
403 1340
402 1340
401 1340
400 1340
399 1340
398 1340
397 1340
396 1340
395 1340
394 1340
393 1340
392 1340
391 1340
390 1340
389 1340
388 1340
387 1340
386 1340
385 1340
384 1340
383 1340
382 1340
381 1340
380 1340
379 1340
378 1340
377 1340
376 1340
375 1340
374 1339
373 1339
372 1339
371 1339
370 1339
369 1339
368 1339
367 1339
366 1339
365 1339
364 1339
363 1339
362 1339
361 1339
360 1339
359 1339
358 1338
357 1338
356 1338
355 1338
354 1338
353 1338
352 1338
351 1338
350 1338
349 1339
348 1339
347 1339
346 1339
345 1340
344 1340
343 1340
342 1340
341 1340
340 1340
339 1340
338 1340
337 1340
336 1341
335 1341
334 1341
333 1341
332 1341
331 1342
330 1342
329 1342
328 1342
327 1342
326 1342
325 1342
324 1342
323 1342
322 1342
321 1342
320 1343
319 1343
318 1343
317 1343
316 1344
315 1344
314 1344
313 1344
312 1344
311 1344
310 1344
309 1345
308 1345
307 1345
306 1345
305 1345
304 1345
303 1345
302 1345
301 1345
300 1345
299 1346
298 1346
297 1346
296 1347
295 1347
294 1347
293 1347
292 1347
291 1347
290 1347
289 1347
288 1347
287 1347
286 1347
285 1347
284 1347
283 1347
282 1347
281 1347
280 1347
279 1347
278 1347
277 1348
276 1348
275 1348
274 1348
273 1348
272 1348
271 1348
270 1348
269 1348
268 1348
267 1348
266 1348
265 1348
264 1349
263 1349
262 1349
261 1349
260 1350
259 1350
258 1350
257 1350
256 1351
255 1351
254 1351
253 1351
252 1351
251 1351
250 1351
249 1351
248 1351
247 1351
246 1351
245 1351
244 1351
243 1351
242 1352
241 1352
240 1352
239 1353
238 1353
237 1353
236 1354
235 1354
234 1354
233 1355
232 1355
231 1356
230 1356
229 1356
228 1357
227 1357
226 1357
225 1357
224 1358
223 1358
222 1358
221 1358
220 1358
219 1358
218 1359
217 1359
216 1359
215 1359
214 1359
213 1359
212 1359
211 1359
210 1359
209 1359
208 1359
207 1359
206 1360
205 1360
204 1361
203 1361
202 1362
201 1363
200 1364
199 1364
198 1365
197 1365
196 1365
195 1366
194 1366
193 1366
192 1366
191 1367
190 1367
189 1367
188 1367
187 1367
186 1367
185 1367
184 1368
183 1368
182 1368
181 1368
180 1368
179 1368
178 1368
177 1368
176 1368
175 1368
174 1368
173 1368
172 1368
171 1368
170 1369
169 1369
168 1369
167 1369
166 1369
165 1369
164 1370
163 1370
162 1370
161 1370
160 1370
159 1370
158 1370
157 1370
156 1370
155 1371
154 1371
153 1371
152 1372
151 1372
150 1373
149 1374
148 1374
147 1375
146 1376
145 1377
144 1377
143 1378
142 1378
141 1379
140 1379
139 1380
138 1380
137 1380
136 1380
135 1380
134 1380
133 1380
132 1380
131 1380
130 1379
129 1379
128 1379
127 1379
126 1379
125 1379
124 1379
123 1380
122 1380
121 1381
120 1381
119 1382
118 1382
117 1382
116 1382
115 1383
114 1383
113 1383
112 1383
111 1383
110 1384
109 1384
108 1385
107 1385
106 1385
105 1385
104 1386
103 1386
102 1386
101 1386
100 1386
99 1387
98 1387
97 1387
96 1387
95 1387
94 1387
93 1387
92 1387
91 1387
90 1387
89 1387
88 1387
87 1387
86 1388
85 1388
84 1389
83 1389
82 1390
81 1390
80 1391
79 1391
78 1392
77 1392
76 1393
75 1393
74 1393
73 1393
72 1393
71 1393
70 1393
69 1393
68 1393
67 1393
66 1394
65 1394
64 1394
63 1394
62 1395
61 1395
60 1395
59 1396
58 1396
57 1396
56 1397
55 1397
54 1398
53 1398
52 1398
51 1399
50 1400
49 1401
48 1401
47 1402
46 1402
45 1403
44 1403
43 1404
42 1404
41 1404
40 1405
39 1405
38 1406
37 1406
36 1407
35 1408
35 1409
35 1410
35 1411
35 1412
35 1413
35 1414
36 1415
36 1416
37 1417
37 1418
37 1419
38 1420
38 1421
39 1422
39 1423
39 1424
40 1425
41 1426
42 1427
43 1428
44 1429
45 1430
46 1431
47 1432
48 1433
49 1434
50 1435
51 1435
52 1435
53 1436
54 1436
55 1437
56 1437
57 1438
58 1438
59 1439
60 1439
61 1440
62 1440
63 1441
64 1441
65 1442
66 1442
67 1442
68 1443
69 1443
70 1443
71 1444
72 1444
73 1444
74 1444
75 1444
76 1444
77 1444
78 1445
79 1445
80 1445
81 1445
82 1446
83 1446
84 1447
85 1447
86 1448
87 1448
88 1448
89 1448
90 1448
91 1448
92 1448
93 1448
94 1448
95 1448
96 1448
97 1448
98 1448
99 1448
100 1448
101 1448
102 1448
103 1448
104 1448
105 1448
106 1448
107 1448
108 1449
109 1449
110 1449
111 1450
112 1450
113 1450
114 1451
115 1451
116 1451
117 1451
118 1451
119 1451
120 1451
121 1451
122 1451
123 1451
124 1451
125 1451
126 1451
127 1451
128 1451
129 1451
130 1451
131 1451
132 1451
133 1451
134 1451
135 1451
136 1451
137 1451
138 1451
139 1452
140 1452
141 1452
142 1452
143 1452
144 1452
145 1452
146 1452
147 1452
148 1452
149 1452
150 1452
151 1453
152 1453
153 1453
154 1453
155 1453
156 1453
157 1453
158 1453
159 1453
160 1453
161 1453
162 1453
163 1454
164 1454
165 1454
166 1455
167 1455
168 1455
169 1456
170 1456
171 1456
172 1456
173 1456
174 1456
175 1456
176 1456
177 1456
178 1456
179 1456
180 1456
181 1456
182 1456
183 1456
184 1456
185 1456
186 1456
187 1456
188 1456
189 1456
190 1456
191 1456
192 1456
193 1457
194 1457
195 1457
196 1458
197 1458
198 1458
199 1458
200 1458
201 1459
202 1459
203 1459
204 1459
205 1459
206 1460
207 1460
208 1460
209 1460
210 1460
211 1460
212 1460
213 1460
214 1460
215 1460
216 1460
217 1460
218 1460
219 1460
220 1460
221 1460
222 1461
223 1461
224 1461
225 1461
226 1461
227 1461
228 1461
229 1461
230 1461
231 1461
232 1461
233 1461
234 1461
235 1461
236 1461
237 1461
238 1461
239 1461
240 1461
241 1461
242 1461
243 1461
244 1461
245 1461
246 1461
247 1461
248 1461
249 1461
250 1461
251 1461
252 1461
253 1461
254 1461
255 1461
256 1461
257 1461
258 1460
259 1460
260 1460
261 1460
262 1460
263 1460
264 1460
265 1460
266 1460
267 1460
268 1460
269 1460
270 1460
271 1460
272 1460
273 1460
274 1460
275 1460
276 1461
277 1461
278 1462
279 1462
280 1462
281 1463
282 1463
283 1463
284 1463
285 1463
286 1463
287 1463
288 1463
289 1463
290 1463
291 1463
292 1463
293 1463
294 1463
295 1463
296 1463
297 1463
298 1464
299 1464
300 1464
301 1464
302 1464
303 1465
304 1465
305 1465
306 1465
307 1465
308 1465
309 1466
310 1466
311 1466
312 1466
313 1466
314 1466
315 1465
316 1465
317 1465
318 1465
319 1465
320 1465
321 1465
322 1464
323 1464
324 1464
325 1463
326 1463
327 1463
328 1463
329 1463
330 1463
331 1463
332 1464
333 1464
334 1464
335 1464
336 1465
337 1465
338 1465
339 1465
340 1465
341 1465
342 1465
343 1465
344 1465
345 1464
346 1464
347 1464
348 1464
349 1463
350 1463
351 1463
352 1464
353 1464
354 1464
355 1464
356 1464
357 1465
358 1465
359 1465
360 1465
361 1465
362 1465
363 1466
364 1466
365 1466
366 1466
367 1466
368 1466
369 1466
370 1466
371 1466
372 1466
373 1466
374 1466
375 1466
376 1466
377 1466
378 1466
379 1466
380 1466
381 1466
382 1466
383 1466
384 1466
385 1466
386 1465
387 1465
388 1465
389 1465
390 1465
391 1464
392 1464
393 1465
394 1465
395 1465
396 1466
397 1466
398 1466
399 1466
400 1466
401 1466
402 1466
403 1466
404 1466
405 1465
406 1465
407 1465
408 1464
409 1464
410 1463
411 1463
412 1463
413 1463
414 1462
415 1462
416 1462
417 1462
418 1461
419 1461
420 1461
421 1461
422 1461
423 1461
424 1461
425 1461
426 1461
427 1461
428 1462
429 1462
430 1462
431 1463
432 1463
433 1463
434 1464
435 1464
436 1464
437 1465
438 1465
439 1465
440 1466
441 1466
442 1466
443 1466
444 1467
445 1468
446 1468
447 1468
448 1468
449 1468
450 1468
451 1468
452 1467
453 1467
454 1467
455 1467
456 1467
457 1468
458 1468
459 1468
460 1468
461 1468
462 1468
463 1468
464 1468
465 1468
466 1468
467 1468
468 1468
469 1468
470 1468
471 1468
472 1468
473 1468
474 1468
475 1469
476 1469
477 1469
478 1469
479 1469
480 1469
481 1469
482 1469
483 1469
484 1469
485 1469
486 1468
487 1468
488 1469
489 1469
490 1469
491 1469
492 1469
493 1469
494 1469
495 1469
496 1469
497 1469
498 1469
499 1469
500 1469
501 1469
502 1469
503 1469
504 1469
505 1470
506 1470
507 1470
508 1470
509 1470
510 1469
511 1469
512 1469
513 1469
514 1469
515 1469
516 1469
517 1469
518 1469
519 1468
520 1468
521 1468
522 1467
523 1467
524 1467
525 1466
526 1466
527 1466
528 1465
529 1465
530 1465
531 1465
532 1465
533 1465
534 1465
535 1464
536 1464
537 1464
538 1464
539 1464
540 1464
541 1464
542 1464
543 1463
544 1463
545 1463
546 1463
547 1463
548 1463
549 1463
550 1463
551 1463
552 1463
553 1463
554 1462
555 1462
556 1462
557 1462
558 1462
559 1462
560 1462
561 1461
562 1461
563 1461
564 1461
565 1460
566 1460
567 1459
568 1459
569 1459
570 1458
571 1458
572 1458
573 1458
574 1458
575 1458
576 1458
577 1458
578 1458
579 1458
580 1457
581 1457
582 1457
583 1456
584 1456
585 1456
586 1456
587 1456
588 1456
589 1457
590 1456
591 1456
592 1456
593 1456
594 1456
595 1456
596 1456
597 1456
598 1456
599 1456
600 1456
601 1456
602 1456
603 1455
604 1455
605 1455
606 1455
607 1455
608 1455
609 1455
610 1455
611 1455
612 1454
613 1454
614 1454
615 1454
616 1453
617 1453
618 1453
619 1452
620 1452
621 1452
622 1451
623 1451
624 1450
625 1450
626 1449
627 1449
628 1448
629 1447
630 1446
631 1445
632 1445
633 1444
634 1443
635 1442
636 1441
637 1440
638 1439
639 1438
640 1437
641 1436
642 1435
643 1434
644 1433
645 1432
646 1432
647 1431
648 1430
649 1430
650 1429
651 1429
652 1428
653 1428
654 1427
655 1426
656 1426
657 1425
658 1424
659 1423
660 1422
660 1421
661 1420
661 1419
661 1418
661 1417
662 1416
662 1415
662 1414
662 1413
662 1412
661 1411
661 1410
661 1409
661 1408
661 1407
661 1406
661 1405
660 1404
660 1403
660 1402
660 1401
660 1400
659 1399
659 1398
658 1397
658 1396
658 1395
657 1394
657 1393
656 1392
656 1391
656 1390
656 1389
655 1388
655 1387
655 1386
654 1385
654 1384
653 1383
653 1382
652 1381
652 1380
651 1379
650 1378
649 1377
648 1376
647 1375
646 1374
645 1373
644 1373
643 1372
642 1372
641 1371
640 1371
639 1371
638 1371
637 1370
636 1370
635 1370
634 1369
633 1369
632 1369
631 1368
630 1368
629 1367
628 1367
627 1366
626 1366
625 1365
624 1365
623 1364
622 1364
621 1363
620 1363
619 1363
618 1363
617 1362
616 1362
615 1362
614 1362
613 1362
612 1362
611 1362
610 1362
609 1362
608 1362
607 1362
606 1362
605 1361
604 1361
603 1361
602 1361
601 1361
600 1361
599 1361
598 1360
597 1360
596 1360
595 1359
594 1359
593 1359
592 1358
591 1358
590 1357
589 1357
588 1356
587 1356
586 1356
585 1355
584 1355
583 1355
582 1355
581 1354
580 1354
579 1354
578 1353
577 1353
576 1353
575 1353
574 1353
573 1352
572 1352
571 1352
570 1352
569 1352
568 1351
567 1351
566 1350
565 1350
564 1350
563 1350
562 1349
561 1349
560 1349
559 1348
558 1348
557 1348
556 1348
555 1348
554 1348
553 1348
552 1348
551 1348
550 1348
549 1348
548 1347
547 1347
546 1347
545 1347
544 1346
543 1346
542 1345
541 1345
540 1344
539 1344
538 1344
537 1343
536 1343
535 1343
534 1343
533 1342
532 1342
531 1342
530 1342
529 1342
528 1341
527 1341
526 1341
525 1341
524 1341
523 1341
522 1341
521 1340
520 1340
519 1340
518 1340
517 1340
516 1339
515 1339
514 1339
513 1339
512 1339
511 1339
510 1338
509 1338
508 1338
507 1338
506 1337
505 1337
504 1337
503 1336
502 1336
501 1336
500 1336
499 1335
498 1335
497 1335
496 1335
495 1335
494 1335
493 1335
492 1335
491 1335
490 1335
489 1335
488 1335
487 1335
486 1335
485 1335
484 1335
483 1335
482 1335
481 1335
480 1335
479 1335
478 1335
477 1335
476 1335
475 1335
474 1334
473 1334
472 1334
471 1334
470 1334
469 1334
468 1334
467 1334
466 1334
465 1334
464 1334
463 1334
462 1334
461 1334
460 1334
459 1334
458 1333
457 1333
456 1333
