302 1545
301 1546
300 1546
299 1546
298 1546
297 1546
296 1546
295 1546
294 1546
293 1546
292 1547
291 1547
290 1547
289 1547
288 1547
287 1547
286 1548
285 1548
284 1548
283 1548
282 1548
281 1548
280 1547
279 1547
278 1547
277 1547
276 1547
275 1546
274 1546
273 1546
272 1546
271 1546
270 1546
269 1546
268 1546
267 1546
266 1546
265 1546
264 1546
263 1546
262 1546
261 1546
260 1546
259 1546
258 1546
257 1546
256 1547
255 1547
254 1547
253 1547
252 1547
251 1547
250 1547
249 1547
248 1547
247 1547
246 1547
245 1547
244 1547
243 1547
242 1547
241 1547
240 1547
239 1547
238 1548
237 1548
236 1548
235 1548
234 1549
233 1549
232 1550
231 1550
230 1550
229 1550
228 1551
227 1551
226 1551
225 1552
224 1552
223 1552
222 1552
221 1552
220 1552
219 1552
218 1552
217 1553
216 1553
215 1553
214 1553
213 1553
212 1553
211 1554
210 1554
209 1554
208 1554
207 1554
206 1554
205 1554
204 1554
203 1554
202 1554
201 1554
200 1554
199 1554
198 1554
197 1554
196 1554
195 1554
194 1554
193 1554
192 1554
191 1554
190 1555
189 1555
188 1555
187 1555
186 1556
185 1557
184 1557
183 1557
182 1557
181 1557
180 1557
179 1557
178 1557
177 1557
176 1557
175 1557
174 1557
173 1557
172 1557
171 1558
170 1558
169 1558
168 1558
167 1559
166 1559
165 1559
164 1559
163 1560
162 1560
161 1560
160 1561
159 1561
158 1561
157 1562
156 1562
155 1562
154 1563
153 1563
152 1563
151 1563
150 1563
149 1563
148 1563
147 1564
146 1564
145 1564
144 1564
143 1565
142 1565
141 1565
140 1565
139 1565
138 1565
137 1565
136 1566
135 1566
134 1567
133 1567
132 1567
131 1568
130 1568
129 1568
128 1568
127 1568
126 1568
125 1568
124 1569
123 1569
122 1570
121 1570
120 1570
119 1570
118 1570
117 1570
116 1571
115 1571
114 1572
113 1573
112 1573
112 1574
112 1575
111 1576
110 1576
109 1577
108 1577
107 1578
107 1579
106 1580
105 1580
104 1580
103 1581
102 1582
101 1582
100 1583
99 1583
98 1584
97 1584
96 1584
95 1584
94 1585
93 1585
92 1585
91 1585
90 1585
89 1586
88 1586
87 1587
86 1587
85 1588
84 1589
83 1590
82 1591
81 1592
80 1593
79 1594
78 1595
77 1596
76 1596
76 1597
75 1598
74 1598
73 1598
72 1599
71 1599
70 1600
70 1601
69 1602
68 1602
67 1603
67 1604
66 1605
65 1605
64 1606
63 1606
62 1607
61 1608
60 1608
59 1608
58 1608
57 1609
56 1609
55 1609
54 1610
53 1610
52 1610
51 1610
50 1610
49 1610
48 1610
47 1611
46 1611
45 1611
44 1612
44 1613
43 1614
42 1614
42 1615
41 1616
41 1617
41 1618
41 1619
40 1620
40 1621
40 1622
39 1623
40 1624
39 1625
39 1626
38 1627
38 1628
38 1629
38 1630
37 1631
37 1632
37 1633
37 1634
36 1635
36 1636
37 1637
37 1638
38 1639
38 1640
39 1641
40 1641
41 1642
42 1643
43 1643
44 1644
45 1644
46 1645
47 1645
48 1645
49 1646
50 1646
51 1646
52 1646
53 1647
54 1647
55 1647
56 1648
57 1649
58 1649
59 1649
60 1649
61 1649
62 1649
63 1649
64 1649
65 1650
66 1650
67 1650
68 1650
69 1650
70 1651
71 1651
72 1651
73 1652
74 1652
75 1653
76 1653
77 1653
78 1654
79 1654
80 1655
81 1656
82 1656
83 1657
84 1657
85 1657
86 1658
87 1659
88 1659
89 1660
90 1660
91 1661
92 1661
93 1662
94 1662
95 1663
96 1663
97 1664
98 1664
99 1664
100 1664
101 1664
102 1665
103 1665
104 1665
105 1665
106 1665
107 1665
108 1665
109 1665
110 1665
111 1665
112 1665
113 1665
114 1666
115 1666
116 1666
117 1666
118 1667
119 1667
120 1667
121 1667
122 1667
123 1667
124 1667
125 1667
126 1667
127 1667
128 1667
129 1667
130 1667
131 1667
132 1667
133 1667
134 1666
135 1666
136 1666
137 1666
138 1666
139 1666
140 1667
141 1667
142 1667
143 1667
144 1667
145 1668
146 1668
147 1668
148 1668
149 1668
150 1668
151 1667
152 1667
153 1667
154 1667
155 1666
156 1667
157 1667
158 1667
159 1667
160 1667
161 1666
162 1667
163 1667
164 1667
165 1667
166 1667
167 1668
168 1668
169 1668
170 1668
171 1668
172 1668
173 1668
174 1668
175 1668
176 1668
177 1669
178 1669
179 1669
180 1669
181 1670
182 1670
183 1670
184 1670
185 1670
186 1670
187 1670
188 1670
189 1670
190 1670
191 1670
192 1670
193 1670
194 1670
195 1670
196 1670
197 1670
198 1670
199 1670
200 1670
201 1670
202 1670
203 1670
204 1670
205 1670
206 1670
207 1670
208 1670
209 1670
210 1670
211 1670
212 1670
213 1670
214 1670
215 1670
216 1670
217 1670
218 1670
219 1670
220 1670
221 1670
222 1671
223 1671
224 1671
225 1671
226 1671
227 1670
228 1670
229 1670
230 1670
231 1670
232 1670
233 1670
234 1670
235 1671
236 1671
237 1671
238 1671
239 1671
240 1672
241 1672
242 1672
243 1672
244 1672
245 1672
246 1672
247 1673
248 1673
249 1673
250 1673
251 1673
252 1673
253 1673
254 1673
255 1673
256 1673
257 1673
258 1673
259 1673
260 1673
261 1673
262 1673
263 1673
264 1673
265 1673
266 1673
267 1673
268 1673
269 1673
270 1673
271 1673
272 1673
273 1673
274 1673
275 1673
276 1673
277 1673
278 1673
279 1673
280 1673
281 1673
282 1673
283 1673
284 1673
285 1673
286 1673
287 1673
288 1673
289 1673
290 1673
291 1673
292 1673
293 1673
294 1674
295 1674
296 1674
297 1674
298 1674
299 1674
300 1674
301 1674
302 1674
303 1674
304 1674
305 1674
306 1674
307 1674
308 1674
309 1674
310 1674
311 1674
312 1674
313 1674
314 1675
315 1675
316 1675
317 1675
318 1675
319 1676
320 1676
321 1676
322 1677
323 1677
324 1677
325 1677
326 1677
327 1678
328 1678
329 1678
330 1678
331 1678
332 1679
333 1679
334 1679
335 1679
336 1679
337 1679
338 1679
339 1680
340 1680
341 1680
342 1680
343 1681
344 1681
345 1681
346 1681
347 1682
348 1682
349 1682
350 1682
351 1682
352 1682
353 1682
354 1682
355 1682
356 1682
357 1683
358 1683
359 1683
360 1683
361 1683
362 1683
363 1683
364 1683
365 1683
366 1683
367 1682
368 1682
369 1682
370 1682
371 1682
372 1682
373 1682
374 1682
375 1683
376 1683
377 1683
378 1683
379 1683
380 1683
381 1683
382 1684
383 1684
384 1684
385 1684
386 1685
387 1685
388 1685
389 1686
390 1686
391 1686
392 1686
393 1686
394 1686
395 1686
396 1687
397 1687
398 1687
399 1687
400 1687
401 1687
402 1687
403 1687
404 1687
405 1687
406 1687
407 1687
408 1687
409 1687
410 1687
411 1687
412 1688
413 1688
414 1688
415 1689
416 1689
417 1689
418 1689
419 1689
420 1689
421 1689
422 1689
423 1689
424 1689
425 1689
426 1689
427 1689
428 1689
429 1690
430 1690
431 1690
432 1690
433 1690
434 1691
435 1691
436 1691
437 1691
438 1691
439 1691
440 1691
441 1691
442 1692
443 1692
444 1692
445 1692
446 1692
447 1693
448 1693
449 1693
450 1693
451 1693
452 1693
453 1693
454 1693
455 1692
456 1692
457 1692
458 1691
459 1691
460 1691
461 1691
462 1691
463 1691
464 1691
465 1691
466 1691
467 1691
468 1691
469 1691
470 1691
471 1691
472 1691
473 1691
474 1691
475 1691
476 1691
477 1691
478 1691
479 1691
480 1691
481 1691
482 1691
483 1691
484 1691
485 1691
486 1691
487 1691
488 1691
489 1691
490 1691
491 1692
492 1692
493 1692
494 1692
495 1692
496 1692
497 1692
498 1693
499 1693
500 1694
501 1694
502 1694
503 1695
504 1695
505 1695
506 1695
507 1695
508 1694
509 1694
510 1694
511 1694
512 1694
513 1693
514 1693
515 1693
516 1693
517 1694
518 1694
519 1694
520 1695
521 1695
522 1695
523 1696
524 1696
525 1696
526 1696
527 1697
528 1697
529 1697
530 1697
531 1698
532 1698
533 1698
534 1698
535 1698
536 1699
537 1699
538 1698
539 1698
540 1698
541 1698
542 1698
543 1698
544 1698
545 1698
546 1698
547 1698
548 1698
549 1698
550 1699
551 1699
552 1699
553 1700
554 1700
555 1700
556 1700
557 1700
558 1700
559 1701
560 1701
561 1701
562 1702
563 1702
564 1703
565 1703
566 1704
567 1704
568 1704
569 1705
570 1705
571 1706
572 1706
573 1706
574 1706
575 1706
576 1706
577 1706
578 1706
579 1706
580 1707
581 1707
582 1707
583 1707
584 1707
585 1707
586 1707
587 1708
588 1708
589 1708
590 1708
591 1708
592 1708
593 1708
594 1708
595 1708
596 1708
597 1708
598 1708
599 1708
600 1708
601 1707
602 1707
603 1706
604 1706
605 1706
606 1706
607 1706
608 1705
609 1705
610 1705
611 1705
612 1705
613 1704
614 1704
615 1704
616 1704
617 1704
618 1703
619 1703
620 1703
621 1703
622 1702
623 1702
624 1702
625 1701
626 1701
627 1700
628 1700
629 1699
630 1699
631 1699
632 1698
633 1698
634 1697
635 1696
636 1695
637 1694
638 1693
638 1692
639 1691
640 1690
641 1689
642 1689
643 1688
644 1687
645 1686
646 1686
647 1685
648 1684
649 1683
650 1682
651 1681
652 1680
653 1679
654 1678
655 1677
655 1676
656 1675
656 1674
657 1673
657 1672
657 1671
657 1670
657 1669
658 1668
658 1667
658 1666
658 1665
658 1664
658 1663
658 1662
658 1661
658 1660
659 1659
659 1658
659 1657
659 1656
659 1655
659 1654
660 1653
660 1652
660 1651
660 1650
660 1649
660 1648
661 1647
661 1646
661 1645
661 1644
661 1643
661 1642
662 1641
662 1640
662 1639
662 1638
662 1637
662 1636
662 1635
662 1634
663 1633
663 1632
663 1631
663 1630
663 1629
663 1628
663 1627
663 1626
663 1625
663 1624
663 1623
663 1622
662 1621
662 1620
662 1619
662 1618
662 1617
662 1616
662 1615
662 1614
662 1613
662 1612
662 1611
662 1610
661 1609
661 1608
661 1607
661 1606
661 1605
660 1604
660 1603
660 1602
659 1601
659 1600
658 1599
658 1598
657 1597
657 1596
656 1595
656 1594
656 1593
656 1592
655 1591
655 1590
655 1589
654 1588
653 1587
652 1586
651 1586
650 1585
649 1585
648 1585
647 1584
646 1584
645 1584
644 1583
643 1583
642 1583
641 1582
640 1582
639 1581
638 1581
637 1580
636 1580
635 1579
634 1578
633 1578
632 1577
631 1577
630 1577
629 1576
628 1576
627 1576
626 1576
625 1576
624 1576
623 1576
622 1576
621 1576
620 1576
619 1576
618 1576
617 1576
616 1576
615 1576
614 1576
613 1575
612 1575
611 1575
610 1575
609 1574
608 1574
607 1574
606 1573
605 1573
604 1573
603 1573
602 1573
601 1573
600 1572
599 1572
598 1572
597 1572
596 1572
595 1571
594 1571
593 1571
592 1571
591 1570
590 1570
589 1570
588 1569
587 1569
586 1568
585 1568
584 1568
583 1567
582 1567
581 1566
580 1566
579 1566
578 1565
577 1565
576 1564
575 1564
574 1564
573 1564
572 1564
571 1563
570 1563
569 1562
568 1562
567 1561
566 1560
565 1560
564 1559
563 1558
562 1558
561 1558
560 1557
559 1557
558 1557
557 1557
556 1557
555 1557
554 1557
553 1557
552 1557
551 1557
550 1557
549 1557
548 1557
547 1557
546 1557
545 1557
544 1557
543 1557
542 1556
541 1556
540 1556
539 1556
538 1556
537 1556
536 1556
535 1556
534 1556
533 1556
532 1555
531 1555
530 1555
529 1555
528 1555
527 1555
526 1555
525 1555
524 1555
523 1555
522 1554
521 1554
520 1554
519 1554
518 1554
517 1553
516 1553
515 1553
514 1553
513 1553
512 1553
511 1552
510 1552
509 1552
508 1552
507 1552
506 1551
505 1551
504 1551
503 1551
502 1551
501 1551
500 1551
499 1551
498 1551
497 1551
496 1550
495 1550
494 1550
493 1550
492 1550
491 1550
490 1549
489 1549
488 1549
487 1549
486 1549
485 1549
484 1549
483 1549
482 1550
481 1550
480 1550
479 1550
478 1550
477 1550
476 1550
475 1550
474 1550
473 1550
472 1550
471 1550
470 1550
469 1550
468 1550
467 1549
466 1549
465 1549
464 1549
463 1549
462 1549
461 1549
460 1549
459 1549
458 1549
457 1549
456 1549
455 1549
454 1549
453 1548
452 1548
451 1548
450 1548
449 1548
448 1547
447 1547
446 1547
445 1547
444 1547
443 1547
442 1547
441 1547
440 1547
439 1547
438 1547
437 1547
436 1547
435 1547
434 1547
433 1547
432 1547
431 1547
430 1548
429 1548
428 1548
427 1548
426 1548
425 1548
424 1548
423 1548
422 1548
421 1548
420 1547
419 1547
418 1547
417 1547
416 1547
415 1547
414 1546
413 1546
412 1546
411 1545
410 1545
409 1545
408 1545
407 1545
406 1545
405 1546
404 1546
403 1546
402 1546
401 1547
400 1547
399 1547
398 1548
397 1548
396 1548
395 1548
394 1548
393 1549
392 1549
391 1549
390 1549
389 1549
388 1549
387 1549
386 1549
385 1550
384 1550
383 1550
382 1550
381 1550
380 1550
379 1550
378 1550
377 1550
376 1550
375 1550
374 1550
373 1550
372 1550
371 1550
370 1550
369 1550
368 1550
367 1549
366 1549
365 1549
364 1549
363 1549
362 1549
361 1549
360 1549
359 1549
358 1549
357 1550
356 1550
355 1550
354 1550
353 1550
352 1550
351 1550
350 1550
349 1550
348 1550
347 1551
346 1551
345 1551
344 1551
343 1551
342 1551
341 1551
340 1551
339 1551
338 1551
337 1551
336 1550
335 1550
334 1550
333 1550
332 1550
331 1550
330 1550
329 1550
328 1550
327 1550
326 1550
325 1549
324 1549
323 1548
322 1548
321 1547
320 1547
319 1547
318 1546
317 1546
316 1546
315 1546
314 1546
313 1546
312 1546
311 1546
310 1546
309 1545
308 1545
307 1545
306 1545
305 1545
304 1545
303 1545
302 1545
