485 1785
484 1786
483 1786
482 1786
481 1786
480 1786
479 1787
478 1787
477 1787
476 1787
475 1788
474 1788
473 1788
472 1788
471 1788
470 1788
469 1788
468 1788
467 1788
466 1788
465 1788
464 1788
463 1788
462 1788
461 1788
460 1788
459 1788
458 1788
457 1788
456 1788
455 1788
454 1788
453 1788
452 1788
451 1788
450 1788
449 1788
448 1788
447 1788
446 1788
445 1788
444 1788
443 1788
442 1788
441 1788
440 1788
439 1788
438 1788
437 1788
436 1788
435 1788
434 1788
433 1788
432 1788
431 1788
430 1788
429 1788
428 1787
427 1787
426 1787
425 1787
424 1787
423 1787
422 1787
421 1787
420 1787
419 1787
418 1787
417 1787
416 1787
415 1787
414 1787
413 1787
412 1787
411 1787
410 1787
409 1788
408 1788
407 1788
406 1788
405 1788
404 1789
403 1789
402 1789
401 1789
400 1789
399 1789
398 1789
397 1790
396 1790
395 1790
394 1790
393 1790
392 1790
391 1790
390 1790
389 1790
388 1790
387 1790
386 1790
385 1790
384 1790
383 1790
382 1790
381 1790
380 1790
379 1790
378 1790
377 1790
376 1790
375 1790
374 1791
373 1791
372 1791
371 1791
370 1791
369 1792
368 1792
367 1792
366 1792
365 1792
364 1792
363 1792
362 1792
361 1792
360 1792
359 1792
358 1792
357 1792
356 1792
355 1792
354 1792
353 1792
352 1792
351 1792
350 1792
349 1792
348 1792
347 1792
346 1792
345 1792
344 1792
343 1792
342 1792
341 1792
340 1792
339 1792
338 1792
337 1792
336 1792
335 1792
334 1792
333 1792
332 1792
331 1792
330 1792
329 1792
328 1792
327 1792
326 1792
325 1792
324 1792
323 1792
322 1792
321 1792
320 1792
319 1792
318 1793
317 1793
316 1793
315 1793
314 1794
313 1794
312 1794
311 1794
310 1794
309 1794
308 1795
307 1795
306 1795
305 1795
304 1795
303 1795
302 1795
301 1795
300 1795
299 1795
298 1796
297 1796
296 1796
295 1796
294 1797
293 1797
292 1797
291 1797
290 1797
289 1797
288 1797
287 1797
286 1797
285 1797
284 1797
283 1797
282 1797
281 1796
280 1796
279 1796
278 1796
277 1796
276 1796
275 1796
274 1796
273 1796
272 1796
271 1796
270 1796
269 1796
268 1796
267 1797
266 1797
265 1797
264 1798
263 1798
262 1798
261 1798
260 1799
259 1799
258 1799
257 1799
256 1800
255 1800
254 1800
253 1801
252 1801
251 1801
250 1802
249 1802
248 1803
247 1803
246 1803
245 1804
244 1804
243 1805
242 1805
241 1805
240 1806
239 1806
238 1806
237 1806
236 1806
235 1806
234 1807
233 1807
232 1807
231 1807
230 1807
229 1807
228 1807
227 1807
226 1807
225 1807
224 1807
223 1807
222 1807
221 1807
220 1807
219 1807
218 1807
217 1807
216 1807
215 1807
214 1807
213 1807
212 1807
211 1807
210 1807
209 1807
208 1807
207 1807
206 1807
205 1807
204 1807
203 1807
202 1807
201 1807
200 1807
199 1807
198 1807
197 1807
196 1807
195 1807
194 1808
193 1808
192 1808
191 1809
190 1809
189 1809
188 1810
187 1810
186 1810
185 1811
184 1811
183 1812
182 1812
181 1813
180 1813
179 1813
178 1814
177 1814
176 1814
175 1814
174 1815
173 1815
172 1815
171 1815
170 1815
169 1815
168 1815
167 1815
166 1815
165 1815
164 1815
163 1815
162 1815
161 1815
160 1815
159 1815
158 1815
157 1815
156 1815
155 1815
154 1815
153 1815
152 1815
151 1816
150 1816
149 1816
148 1816
147 1817
146 1817
145 1818
144 1818
143 1819
142 1819
141 1820
140 1820
139 1821
138 1821
137 1822
136 1822
135 1823
134 1823
133 1823
132 1823
131 1824
130 1824
129 1824
128 1824
127 1825
126 1825
125 1825
124 1825
123 1825
122 1825
121 1826
120 1826
119 1826
118 1826
117 1827
116 1827
115 1827
114 1827
113 1827
112 1828
111 1828
110 1828
109 1828
108 1828
107 1828
106 1828
105 1829
104 1829
103 1829
102 1829
101 1829
100 1829
99 1829
98 1829
97 1829
96 1829
95 1829
94 1830
93 1830
92 1830
91 1831
90 1831
89 1832
88 1833
87 1833
86 1834
85 1835
84 1836
83 1836
82 1837
81 1838
80 1838
79 1838
78 1839
77 1839
76 1840
75 1840
74 1841
73 1842
72 1842
71 1843
70 1843
69 1844
68 1844
67 1845
66 1846
65 1846
64 1847
63 1847
62 1848
61 1848
60 1848
59 1849
58 1849
57 1849
56 1850
55 1850
54 1851
53 1851
52 1851
51 1852
50 1852
49 1853
48 1853
47 1853
46 1854
45 1854
44 1855
43 1855
42 1856
41 1857
40 1858
39 1859
38 1860
38 1861
37 1862
37 1863
37 1864
36 1865
36 1866
35 1867
35 1868
36 1869
36 1870
36 1871
37 1872
38 1873
38 1874
39 1875
40 1876
41 1877
42 1877
43 1878
44 1878
45 1879
46 1879
47 1880
48 1881
49 1881
50 1881
51 1882
52 1882
53 1882
54 1882
55 1883
56 1883
57 1884
58 1884
59 1884
60 1885
61 1885
62 1885
63 1885
64 1885
65 1885
66 1885
67 1885
68 1885
69 1885
70 1885
71 1885
72 1885
73 1885
74 1885
75 1885
76 1885
77 1885
78 1885
79 1885
80 1885
81 1885
82 1885
83 1885
84 1885
85 1885
86 1885
87 1886
88 1886
89 1886
90 1886
91 1887
92 1887
93 1887
94 1888
95 1888
96 1888
97 1889
98 1889
99 1890
100 1890
101 1890
102 1891
103 1891
104 1891
105 1892
106 1892
107 1892
108 1893
109 1893
110 1894
111 1894
112 1895
113 1895
114 1896
115 1896
116 1897
117 1897
118 1898
119 1899
120 1899
121 1900
122 1901
123 1901
124 1902
125 1903
126 1904
127 1905
128 1906
129 1907
130 1907
131 1908
132 1909
133 1910
134 1910
135 1911
136 1912
137 1912
138 1913
139 1913
140 1914
141 1914
142 1915
143 1915
144 1915
145 1916
146 1916
147 1916
148 1916
149 1916
150 1916
151 1916
152 1916
153 1917
154 1917
155 1917
156 1917
157 1917
158 1918
159 1918
160 1918
161 1918
162 1918
163 1919
164 1919
165 1919
166 1920
167 1920
168 1920
169 1921
170 1921
171 1922
172 1922
173 1922
174 1923
175 1923
176 1924
177 1924
178 1924
179 1925
180 1925
181 1926
182 1926
183 1926
184 1927
185 1927
186 1927
187 1927
188 1927
189 1927
190 1927
191 1927
192 1927
193 1927
194 1927
195 1927
196 1927
197 1927
198 1927
199 1927
200 1927
201 1927
202 1927
203 1927
204 1927
205 1927
206 1927
207 1927
208 1926
209 1926
210 1926
211 1926
212 1925
213 1925
214 1924
215 1924
216 1924
217 1923
218 1923
219 1922
220 1922
221 1922
222 1921
223 1921
224 1920
225 1920
226 1920
227 1920
228 1920
229 1919
230 1919
231 1919
232 1919
233 1920
234 1920
235 1920
236 1920
237 1920
238 1921
239 1921
240 1921
241 1921
242 1921
243 1922
244 1922
245 1922
246 1922
247 1923
248 1923
249 1923
250 1923
251 1924
252 1924
253 1924
254 1924
255 1924
256 1925
257 1926
258 1926
259 1927
260 1927
261 1928
262 1928
263 1929
264 1929
265 1929
266 1930
267 1930
268 1930
269 1931
270 1931
271 1931
272 1931
273 1932
274 1932
275 1933
276 1933
277 1933
278 1934
279 1935
280 1935
281 1936
282 1936
283 1937
284 1938
285 1938
286 1939
287 1939
288 1940
289 1940
290 1941
291 1941
292 1942
293 1942
294 1943
295 1943
296 1944
297 1944
298 1944
299 1945
300 1945
301 1945
302 1945
303 1945
304 1945
305 1945
306 1945
307 1945
308 1945
309 1945
310 1945
311 1946
312 1946
313 1946
314 1946
315 1946
316 1946
317 1946
318 1946
319 1947
320 1947
321 1947
322 1947
323 1948
324 1948
325 1949
326 1949
327 1949
328 1949
329 1950
330 1950
331 1950
332 1950
333 1950
334 1950
335 1949
336 1949
337 1949
338 1949
339 1949
340 1949
341 1949
342 1949
343 1949
344 1949
345 1949
346 1949
347 1949
348 1949
349 1949
350 1949
351 1949
352 1950
353 1950
354 1950
355 1950
356 1950
357 1951
358 1951
359 1951
360 1951
361 1951
362 1951
363 1951
364 1952
365 1952
366 1952
367 1952
368 1953
369 1952
370 1952
371 1952
372 1952
373 1953
374 1953
375 1953
376 1953
377 1953
378 1953
379 1954
380 1954
381 1954
382 1954
383 1954
384 1955
385 1955
386 1955
387 1955
388 1956
389 1956
390 1956
391 1956
392 1956
393 1956
394 1957
395 1957
396 1957
397 1957
398 1957
399 1956
400 1956
401 1956
402 1956
403 1956
404 1956
405 1956
406 1956
407 1956
408 1956
409 1956
410 1956
411 1956
412 1956
413 1956
414 1956
415 1956
416 1956
417 1956
418 1956
419 1956
420 1956
421 1956
422 1956
423 1956
424 1956
425 1956
426 1956
427 1956
428 1956
429 1956
430 1956
431 1956
432 1955
433 1955
434 1955
435 1955
436 1955
437 1954
438 1954
439 1953
440 1953
441 1952
442 1952
443 1951
444 1951
445 1950
446 1949
447 1948
448 1948
449 1947
450 1946
451 1945
452 1945
453 1945
454 1944
455 1944
456 1943
457 1943
458 1943
459 1943
460 1943
461 1943
462 1943
463 1943
464 1943
465 1943
466 1944
467 1944
468 1944
469 1945
470 1945
471 1946
472 1946
473 1946
474 1946
475 1947
476 1947
477 1947
478 1948
479 1948
480 1948
481 1949
482 1949
483 1949
484 1949
485 1949
486 1949
487 1950
488 1950
489 1951
490 1951
491 1951
492 1951
493 1951
494 1951
495 1952
496 1952
497 1952
498 1952
499 1952
500 1953
501 1953
502 1953
503 1953
504 1954
505 1954
506 1954
507 1954
508 1955
509 1955
510 1956
511 1956
512 1956
513 1957
514 1957
515 1957
516 1957
517 1957
518 1957
519 1957
520 1957
521 1957
522 1957
523 1957
524 1956
525 1956
526 1956
527 1955
528 1955
529 1955
530 1954
531 1954
532 1954
533 1954
534 1954
535 1954
536 1954
537 1954
538 1954
539 1954
540 1954
541 1953
542 1954
543 1954
544 1954
545 1954
546 1953
547 1954
548 1954
549 1954
550 1954
551 1954
552 1954
553 1954
554 1954
555 1954
556 1954
557 1954
558 1954
559 1954
560 1954
561 1954
562 1954
563 1954
564 1954
565 1954
566 1953
567 1953
568 1952
569 1952
570 1952
571 1951
572 1951
573 1950
574 1950
575 1950
576 1950
577 1949
578 1949
579 1949
580 1949
581 1949
582 1949
583 1949
584 1949
585 1949
586 1949
587 1949
588 1949
589 1949
590 1949
591 1949
592 1949
593 1949
594 1949
595 1949
596 1948
597 1948
598 1948
599 1948
600 1948
601 1948
602 1947
603 1947
604 1947
605 1947
606 1947
607 1946
608 1946
609 1946
610 1946
611 1946
612 1945
613 1945
614 1945
615 1944
616 1944
617 1943
618 1943
619 1942
620 1942
621 1942
622 1941
623 1941
624 1941
625 1941
626 1940
627 1940
628 1940
629 1939
630 1939
631 1939
632 1939
633 1939
634 1939
635 1939
636 1938
637 1938
638 1938
639 1938
640 1937
641 1937
642 1936
643 1935
644 1935
645 1934
646 1933
647 1933
647 1932
648 1931
648 1930
648 1929
649 1928
649 1927
649 1926
650 1925
650 1924
650 1923
650 1922
650 1921
650 1920
650 1919
650 1918
650 1917
651 1916
651 1915
651 1914
651 1913
651 1912
651 1911
651 1910
651 1909
651 1908
651 1907
652 1906
652 1905
652 1904
652 1903
652 1902
652 1901
653 1900
653 1899
653 1898
654 1897
654 1896
654 1895
655 1894
655 1893
655 1892
656 1891
656 1890
657 1889
657 1888
658 1887
658 1886
658 1885
659 1884
659 1883
660 1882
660 1881
661 1880
661 1879
661 1878
662 1877
662 1876
662 1875
662 1874
662 1873
662 1872
662 1871
662 1870
662 1869
662 1868
661 1867
661 1866
661 1865
661 1864
660 1863
660 1862
660 1861
660 1860
659 1859
659 1858
659 1857
658 1856
658 1855
657 1854
657 1853
656 1852
656 1851
655 1850
655 1849
654 1848
653 1847
653 1846
652 1845
652 1844
651 1843
650 1842
650 1841
649 1840
649 1839
649 1838
648 1837
648 1836
647 1835
647 1834
646 1833
646 1832
645 1831
645 1830
644 1829
644 1828
643 1827
643 1826
642 1825
642 1824
641 1823
640 1822
639 1821
638 1820
637 1819
636 1818
635 1818
634 1817
633 1817
632 1817
631 1816
630 1816
629 1815
628 1815
627 1815
626 1814
625 1814
624 1814
623 1813
622 1813
621 1812
620 1812
619 1812
618 1812
617 1811
616 1811
615 1810
614 1810
613 1809
612 1808
611 1808
610 1807
609 1806
608 1805
607 1804
606 1804
605 1803
604 1802
603 1802
602 1801
601 1801
600 1801
599 1801
598 1801
597 1801
596 1800
595 1800
594 1800
593 1800
592 1800
591 1799
590 1799
589 1799
588 1799
587 1799
586 1798
585 1798
584 1798
583 1797
582 1797
581 1797
580 1797
579 1796
578 1796
577 1795
576 1795
575 1794
574 1793
573 1793
572 1792
571 1792
570 1791
569 1790
568 1790
567 1789
566 1789
565 1788
564 1788
563 1787
562 1787
561 1787
560 1786
559 1786
558 1786
557 1786
556 1785
555 1785
554 1785
553 1785
552 1785
551 1785
550 1785
549 1785
548 1785
547 1785
546 1785
545 1785
544 1785
543 1785
542 1785
541 1786
540 1786
539 1786
538 1787
537 1787
536 1787
535 1787
534 1788
533 1788
532 1788
531 1788
530 1789
529 1789
528 1789
527 1789
526 1789
525 1789
524 1789
523 1789
522 1789
521 1789
520 1789
519 1789
518 1789
517 1789
516 1789
515 1788
514 1788
513 1788
512 1788
511 1788
510 1788
509 1787
508 1787
507 1787
506 1787
505 1787
504 1787
503 1787
502 1787
501 1786
500 1786
499 1786
498 1786
497 1786
496 1786
495 1785
494 1785
493 1785
492 1785
491 1785
490 1785
489 1785
488 1785
487 1785
486 1785
485 1785
