477 2028
476 2029
475 2029
474 2029
473 2029
472 2029
471 2029
470 2030
469 2030
468 2030
467 2030
466 2030
465 2030
464 2030
463 2030
462 2030
461 2029
460 2029
459 2029
458 2029
457 2029
456 2030
455 2030
454 2030
453 2030
452 2030
451 2030
450 2031
449 2031
448 2031
447 2031
446 2032
445 2032
444 2032
443 2032
442 2032
441 2032
440 2032
439 2033
438 2033
437 2033
436 2033
435 2033
434 2033
433 2033
432 2034
431 2034
430 2034
429 2034
428 2035
427 2035
426 2035
425 2035
424 2035
423 2035
422 2035
421 2035
420 2035
419 2035
418 2035
417 2035
416 2035
415 2035
414 2035
413 2035
412 2035
411 2036
410 2036
409 2036
408 2036
407 2036
406 2037
405 2037
404 2037
403 2037
402 2037
401 2037
400 2037
399 2037
398 2037
397 2037
396 2037
395 2037
394 2037
393 2037
392 2037
391 2037
390 2037
389 2037
388 2038
387 2038
386 2038
385 2038
384 2038
383 2039
382 2039
381 2039
380 2039
379 2039
378 2039
377 2040
376 2040
375 2040
374 2040
373 2040
372 2040
371 2040
370 2040
369 2040
368 2041
367 2041
366 2041
365 2041
364 2041
363 2042
362 2042
361 2042
360 2042
359 2042
358 2042
357 2042
356 2043
355 2043
354 2043
353 2043
352 2043
351 2043
350 2043
349 2043
348 2044
347 2044
346 2044
345 2044
344 2044
343 2045
342 2045
341 2045
340 2045
339 2045
338 2045
337 2045
336 2045
335 2045
334 2045
333 2045
332 2045
331 2046
330 2046
329 2046
328 2046
327 2047
326 2047
325 2047
324 2047
323 2047
322 2047
321 2047
320 2047
319 2047
318 2047
317 2047
316 2047
315 2047
314 2047
313 2047
312 2047
311 2047
310 2047
309 2047
308 2047
307 2047
306 2047
305 2047
304 2047
303 2047
302 2048
301 2048
300 2048
299 2048
298 2048
297 2048
296 2048
295 2048
294 2048
293 2048
292 2048
291 2048
290 2048
289 2048
288 2048
287 2048
286 2048
285 2048
284 2048
283 2048
282 2048
281 2048
280 2048
279 2047
278 2047
277 2047
276 2047
275 2047
274 2047
273 2047
272 2046
271 2046
270 2046
269 2046
268 2046
267 2046
266 2047
265 2047
264 2047
263 2047
262 2047
261 2047
260 2047
259 2047
258 2046
257 2046
256 2046
255 2046
254 2045
253 2045
252 2045
251 2045
250 2045
249 2045
248 2045
247 2045
246 2045
245 2045
244 2045
243 2045
242 2045
241 2045
240 2045
239 2046
238 2046
237 2046
236 2046
235 2046
234 2046
233 2046
232 2046
231 2046
230 2046
229 2046
228 2046
227 2046
226 2046
225 2046
224 2046
223 2046
222 2046
221 2045
220 2045
219 2045
218 2045
217 2045
216 2044
215 2044
214 2044
213 2044
212 2043
211 2043
210 2043
209 2043
208 2043
207 2043
206 2043
205 2043
204 2043
203 2043
202 2044
201 2044
200 2044
199 2044
198 2044
197 2045
196 2045
195 2045
194 2045
193 2045
192 2045
191 2045
190 2045
189 2045
188 2044
187 2044
186 2044
185 2044
184 2044
183 2044
182 2044
181 2044
180 2044
179 2044
178 2044
177 2044
176 2044
175 2044
174 2044
173 2044
172 2044
171 2044
170 2044
169 2043
168 2043
167 2043
166 2043
165 2043
164 2043
163 2043
162 2043
161 2043
160 2044
159 2044
158 2044
157 2044
156 2045
155 2045
154 2045
153 2045
152 2046
151 2046
150 2046
149 2046
148 2046
147 2046
146 2046
145 2046
144 2047
143 2047
142 2047
141 2047
140 2047
139 2047
138 2047
137 2047
136 2047
135 2047
134 2047
133 2047
132 2047
131 2047
130 2047
129 2047
128 2047
127 2048
126 2048
125 2048
124 2048
123 2048
122 2048
121 2048
120 2049
119 2049
118 2049
117 2050
116 2050
115 2050
114 2050
113 2050
112 2050
111 2050
110 2050
109 2050
108 2050
107 2050
106 2050
105 2050
104 2050
103 2051
102 2051
101 2051
100 2051
99 2051
98 2052
97 2052
96 2052
95 2053
94 2053
93 2053
92 2053
91 2053
90 2053
89 2053
88 2053
87 2054
86 2054
85 2054
84 2054
83 2054
82 2054
81 2054
80 2055
79 2054
78 2054
77 2055
76 2054
75 2054
74 2054
73 2053
72 2053
71 2053
70 2053
69 2052
68 2052
67 2052
66 2052
65 2052
64 2052
63 2052
62 2052
61 2052
60 2052
59 2052
58 2052
57 2052
56 2052
55 2053
54 2053
53 2054
52 2054
51 2054
50 2054
49 2054
48 2054
47 2054
46 2054
45 2054
44 2054
43 2055
42 2055
41 2055
40 2055
39 2056
38 2056
37 2056
36 2057
35 2057
34 2057
33 2058
32 2058
32 2059
31 2060
31 2061
31 2062
31 2063
32 2064
33 2065
33 2066
34 2067
35 2068
35 2069
36 2070
37 2071
38 2072
39 2073
40 2074
41 2074
42 2075
43 2076
44 2076
45 2077
46 2078
47 2079
48 2080
49 2081
50 2082
51 2083
52 2084
53 2085
53 2086
54 2087
55 2088
56 2089
57 2090
58 2091
59 2092
59 2093
60 2094
60 2095
61 2096
62 2097
63 2098
64 2099
65 2100
66 2101
66 2102
67 2103
68 2104
69 2105
70 2105
71 2105
72 2106
73 2106
74 2106
75 2107
76 2107
77 2107
78 2107
79 2107
80 2107
81 2107
82 2107
83 2107
84 2107
85 2107
86 2107
87 2107
88 2107
89 2107
90 2108
91 2108
92 2108
93 2109
94 2109
95 2110
96 2111
97 2111
98 2112
99 2113
100 2114
101 2115
102 2116
103 2117
104 2118
105 2119
106 2120
107 2121
108 2122
109 2123
110 2124
111 2124
112 2125
113 2125
114 2126
115 2126
116 2127
117 2127
118 2128
119 2128
120 2128
121 2128
122 2128
123 2128
124 2129
125 2129
126 2129
127 2129
128 2129
129 2129
130 2130
131 2130
132 2130
133 2130
134 2130
135 2130
136 2131
137 2131
138 2131
139 2131
140 2132
141 2132
142 2132
143 2132
144 2132
145 2133
146 2133
147 2133
148 2133
149 2133
150 2133
151 2133
152 2133
153 2133
154 2133
155 2133
156 2133
157 2133
158 2134
159 2134
160 2134
161 2134
162 2134
163 2134
164 2134
165 2135
166 2135
167 2135
168 2136
169 2136
170 2136
171 2136
172 2137
173 2137
174 2137
175 2137
176 2137
177 2138
178 2138
179 2138
180 2138
181 2138
182 2138
183 2138
184 2139
185 2139
186 2139
187 2139
188 2139
189 2139
190 2139
191 2139
192 2139
193 2139
194 2139
195 2139
196 2140
197 2140
198 2140
199 2140
200 2140
201 2140
202 2140
203 2140
204 2141
205 2141
206 2141
207 2141
208 2141
209 2141
210 2141
211 2141
212 2141
213 2141
214 2141
215 2141
216 2141
217 2141
218 2142
219 2142
220 2142
221 2142
222 2142
223 2142
224 2142
225 2143
226 2143
227 2143
228 2143
229 2143
230 2143
231 2143
232 2143
233 2143
234 2143
235 2143
236 2143
237 2143
238 2143
239 2143
240 2143
241 2143
242 2143
243 2143
244 2143
245 2143
246 2142
247 2142
248 2143
249 2143
250 2143
251 2143
252 2143
253 2143
254 2143
255 2143
256 2143
257 2143
258 2143
259 2143
260 2143
261 2142
262 2142
263 2142
264 2142
265 2141
266 2141
267 2141
268 2140
269 2140
270 2140
271 2139
272 2139
273 2139
274 2139
275 2139
276 2138
277 2138
278 2138
279 2138
280 2138
281 2138
282 2139
283 2139
284 2139
285 2139
286 2139
287 2139
288 2140
289 2140
290 2140
291 2140
292 2140
293 2140
294 2140
295 2141
296 2141
297 2141
298 2141
299 2141
300 2141
301 2141
302 2141
303 2142
304 2142
305 2142
306 2142
307 2142
308 2142
309 2142
310 2142
311 2143
312 2143
313 2143
314 2143
315 2143
316 2143
317 2143
318 2143
319 2143
320 2143
321 2143
322 2143
323 2143
324 2143
325 2143
326 2143
327 2143
328 2143
329 2143
330 2144
331 2144
332 2144
333 2144
334 2144
335 2144
336 2144
337 2144
338 2144
339 2144
340 2144
341 2144
342 2144
343 2144
344 2144
345 2144
346 2144
347 2144
348 2143
349 2143
350 2143
351 2143
352 2142
353 2142
354 2142
355 2142
356 2142
357 2142
358 2142
359 2141
360 2141
361 2141
362 2141
363 2141
364 2141
365 2140
366 2140
367 2140
368 2140
369 2140
370 2140
371 2140
372 2140
373 2140
374 2140
375 2140
376 2141
377 2141
378 2141
379 2141
380 2141
381 2141
382 2141
383 2141
384 2141
385 2141
386 2141
387 2141
388 2141
389 2141
390 2141
391 2141
392 2141
393 2141
394 2141
395 2141
396 2141
397 2141
398 2141
399 2141
400 2141
401 2141
402 2141
403 2141
404 2141
405 2141
406 2141
407 2141
408 2141
409 2142
410 2142
411 2142
412 2142
413 2142
414 2142
415 2142
416 2142
417 2142
418 2142
419 2142
420 2142
421 2142
422 2142
423 2142
424 2142
425 2142
426 2142
427 2142
428 2142
429 2142
430 2142
431 2142
432 2142
433 2141
434 2141
435 2141
436 2141
437 2141
438 2141
439 2141
440 2141
441 2141
442 2141
443 2141
444 2140
445 2140
446 2140
447 2140
448 2140
449 2140
450 2140
451 2140
452 2140
453 2141
454 2141
455 2141
456 2141
457 2141
458 2141
459 2141
460 2141
461 2141
462 2141
463 2141
464 2141
465 2141
466 2141
467 2141
468 2141
469 2141
470 2141
471 2141
472 2141
473 2141
474 2141
475 2141
476 2141
477 2141
478 2141
479 2141
480 2141
481 2141
482 2140
483 2140
484 2140
485 2140
486 2140
487 2140
488 2140
489 2140
490 2140
491 2140
492 2140
493 2140
494 2140
495 2140
496 2140
497 2140
498 2140
499 2140
500 2140
501 2140
502 2140
503 2140
504 2139
505 2139
506 2139
507 2139
508 2138
509 2138
510 2138
511 2138
512 2137
513 2137
514 2136
515 2136
516 2135
517 2135
518 2134
519 2133
520 2133
521 2132
522 2132
523 2131
524 2131
525 2131
526 2131
527 2131
528 2131
529 2131
530 2131
531 2131
532 2131
533 2131
534 2131
535 2131
536 2131
537 2131
538 2130
539 2130
540 2130
541 2130
542 2130
543 2129
544 2129
545 2128
546 2128
547 2128
548 2127
549 2127
550 2127
551 2126
552 2126
553 2126
554 2125
555 2125
556 2125
557 2125
558 2125
559 2124
560 2124
561 2124
562 2124
563 2124
564 2124
565 2124
566 2124
567 2124
568 2123
569 2123
570 2123
571 2123
572 2122
573 2122
574 2122
575 2122
576 2122
577 2121
578 2121
579 2121
580 2120
581 2120
582 2120
583 2119
584 2119
585 2119
586 2119
587 2118
588 2118
589 2118
590 2117
591 2117
592 2117
593 2116
594 2116
595 2115
596 2115
597 2115
598 2114
599 2114
600 2114
601 2113
602 2113
603 2112
604 2112
605 2112
606 2111
607 2111
608 2111
609 2111
610 2110
611 2110
612 2110
613 2110
614 2110
615 2110
616 2109
617 2109
618 2109
619 2109
620 2109
621 2109
622 2109
623 2109
624 2109
625 2108
626 2108
627 2108
628 2107
629 2107
630 2107
631 2106
632 2106
633 2106
634 2105
635 2105
636 2105
637 2105
638 2104
639 2104
640 2104
641 2104
642 2104
643 2104
644 2103
645 2103
646 2103
647 2102
648 2102
649 2101
650 2100
650 2099
651 2098
651 2097
652 2096
652 2095
652 2094
652 2093
653 2092
653 2091
653 2090
653 2089
654 2088
654 2087
655 2086
655 2085
655 2084
655 2083
656 2082
656 2081
656 2080
656 2079
656 2078
657 2077
657 2076
657 2075
657 2074
657 2073
657 2072
658 2071
657 2070
657 2069
657 2068
657 2067
657 2066
657 2065
656 2064
656 2063
656 2062
656 2061
655 2060
655 2059
654 2058
654 2057
653 2056
652 2055
652 2054
651 2053
650 2052
649 2051
648 2050
647 2049
646 2049
645 2048
644 2048
643 2047
642 2047
641 2047
640 2046
639 2046
638 2045
637 2045
636 2044
635 2044
634 2044
633 2043
632 2043
631 2043
630 2043
629 2042
628 2042
627 2042
626 2041
625 2041
624 2041
623 2040
622 2040
621 2039
620 2039
619 2039
618 2039
617 2038
616 2038
615 2038
614 2038
613 2038
612 2038
611 2038
610 2038
609 2038
608 2038
607 2038
606 2038
605 2038
604 2038
603 2038
602 2038
601 2038
600 2038
599 2038
598 2038
597 2038
596 2038
595 2038
594 2038
593 2038
592 2038
591 2038
590 2038
589 2038
588 2037
587 2037
586 2037
585 2037
584 2036
583 2036
582 2036
581 2036
580 2035
579 2035
578 2035
577 2034
576 2034
575 2034
574 2034
573 2033
572 2033
571 2033
570 2033
569 2033
568 2033
567 2033
566 2033
565 2033
564 2033
563 2033
562 2033
561 2033
560 2033
559 2033
558 2033
557 2033
556 2033
555 2033
554 2033
553 2032
552 2032
551 2032
550 2032
549 2032
548 2032
547 2032
546 2032
545 2032
544 2031
543 2031
542 2031
541 2031
540 2031
539 2031
538 2031
537 2031
536 2031
535 2031
534 2031
533 2031
532 2031
531 2031
530 2031
529 2031
528 2031
527 2031
526 2030
525 2030
524 2030
523 2030
522 2030
521 2029
520 2029
519 2029
518 2029
517 2029
516 2029
515 2029
514 2029
513 2029
512 2029
511 2029
510 2029
509 2029
508 2029
507 2029
506 2029
505 2029
504 2029
503 2029
502 2029
501 2030
500 2030
499 2030
498 2030
497 2030
496 2030
495 2030
494 2029
493 2029
492 2029
491 2029
490 2029
489 2029
488 2029
487 2029
486 2029
485 2028
484 2028
483 2028
482 2028
481 2028
480 2028
479 2028
478 2028
477 2028
