427 2204
426 2205
425 2205
424 2205
423 2205
422 2205
421 2205
420 2205
419 2205
418 2205
417 2205
416 2205
415 2205
414 2205
413 2205
412 2206
411 2206
410 2206
409 2206
408 2206
407 2206
406 2206
405 2205
404 2205
403 2205
402 2205
401 2205
400 2205
399 2205
398 2205
397 2205
396 2205
395 2205
394 2205
393 2205
392 2205
391 2205
390 2205
389 2205
388 2205
387 2205
386 2205
385 2205
384 2205
383 2205
382 2205
381 2206
380 2206
379 2206
378 2206
377 2207
376 2207
375 2208
374 2208
373 2209
372 2209
371 2209
370 2210
369 2210
368 2210
367 2210
366 2210
365 2211
364 2211
363 2212
362 2212
361 2212
360 2213
359 2213
358 2213
357 2213
356 2213
355 2214
354 2214
353 2214
352 2214
351 2214
350 2214
349 2214
348 2214
347 2214
346 2214
345 2214
344 2214
343 2214
342 2213
341 2213
340 2213
339 2213
338 2213
337 2213
336 2213
335 2213
334 2213
333 2212
332 2212
331 2212
330 2212
329 2212
328 2212
327 2212
326 2212
325 2213
324 2213
323 2213
322 2213
321 2214
320 2214
319 2214
318 2215
317 2215
316 2216
315 2216
314 2216
313 2216
312 2217
311 2217
310 2217
309 2217
308 2218
307 2218
306 2218
305 2218
304 2219
303 2219
302 2219
301 2220
300 2220
299 2220
298 2220
297 2220
296 2220
295 2220
294 2220
293 2220
292 2220
291 2221
290 2221
289 2221
288 2221
287 2221
286 2222
285 2222
284 2222
283 2223
282 2223
281 2224
280 2224
279 2224
278 2225
277 2225
276 2226
275 2227
274 2227
273 2228
272 2228
271 2228
270 2229
269 2229
268 2230
267 2230
266 2231
265 2231
264 2232
263 2232
262 2232
261 2233
260 2233
259 2233
258 2234
257 2234
256 2235
255 2235
254 2235
253 2236
252 2236
251 2237
250 2237
249 2237
248 2238
247 2238
246 2239
245 2239
244 2240
243 2240
242 2241
241 2241
240 2241
239 2242
238 2242
237 2242
236 2243
235 2243
234 2243
233 2244
232 2244
231 2244
230 2245
229 2245
228 2245
227 2245
226 2245
225 2245
224 2245
223 2246
222 2246
221 2246
220 2246
219 2246
218 2246
217 2246
216 2246
215 2246
214 2247
213 2247
212 2247
211 2248
210 2248
209 2248
208 2248
207 2249
206 2249
205 2249
204 2249
203 2249
202 2250
201 2250
200 2250
199 2250
198 2250
197 2251
196 2251
195 2251
194 2251
193 2251
192 2251
191 2251
190 2251
189 2252
188 2252
187 2252
186 2253
185 2253
184 2253
183 2253
182 2253
181 2253
180 2254
179 2254
178 2254
177 2255
176 2255
175 2255
174 2255
173 2256
172 2256
171 2257
170 2257
169 2257
168 2258
167 2258
166 2259
165 2259
164 2259
163 2259
162 2259
161 2260
160 2260
159 2260
158 2260
157 2260
156 2260
155 2260
154 2260
153 2260
152 2260
151 2260
150 2260
149 2260
148 2260
147 2260
146 2260
145 2260
144 2260
143 2260
142 2260
141 2260
140 2261
139 2261
138 2261
137 2261
136 2261
135 2262
134 2262
133 2262
132 2263
131 2263
130 2263
129 2263
128 2264
127 2264
126 2265
125 2265
124 2265
123 2265
122 2266
121 2266
120 2266
119 2267
118 2267
117 2268
116 2268
115 2268
114 2269
113 2269
112 2270
111 2270
110 2271
109 2271
108 2272
107 2272
106 2273
105 2273
104 2274
103 2274
102 2275
101 2275
100 2276
99 2276
98 2277
97 2278
96 2278
95 2279
94 2279
93 2280
92 2280
91 2281
90 2281
89 2282
88 2283
87 2283
86 2284
85 2285
84 2285
83 2286
82 2287
81 2288
80 2288
79 2289
78 2290
77 2290
76 2291
75 2292
74 2292
73 2293
72 2294
71 2294
70 2295
69 2295
68 2295
67 2296
66 2296
65 2297
64 2298
63 2298
62 2299
61 2299
60 2300
59 2301
58 2301
57 2302
56 2303
55 2304
54 2304
53 2305
52 2306
51 2307
50 2308
49 2308
48 2309
47 2309
46 2309
45 2310
44 2311
43 2312
42 2312
41 2313
41 2314
40 2315
39 2316
39 2317
38 2318
37 2319
37 2320
36 2321
36 2322
35 2323
35 2324
34 2325
34 2326
34 2327
34 2328
33 2329
33 2330
33 2331
33 2332
33 2333
33 2334
33 2335
32 2336
32 2337
32 2338
32 2339
32 2340
32 2341
32 2342
32 2343
32 2344
32 2345
32 2346
32 2347
32 2348
33 2349
34 2350
34 2351
35 2352
36 2353
37 2354
38 2355
39 2356
40 2357
41 2358
42 2359
43 2360
44 2361
45 2362
46 2363
47 2364
47 2365
48 2366
49 2367
50 2368
50 2369
51 2370
52 2371
53 2372
54 2373
54 2374
55 2375
56 2376
56 2377
57 2378
58 2379
59 2380
59 2381
60 2382
61 2383
62 2384
63 2385
64 2386
65 2387
66 2388
67 2389
68 2390
69 2390
70 2391
71 2392
72 2392
73 2393
74 2393
75 2393
76 2394
77 2394
78 2394
79 2394
80 2395
81 2395
82 2395
83 2395
84 2395
85 2395
86 2395
87 2395
88 2395
89 2395
90 2395
91 2395
92 2395
93 2395
94 2395
95 2395
96 2395
97 2395
98 2395
99 2396
100 2396
101 2396
102 2396
103 2396
104 2397
105 2397
106 2397
107 2397
108 2397
109 2398
110 2398
111 2398
112 2399
113 2399
114 2400
115 2400
116 2401
117 2401
118 2401
119 2401
120 2402
121 2402
122 2402
123 2402
124 2402
125 2403
126 2403
127 2403
128 2403
129 2403
130 2403
131 2404
132 2404
133 2404
134 2405
135 2405
136 2405
137 2406
138 2406
139 2406
140 2406
141 2406
142 2406
143 2406
144 2406
145 2406
146 2406
147 2406
148 2406
149 2406
150 2406
151 2405
152 2405
153 2405
154 2404
155 2404
156 2403
157 2403
158 2402
159 2402
160 2402
161 2402
162 2402
163 2402
164 2402
165 2403
166 2403
167 2403
168 2404
169 2404
170 2405
171 2405
172 2405
173 2406
174 2406
175 2407
176 2408
177 2408
178 2409
179 2409
180 2410
181 2411
182 2411
183 2411
184 2412
185 2412
186 2413
187 2413
188 2413
189 2413
190 2413
191 2414
192 2414
193 2414
194 2414
195 2415
196 2415
197 2415
198 2416
199 2416
200 2416
201 2416
202 2416
203 2417
204 2417
205 2417
206 2417
207 2417
208 2418
209 2418
210 2418
211 2419
212 2419
213 2419
214 2420
215 2420
216 2420
217 2420
218 2420
219 2420
220 2421
221 2421
222 2421
223 2421
224 2421
225 2421
226 2421
227 2422
228 2422
229 2422
230 2423
231 2423
232 2423
233 2424
234 2424
235 2424
236 2424
237 2424
238 2425
239 2425
240 2425
241 2425
242 2425
243 2425
244 2425
245 2426
246 2426
247 2426
248 2426
249 2426
250 2426
251 2426
252 2426
253 2426
254 2427
255 2427
256 2427
257 2427
258 2428
259 2428
260 2429
261 2429
262 2430
263 2430
264 2431
265 2431
266 2432
267 2432
268 2432
269 2432
270 2433
271 2433
272 2433
273 2433
274 2433
275 2434
276 2434
277 2435
278 2436
279 2436
280 2437
281 2437
282 2437
283 2437
284 2438
285 2438
286 2438
287 2438
288 2439
289 2439
290 2439
291 2439
292 2439
293 2440
294 2440
295 2440
296 2441
297 2441
298 2441
299 2441
300 2441
301 2441
302 2442
303 2442
304 2442
305 2442
306 2442
307 2443
308 2443
309 2444
310 2445
311 2445
312 2446
313 2446
314 2446
315 2447
316 2447
317 2447
318 2448
319 2448
320 2448
321 2448
322 2448
323 2449
324 2449
325 2449
326 2449
327 2449
328 2450
329 2450
330 2450
331 2451
332 2451
333 2452
334 2452
335 2453
336 2453
337 2453
338 2454
339 2454
340 2454
341 2454
342 2455
343 2455
344 2455
345 2455
346 2456
347 2456
348 2457
349 2457
350 2458
351 2458
352 2458
353 2458
354 2459
355 2459
356 2459
357 2459
358 2459
359 2459
360 2459
361 2460
362 2460
363 2460
364 2460
365 2460
366 2460
367 2460
368 2460
369 2459
370 2459
371 2459
372 2459
373 2459
374 2458
375 2458
376 2458
377 2457
378 2457
379 2456
380 2456
381 2455
382 2455
383 2455
384 2454
385 2454
386 2454
387 2453
388 2453
389 2452
390 2452
391 2452
392 2452
393 2451
394 2451
395 2451
396 2451
397 2451
398 2450
399 2450
400 2450
401 2450
402 2450
403 2450
404 2449
405 2449
406 2449
407 2449
408 2448
409 2448
410 2448
411 2447
412 2447
413 2446
414 2446
415 2446
416 2446
417 2446
418 2446
419 2446
420 2446
421 2446
422 2446
423 2446
424 2446
425 2446
426 2446
427 2445
428 2445
429 2445
430 2445
431 2445
432 2445
433 2445
434 2445
435 2446
436 2446
437 2446
438 2446
439 2446
440 2446
441 2446
442 2446
443 2446
444 2446
445 2446
446 2446
447 2446
448 2445
449 2445
450 2445
451 2445
452 2444
453 2444
454 2443
455 2443
456 2442
457 2442
458 2442
459 2442
460 2441
461 2441
462 2441
463 2441
464 2441
465 2441
466 2441
467 2441
468 2441
469 2441
470 2441
471 2441
472 2441
473 2441
474 2441
475 2441
476 2441
477 2441
478 2441
479 2441
480 2441
481 2441
482 2441
483 2441
484 2441
485 2441
486 2441
487 2441
488 2441
489 2441
490 2441
491 2441
492 2441
493 2441
494 2441
495 2440
496 2440
497 2440
498 2440
499 2440
500 2440
501 2440
502 2440
503 2440
504 2440
505 2440
506 2440
507 2439
508 2439
509 2439
510 2439
511 2438
512 2438
513 2438
514 2438
515 2437
516 2437
517 2436
518 2436
519 2435
520 2435
521 2435
522 2434
523 2434
524 2434
525 2433
526 2433
527 2432
528 2432
529 2431
530 2431
531 2430
532 2430
533 2430
534 2430
535 2430
536 2429
537 2429
538 2429
539 2429
540 2429
541 2429
542 2428
543 2428
544 2427
545 2427
546 2427
547 2426
548 2426
549 2426
550 2426
551 2426
552 2426
553 2426
554 2425
555 2425
556 2425
557 2425
558 2425
559 2425
560 2425
561 2425
562 2425
563 2425
564 2424
565 2424
566 2424
567 2424
568 2424
569 2423
570 2423
571 2423
572 2423
573 2422
574 2422
575 2421
576 2421
577 2421
578 2421
579 2420
580 2420
581 2420
582 2420
583 2419
584 2419
585 2419
586 2419
587 2418
588 2418
589 2417
590 2417
591 2416
592 2416
593 2416
594 2415
595 2415
596 2414
597 2414
598 2413
599 2413
600 2412
601 2411
602 2410
603 2410
604 2409
605 2408
606 2407
607 2406
608 2405
609 2404
610 2403
611 2402
612 2401
613 2400
614 2399
615 2398
616 2397
617 2397
618 2396
619 2395
620 2394
621 2393
622 2393
623 2392
624 2392
625 2391
626 2390
627 2390
628 2389
629 2389
630 2388
631 2387
632 2386
633 2385
634 2385
635 2384
636 2383
637 2383
638 2382
639 2381
640 2381
641 2380
642 2379
643 2379
644 2378
645 2377
646 2377
647 2376
648 2375
649 2374
650 2374
651 2373
652 2372
653 2371
654 2370
654 2369
655 2368
655 2367
656 2366
656 2365
656 2364
657 2363
657 2362
657 2361
657 2360
657 2359
657 2358
658 2357
658 2356
658 2355
658 2354
658 2353
658 2352
659 2351
659 2350
659 2349
659 2348
659 2347
659 2346
659 2345
659 2344
659 2343
659 2342
658 2341
658 2340
658 2339
657 2338
657 2337
657 2336
657 2335
657 2334
658 2333
657 2332
657 2331
657 2330
657 2329
657 2328
657 2327
656 2326
656 2325
656 2324
655 2323
655 2322
654 2321
654 2320
654 2319
654 2318
653 2317
652 2316
651 2315
650 2314
649 2313
648 2312
648 2311
647 2310
647 2309
646 2308
645 2307
644 2306
644 2305
643 2304
643 2303
642 2302
641 2301
641 2300
640 2299
639 2298
639 2297
638 2296
637 2295
636 2294
636 2293
635 2292
634 2291
633 2290
633 2289
632 2288
631 2287
630 2286
629 2286
628 2285
627 2284
626 2284
625 2283
624 2283
623 2282
622 2282
621 2281
620 2280
619 2279
618 2279
617 2278
616 2278
615 2277
614 2277
613 2277
612 2276
611 2275
610 2275
609 2274
608 2273
607 2273
606 2272
605 2271
604 2270
603 2269
602 2268
601 2268
600 2267
599 2266
598 2265
597 2264
596 2263
595 2262
594 2261
593 2260
592 2259
591 2259
590 2258
589 2257
588 2257
587 2256
586 2255
585 2255
584 2254
583 2253
582 2252
581 2251
580 2250
579 2250
578 2249
577 2249
576 2248
575 2247
574 2246
573 2246
572 2245
571 2244
570 2243
569 2243
568 2242
567 2241
566 2240
565 2239
565 2238
564 2237
563 2237
562 2236
561 2235
560 2234
559 2233
558 2233
557 2232
556 2231
555 2231
554 2230
553 2230
552 2229
551 2228
551 2227
550 2226
549 2225
548 2224
547 2223
546 2222
545 2221
544 2220
543 2219
542 2218
541 2217
540 2216
539 2215
538 2214
537 2214
536 2214
535 2214
534 2214
533 2213
532 2213
531 2213
530 2213
529 2213
528 2213
527 2212
526 2212
525 2212
524 2212
523 2212
522 2212
521 2212
520 2212
519 2212
518 2212
517 2212
516 2212
515 2212
514 2212
513 2211
512 2211
511 2211
510 2211
509 2211
508 2211
507 2211
506 2211
505 2211
504 2211
503 2211
502 2211
501 2211
500 2211
499 2211
498 2211
497 2211
496 2211
495 2211
494 2210
493 2210
492 2210
491 2210
490 2210
489 2210
488 2210
487 2209
486 2209
485 2208
484 2208
483 2208
482 2207
481 2207
480 2207
479 2207
478 2207
477 2207
476 2207
475 2206
474 2206
473 2206
472 2206
471 2206
470 2206
469 2205
468 2205
467 2205
466 2205
465 2205
464 2205
463 2205
462 2205
461 2204
460 2204
459 2204
458 2204
457 2204
456 2204
455 2204
454 2204
453 2204
452 2204
451 2204
450 2204
449 2204
448 2204
447 2204
446 2204
445 2204
444 2204
443 2204
442 2204
441 2204
440 2204
439 2204
438 2204
437 2204
436 2204
435 2204
434 2204
433 2204
432 2204
431 2204
430 2204
429 2204
428 2204
427 2204
