448 35
447 36
446 36
445 36
444 36
443 37
442 37
441 37
440 37
439 38
438 38
437 38
436 38
435 38
434 38
433 38
432 38
431 38
430 38
429 38
428 38
427 38
426 38
425 38
424 38
423 38
422 38
421 38
420 38
419 38
418 38
417 38
416 38
415 39
414 39
413 39
412 39
411 39
410 39
409 39
408 40
407 40
406 40
405 40
404 40
403 40
402 40
401 40
400 40
399 41
398 41
397 41
396 41
395 41
394 41
393 42
392 42
391 42
390 42
389 42
388 42
387 42
386 43
385 43
384 43
383 43
382 43
381 43
380 43
379 43
378 43
377 43
376 43
375 43
374 43
373 43
372 43
371 43
370 43
369 43
368 43
367 43
366 43
365 43
364 43
363 43
362 43
361 43
360 42
359 42
358 42
357 42
356 42
355 42
354 42
353 42
352 42
351 42
350 42
349 42
348 42
347 43
346 43
345 43
344 43
343 43
342 43
341 43
340 44
339 44
338 44
337 44
336 44
335 45
334 45
333 45
332 45
331 46
330 46
329 46
328 46
327 46
326 47
325 47
324 47
323 47
322 47
321 48
320 48
319 48
318 49
317 49
316 49
315 50
314 50
313 51
312 51
311 51
310 52
309 52
308 52
307 52
306 52
305 52
304 52
303 52
302 52
301 52
300 52
299 52
298 52
297 52
296 52
295 51
294 51
293 51
292 51
291 51
290 51
289 51
288 51
287 51
286 51
285 51
284 51
283 51
282 51
281 51
280 51
279 51
278 50
277 50
276 50
275 50
274 50
273 50
272 50
271 50
270 50
269 50
268 51
267 51
266 51
265 51
264 52
263 52
262 52
261 53
260 53
259 53
258 53
257 53
256 54
255 54
254 54
253 54
252 54
251 54
250 54
249 55
248 55
247 55
246 55
245 56
244 56
243 56
242 56
241 57
240 57
239 57
238 58
237 58
236 58
235 58
234 58
233 58
232 59
231 59
230 59
229 60
228 60
227 60
226 61
225 61
224 62
223 62
222 63
221 63
220 63
219 64
218 64
217 65
216 65
215 65
214 66
213 66
212 67
211 67
210 68
209 68
208 68
207 69
206 69
205 70
204 71
203 71
202 72
201 73
200 74
199 74
198 75
197 76
196 77
195 78
194 78
193 79
192 80
191 80
190 81
189 81
188 82
187 83
186 83
185 84
184 84
183 85
182 85
181 86
180 86
179 87
178 87
177 87
176 88
175 88
174 89
173 89
172 89
171 90
170 90
169 91
168 91
167 91
166 91
165 91
164 91
163 91
162 92
161 92
160 92
159 93
158 93
157 93
156 94
155 94
154 94
153 95
152 95
151 96
150 96
149 97
148 97
147 98
146 99
145 99
144 100
143 100
142 101
141 101
140 101
139 101
138 102
137 102
136 102
135 103
134 103
133 103
132 103
131 104
130 104
129 104
128 104
127 105
126 105
125 106
124 106
123 106
122 107
121 107
120 108
119 108
118 108
117 109
116 109
115 109
114 110
113 110
112 110
111 110
110 111
109 111
108 111
107 112
106 112
105 112
104 112
103 112
102 112
101 113
100 113
99 113
98 113
97 113
96 113
95 114
94 114
93 114
92 114
91 114
90 115
89 115
88 115
87 115
86 115
85 116
84 116
83 116
82 116
81 117
80 117
79 117
78 118
77 118
76 119
75 119
74 119
73 120
72 120
71 121
70 121
69 121
68 122
67 122
66 123
65 123
64 124
63 124
62 124
61 124
60 125
59 125
58 125
57 125
56 126
55 126
54 126
53 126
52 127
51 127
50 128
49 128
48 128
47 129
46 129
45 130
44 130
43 130
42 131
41 131
40 132
39 132
38 133
37 134
36 134
35 135
34 136
33 137
32 138
31 139
30 140
29 141
29 142
28 143
28 144
28 145
27 146
26 147
26 148
25 149
24 150
24 151
23 152
22 153
21 154
21 155
21 156
21 157
21 158
21 159
21 160
21 161
21 162
21 163
21 164
21 165
21 166
20 167
20 168
20 169
20 170
20 171
20 172
20 173
20 174
20 175
19 176
19 177
19 178
19 179
19 180
19 181
19 182
19 183
19 184
19 185
20 186
21 187
22 188
23 189
23 190
24 191
24 192
25 192
26 193
27 194
28 194
29 195
30 196
31 197
32 198
33 199
34 200
35 201
36 202
37 203
38 203
39 203
40 203
41 204
42 204
43 204
44 204
45 205
46 205
47 206
48 206
49 206
50 206
51 206
52 206
53 206
54 206
55 206
56 206
57 206
58 206
59 206
60 206
61 206
62 206
63 207
64 207
65 207
66 208
67 208
68 208
69 208
70 207
71 207
72 207
73 207
74 207
75 207
76 207
77 207
78 207
79 207
80 207
81 207
82 207
83 207
84 207
85 207
86 208
87 208
88 208
89 208
90 208
91 208
92 208
93 208
94 208
95 208
96 208
97 208
98 208
99 208
100 208
101 208
102 208
103 208
104 208
105 208
106 207
107 207
108 207
109 207
110 207
111 207
112 207
113 207
114 207
115 207
116 207
117 207
118 207
119 207
120 207
121 207
122 207
123 207
124 207
125 207
126 206
127 206
128 206
129 206
130 206
131 206
132 206
133 206
134 206
135 206
136 206
137 206
138 206
139 206
140 206
141 206
142 206
143 206
144 206
145 206
146 206
147 206
148 206
149 206
150 206
151 206
152 206
153 206
154 206
155 206
156 206
157 206
158 206
159 206
160 206
161 206
162 205
163 205
164 205
165 206
166 206
167 206
168 206
169 206
170 206
171 206
172 206
173 206
174 206
175 206
176 206
177 206
178 206
179 206
180 206
181 206
182 207
183 207
184 207
185 207
186 208
187 208
188 208
189 209
190 209
191 209
192 209
193 210
194 210
195 210
196 210
197 210
198 211
199 211
200 211
201 211
202 211
203 212
204 212
205 212
206 213
207 213
208 213
209 213
210 213
211 213
212 214
213 214
214 214
215 214
216 214
217 215
218 215
219 216
220 216
221 216
222 216
223 217
224 217
225 218
226 218
227 219
228 220
229 220
230 221
230 222
231 223
232 223
233 224
234 224
235 224
236 224
237 224
238 224
239 224
240 224
241 224
242 224
243 224
244 224
245 224
246 224
247 224
248 224
249 224
250 224
251 224
252 224
253 224
254 224
255 224
256 224
257 224
258 224
259 224
260 224
261 224
262 224
263 224
264 224
265 224
266 224
267 223
268 223
269 223
270 223
271 223
272 223
273 223
274 223
275 223
276 223
277 223
278 223
279 223
280 223
281 222
282 222
283 222
284 222
285 222
286 222
287 222
288 222
289 222
290 222
291 222
292 222
293 222
294 221
295 221
296 221
297 221
298 221
299 221
300 221
301 221
302 221
303 221
304 221
305 221
306 220
307 220
308 220
309 220
310 220
311 220
312 220
313 220
314 220
315 220
316 220
317 220
318 220
319 220
320 220
321 220
322 220
323 220
324 220
325 220
326 220
327 220
328 220
329 219
330 219
331 219
332 219
333 219
334 219
335 219
336 219
337 219
338 219
339 219
340 218
341 218
342 218
343 218
344 218
345 218
346 218
347 218
348 218
349 218
350 218
351 218
352 218
353 217
354 218
355 218
356 218
357 218
358 218
359 217
360 217
361 217
362 217
363 216
364 216
365 216
366 216
367 216
368 216
369 216
370 216
371 216
372 216
373 216
374 216
375 216
376 216
377 216
378 216
379 216
380 216
381 216
382 216
383 216
384 216
385 216
386 216
387 216
388 216
389 216
390 216
391 216
392 216
393 216
394 217
395 217
396 217
397 217
398 217
399 217
400 217
401 217
402 218
403 218
404 218
405 218
406 218
407 218
408 218
409 218
410 218
411 218
412 218
413 218
414 218
415 217
416 218
417 218
418 218
419 218
420 218
421 218
422 218
423 218
424 218
425 218
426 218
427 218
428 218
429 219
430 219
431 219
432 219
433 219
434 219
435 219
436 219
437 219
438 219
439 219
440 219
441 219
442 219
443 219
444 219
445 219
446 219
447 219
448 219
449 219
450 219
451 219
452 219
453 219
454 219
455 219
456 219
457 219
458 219
459 219
460 219
461 219
462 219
463 218
464 218
465 218
466 218
467 218
468 218
469 217
470 218
471 218
472 218
473 218
474 217
475 217
476 217
477 217
478 217
479 216
480 216
481 216
482 216
483 216
484 216
485 215
486 215
487 215
488 215
489 215
490 215
491 215
492 215
493 215
494 215
495 215
496 215
497 216
498 216
499 216
500 216
501 216
502 216
503 216
504 216
505 216
506 216
507 216
508 216
509 216
510 216
511 216
512 216
513 216
514 216
515 216
516 216
517 216
518 216
519 216
520 216
521 216
522 216
523 216
524 216
525 215
526 215
527 215
528 215
529 215
530 215
531 215
532 215
533 215
534 215
535 215
536 214
537 214
538 214
539 214
540 214
541 214
542 214
543 214
544 214
545 213
546 213
547 213
548 213
549 213
550 213
551 213
552 212
553 212
554 212
555 212
556 212
557 212
558 212
559 212
560 212
561 211
562 211
563 211
564 211
565 211
566 211
567 211
568 211
569 210
570 210
571 210
572 210
573 210
574 210
575 210
576 209
577 209
578 209
579 209
580 209
581 209
582 209
583 209
584 208
585 208
586 208
587 208
588 208
589 208
590 208
591 208
592 208
593 208
594 208
595 208
596 208
597 208
598 208
599 207
600 207
601 207
602 207
603 207
604 207
605 206
606 206
607 205
608 205
609 205
610 204
611 203
612 203
613 202
614 201
615 200
616 200
617 199
618 198
619 197
620 196
620 195
621 194
622 193
623 192
624 191
624 190
625 189
626 188
627 187
627 186
628 185
629 184
630 183
630 182
631 181
632 180
632 179
633 178
634 177
635 176
635 175
636 174
637 173
637 172
638 171
639 170
640 169
640 168
641 167
642 166
643 165
643 164
644 163
645 162
645 161
646 160
646 159
646 158
646 157
645 156
645 155
644 154
643 153
643 152
642 151
642 150
641 149
641 148
640 147
640 146
640 145
640 144
640 143
640 142
640 141
641 140
641 139
641 138
641 137
641 136
641 135
641 134
641 133
641 132
641 131
641 130
640 129
640 128
640 127
640 126
640 125
640 124
640 123
640 122
641 121
641 120
641 119
641 118
641 117
641 116
640 115
640 114
640 113
639 112
638 111
637 110
636 110
635 109
634 108
633 107
632 106
631 105
630 104
629 103
628 102
628 101
627 100
627 99
626 98
626 97
625 96
624 95
623 94
622 93
621 93
620 92
619 92
618 91
617 91
616 90
615 90
614 90
613 89
612 89
611 88
610 88
609 87
608 87
607 86
606 86
605 85
604 85
603 84
602 84
601 83
600 83
599 82
598 82
597 81
596 80
595 80
594 79
593 78
592 78
591 77
590 77
589 76
588 75
587 75
586 74
585 74
584 73
583 72
582 71
581 70
580 70
579 69
578 68
577 68
576 67
575 67
574 66
573 65
572 65
571 64
570 64
569 63
568 62
567 62
566 61
565 61
564 60
563 60
562 59
561 59
560 58
559 58
558 57
557 57
556 56
555 56
554 56
553 55
552 55
551 54
550 54
549 54
548 53
547 53
546 52
545 52
544 51
543 51
542 50
541 49
540 49
539 49
538 48
537 48
536 47
535 47
534 46
533 46
532 46
531 46
530 45
529 45
528 45
527 45
526 44
525 44
524 44
523 44
522 43
521 43
520 42
519 42
518 42
517 41
516 41
515 40
514 40
513 40
512 40
511 40
510 40
509 39
508 39
507 39
506 39
505 39
504 39
503 38
502 38
501 38
500 38
499 38
498 38
497 38
496 38
495 38
494 38
493 39
492 39
491 39
490 39
489 39
488 39
487 39
486 39
485 39
484 39
483 39
482 39
481 39
480 39
479 39
478 38
477 38
476 38
475 38
474 38
473 37
472 37
471 37
470 36
469 36
468 36
467 36
466 36
465 36
464 35
463 35
462 35
461 35
460 35
459 35
458 35
457 35
456 35
455 35
454 35
453 35
452 35
451 35
450 35
449 35
448 35
