521 269
520 270
519 270
518 270
517 270
516 270
515 270
514 271
513 271
512 271
511 271
510 271
509 272
508 272
507 272
506 272
505 272
504 272
503 272
502 272
501 272
500 272
499 272
498 272
497 272
496 272
495 272
494 272
493 272
492 272
491 272
490 272
489 272
488 272
487 272
486 272
485 272
484 272
483 272
482 272
481 272
480 272
479 272
478 272
477 272
476 272
475 272
474 272
473 272
472 272
471 272
470 272
469 272
468 272
467 272
466 271
465 271
464 271
463 271
462 271
461 271
460 271
459 271
458 271
457 271
456 272
455 272
454 272
453 273
452 273
451 273
450 274
449 274
448 274
447 275
446 275
445 275
444 276
443 276
442 277
441 277
440 277
439 278
438 278
437 278
436 278
435 279
434 279
433 279
432 279
431 279
430 279
429 279
428 279
427 279
426 279
425 279
424 279
423 279
422 279
421 279
420 279
419 278
418 278
417 278
416 278
415 278
414 278
413 278
412 278
411 278
410 278
409 278
408 278
407 277
406 277
405 277
404 277
403 277
402 277
401 277
400 277
399 277
398 277
397 277
396 277
395 277
394 277
393 277
392 277
391 277
390 277
389 277
388 277
387 277
386 277
385 277
384 277
383 277
382 277
381 277
380 277
379 277
378 277
377 277
376 277
375 277
374 277
373 277
372 277
371 277
370 276
369 276
368 276
367 276
366 276
365 276
364 275
363 275
362 275
361 275
360 275
359 275
358 276
357 276
356 276
355 276
354 276
353 276
352 276
351 276
350 276
349 277
348 277
347 278
346 278
345 278
344 279
343 279
342 279
341 279
340 280
339 280
338 280
337 281
336 281
335 281
334 282
333 282
332 283
331 283
330 283
329 284
328 284
327 284
326 284
325 284
324 284
323 284
322 284
321 284
320 284
319 284
318 284
317 284
316 284
315 285
314 285
313 285
312 285
311 285
310 285
309 285
308 285
307 285
306 285
305 285
304 285
303 285
302 285
301 286
300 286
299 286
298 286
297 286
296 286
295 286
294 286
293 286
292 286
291 286
290 286
289 286
288 286
287 286
286 286
285 286
284 286
283 286
282 286
281 286
280 286
279 286
278 286
277 286
276 286
275 286
274 286
273 286
272 286
271 286
270 287
269 287
268 287
267 287
266 288
265 288
264 288
263 288
262 289
261 289
260 289
259 289
258 290
257 290
256 290
255 290
254 291
253 291
252 292
251 292
250 292
249 292
248 293
247 293
246 293
245 293
244 293
243 293
242 293
241 293
240 293
239 293
238 293
237 294
236 294
235 294
234 294
233 295
232 295
231 295
230 295
229 296
228 296
227 296
226 296
225 296
224 296
223 297
222 297
221 297
220 297
219 297
218 297
217 297
216 297
215 296
214 296
213 296
212 295
211 295
210 295
209 295
208 295
207 295
206 295
205 295
204 295
203 295
202 295
201 296
200 296
199 296
198 296
197 297
196 297
195 297
194 297
193 297
192 297
191 297
190 298
189 298
188 298
187 299
186 299
185 299
184 300
183 300
182 300
181 300
180 300
179 300
178 301
177 301
176 301
175 301
174 301
173 301
172 301
171 301
170 302
169 302
168 302
167 302
166 303
165 303
164 303
163 304
162 304
161 304
160 304
159 305
158 305
157 305
156 305
155 305
154 305
153 306
152 306
151 306
150 306
149 306
148 306
147 306
146 306
145 306
144 306
143 307
142 307
141 307
140 307
139 307
138 307
137 307
136 307
135 308
134 308
133 308
132 308
131 309
130 309
129 309
128 309
127 309
126 310
125 310
124 310
123 310
122 311
121 311
120 311
119 311
118 312
117 312
116 312
115 312
114 312
113 312
112 312
111 312
110 313
109 313
108 313
107 313
106 313
105 313
104 313
103 313
102 313
101 313
100 313
99 313
98 314
97 314
96 314
95 314
94 314
93 314
92 314
91 314
90 314
89 314
88 314
87 315
86 315
85 315
84 315
83 316
82 316
81 316
80 316
79 316
78 317
77 317
76 317
75 318
74 318
73 319
72 319
71 319
70 319
69 320
68 320
67 320
66 320
65 320
64 320
63 320
62 320
61 320
60 320
59 321
58 321
57 321
56 321
55 321
54 321
53 321
52 322
51 322
50 322
49 322
48 323
47 323
46 323
45 324
44 324
43 325
42 325
41 326
40 326
39 327
38 327
37 328
36 328
35 329
34 329
33 330
32 331
31 331
30 332
29 332
28 333
27 334
26 335
25 335
24 336
23 337
22 338
21 339
21 340
20 341
19 342
19 343
19 344
19 345
19 346
19 347
19 348
19 349
19 350
20 351
20 352
20 353
21 354
21 355
21 356
21 357
22 358
22 359
22 360
23 361
23 362
23 363
24 364
25 365
25 366
26 367
26 368
27 369
27 370
28 370
29 371
30 371
31 371
32 372
33 373
34 373
35 373
36 374
37 374
38 375
39 375
40 375
41 375
42 376
43 376
44 376
45 376
46 377
47 377
48 377
49 377
50 378
51 378
52 378
53 378
54 379
55 379
56 379
57 379
58 379
59 380
60 380
61 380
62 380
63 381
64 381
65 381
66 381
67 382
68 382
69 382
70 382
71 382
72 382
73 382
74 383
75 383
76 383
77 383
78 383
79 384
80 384
81 384
82 384
83 385
84 385
85 385
86 385
87 385
88 386
89 386
90 386
91 386
92 386
93 386
94 387
95 387
96 387
97 387
98 388
99 388
100 388
101 389
102 389
103 390
104 390
105 391
106 391
107 391
108 392
109 392
110 393
111 393
112 393
113 393
114 394
115 394
116 394
117 394
118 395
119 395
120 395
121 395
122 395
123 395
124 395
125 395
126 395
127 395
128 395
129 395
130 395
131 395
132 395
133 395
134 395
135 395
136 396
137 396
138 396
139 396
140 396
141 396
142 396
143 396
144 396
145 396
146 397
147 397
148 397
149 397
150 397
151 398
152 398
153 398
154 398
155 398
156 399
157 399
158 399
159 399
160 400
161 400
162 400
163 400
164 401
165 401
166 401
167 401
168 402
169 402
170 402
171 402
172 402
173 402
174 403
175 403
176 403
177 403
178 403
179 404
180 404
181 404
182 404
183 404
184 404
185 404
186 405
187 405
188 405
189 406
190 406
191 406
192 407
193 407
194 407
195 407
196 408
197 408
198 408
199 408
200 408
201 409
202 409
203 409
204 409
205 409
206 410
207 410
208 410
209 410
210 410
211 410
212 410
213 411
214 411
215 411
216 411
217 411
218 412
219 412
220 412
221 412
222 412
223 412
224 412
225 412
226 413
227 413
228 413
229 413
230 413
231 413
232 414
233 414
234 414
235 414
236 415
237 415
238 415
239 415
240 415
241 415
242 416
243 416
244 416
245 416
246 416
247 417
248 417
249 417
250 417
251 417
252 417
253 417
254 417
255 417
256 417
257 418
258 418
259 418
260 418
261 418
262 419
263 419
264 419
265 419
266 420
267 420
268 420
269 420
270 420
271 421
272 421
273 421
274 421
275 421
276 421
277 421
278 421
279 421
280 421
281 421
282 421
283 421
284 421
285 421
286 421
287 421
288 421
289 421
290 420
291 420
292 420
293 420
294 420
295 419
296 419
297 419
298 419
299 418
300 418
301 418
302 418
303 417
304 417
305 417
306 417
307 417
308 417
309 417
310 417
311 417
312 417
313 417
314 417
315 417
316 417
317 417
318 417
319 417
320 417
321 418
322 418
323 418
324 418
325 418
326 418
327 419
328 419
329 419
330 419
331 419
332 419
333 420
334 420
335 420
336 420
337 420
338 420
339 420
340 420
341 420
342 420
343 420
344 420
345 420
346 420
347 420
348 420
349 420
350 420
351 420
352 420
353 420
354 420
355 420
356 420
357 421
358 421
359 421
360 421
361 422
362 422
363 422
364 423
365 423
366 423
367 423
368 423
369 423
370 424
371 424
372 424
373 424
374 424
375 424
376 424
377 424
378 424
379 424
380 424
381 424
382 424
383 424
384 424
385 424
386 424
387 424
388 424
389 424
390 424
391 424
392 423
393 423
394 423
395 423
396 423
397 423
398 422
399 422
400 422
401 422
402 422
403 422
404 422
405 422
406 422
407 422
408 422
409 422
410 422
411 422
412 422
413 422
414 422
415 422
416 422
417 422
418 422
419 422
420 422
421 422
422 422
423 422
424 422
425 422
426 422
427 422
428 422
429 422
430 422
431 422
432 422
433 422
434 421
435 421
436 421
437 421
438 421
439 421
440 421
441 420
442 420
443 420
444 420
445 420
446 420
447 420
448 420
449 420
450 419
451 419
452 419
453 419
454 419
455 419
456 419
457 419
458 418
459 418
460 419
461 418
462 418
463 418
464 418
465 418
466 418
467 418
468 418
469 417
470 417
471 417
472 417
473 417
474 417
475 417
476 417
477 417
478 417
479 417
480 417
481 417
482 417
483 417
484 417
485 417
486 417
487 416
488 416
489 416
490 416
491 416
492 415
493 415
494 415
495 415
496 415
497 415
498 415
499 415
500 415
501 415
502 415
503 415
504 415
505 415
506 415
507 415
508 415
509 415
510 415
511 415
512 415
513 415
514 415
515 415
516 415
517 415
518 415
519 415
520 415
521 415
522 415
523 415
524 415
525 415
526 415
527 415
528 415
529 415
530 415
531 415
532 415
533 415
534 415
535 415
536 415
537 415
538 414
539 414
540 414
541 414
542 414
543 414
544 414
545 414
546 414
547 414
548 413
549 413
550 413
551 413
552 413
553 413
554 413
555 413
556 413
557 413
558 413
559 412
560 412
561 412
562 412
563 412
564 412
565 412
566 412
567 412
568 412
569 412
570 412
571 413
572 413
573 413
574 413
575 413
576 413
577 413
578 413
579 413
580 413
581 413
582 413
583 413
584 413
585 413
586 413
587 413
588 413
589 412
590 412
591 412
592 411
593 411
594 411
595 410
596 410
597 409
598 409
599 408
600 408
601 407
602 407
603 406
604 405
605 404
606 403
606 402
607 401
608 400
609 399
610 398
610 397
610 396
611 395
611 394
612 393
613 392
614 391
614 390
615 389
616 388
616 387
617 386
618 385
618 384
619 383
620 382
621 381
622 380
623 379
623 378
624 377
624 376
625 375
625 374
625 373
626 372
627 371
628 370
629 369
629 368
630 367
631 366
631 365
632 364
633 363
633 362
634 361
635 360
635 359
636 358
636 357
637 356
637 355
638 354
638 353
639 352
639 351
640 350
640 349
640 348
641 347
641 346
641 345
641 344
641 343
641 342
642 341
642 340
643 339
643 338
643 337
643 336
643 335
644 334
644 333
644 332
645 331
645 330
645 329
645 328
645 327
645 326
645 325
645 324
646 323
646 322
646 321
646 320
646 319
646 318
646 317
646 316
646 315
646 314
646 313
646 312
646 311
646 310
645 309
645 308
645 307
645 306
645 305
644 304
643 303
643 302
642 301
642 300
642 299
641 298
640 297
640 296
639 295
638 294
637 293
636 292
635 291
634 290
633 289
632 289
631 288
630 288
629 288
628 288
627 288
626 288
625 288
624 288
623 288
622 288
621 288
620 288
619 288
618 288
617 288
616 288
615 288
614 288
613 288
612 288
611 288
610 288
609 288
608 288
607 288
606 287
605 287
604 287
603 287
602 286
601 286
600 286
599 286
598 286
597 285
596 285
595 285
594 285
593 284
592 284
591 284
590 283
589 283
588 283
587 283
586 283
585 283
584 283
583 282
582 282
581 282
580 282
579 281
578 281
577 280
576 280
575 280
574 280
573 279
572 279
571 279
570 278
569 278
568 278
567 277
566 277
565 276
564 276
563 276
562 276
561 276
560 275
559 275
558 275
557 275
556 275
555 274
554 274
553 274
552 274
551 274
550 274
549 274
548 274
547 274
546 274
545 274
544 273
543 273
542 273
541 272
540 272
539 272
538 272
537 271
536 271
535 271
534 271
533 270
532 270
531 270
530 270
529 270
528 269
527 269
526 269
525 269
524 269
523 269
522 269
521 269
