385 470
384 471
383 471
382 471
381 471
380 471
379 471
378 471
377 472
376 472
375 473
374 473
373 474
372 474
371 474
370 474
369 474
368 474
367 474
366 475
365 475
364 475
363 475
362 475
361 475
360 475
359 475
358 475
357 475
356 475
355 475
354 475
353 475
352 475
351 475
350 475
349 475
348 475
347 475
346 474
345 474
344 474
343 474
342 474
341 474
340 474
339 474
338 474
337 474
336 474
335 474
334 474
333 474
332 474
331 474
330 474
329 474
328 474
327 474
326 474
325 475
324 475
323 475
322 475
321 475
320 475
319 476
318 476
317 476
316 476
315 477
314 477
313 477
312 477
311 478
310 478
309 478
308 478
307 478
306 478
305 478
304 479
303 479
302 479
301 479
300 479
299 479
298 480
297 480
296 480
295 480
294 480
293 480
292 480
291 480
290 480
289 481
288 481
287 481
286 481
285 481
284 482
283 482
282 481
281 482
280 482
279 482
278 482
277 482
276 482
275 482
274 482
273 482
272 483
271 483
270 483
269 483
268 483
267 483
266 483
265 483
264 483
263 483
262 483
261 483
260 483
259 483
258 483
257 482
256 482
255 482
254 482
253 482
252 481
251 481
250 482
249 482
248 482
247 483
246 483
245 483
244 483
243 484
242 484
241 484
240 485
239 485
238 485
237 485
236 486
235 486
234 486
233 486
232 486
231 486
230 486
229 486
228 486
227 487
226 487
225 487
224 487
223 487
222 488
221 488
220 488
219 489
218 489
217 489
216 489
215 490
214 490
213 490
212 490
211 490
210 490
209 490
208 490
207 490
206 490
205 490
204 490
203 490
202 490
201 490
200 490
199 490
198 490
197 490
196 490
195 490
194 490
193 490
192 491
191 491
190 491
189 491
188 491
187 492
186 492
185 492
184 492
183 493
182 493
181 493
180 494
179 494
178 494
177 495
176 495
175 495
174 496
173 496
172 496
171 497
170 497
169 497
168 497
167 498
166 498
165 498
164 498
163 499
162 499
161 499
160 499
159 499
158 499
157 499
156 499
155 499
154 499
153 499
152 499
151 499
150 499
149 500
148 500
147 500
146 500
145 500
144 501
143 501
142 501
141 501
140 501
139 502
138 502
137 502
136 503
135 503
134 503
133 503
132 503
131 504
130 504
129 504
128 504
127 504
126 504
125 504
124 504
123 504
122 504
121 504
120 504
119 504
118 505
117 505
116 505
115 506
114 506
113 506
112 507
111 507
110 508
109 508
108 509
107 509
106 510
105 510
104 510
103 511
102 511
101 511
100 511
99 511
98 512
97 513
96 513
95 514
94 514
93 514
92 515
91 515
90 516
89 516
88 516
87 517
86 517
85 517
84 517
83 518
82 518
81 518
80 518
79 518
78 518
77 518
76 519
75 519
74 519
73 520
72 520
71 520
70 520
69 520
68 521
67 522
66 522
65 523
64 524
63 524
62 525
61 525
60 526
59 527
58 528
57 529
56 530
55 530
54 531
53 532
52 533
51 533
50 534
49 535
48 535
47 536
46 537
46 538
45 539
44 539
43 540
42 541
41 541
40 542
39 543
38 543
37 544
36 545
35 545
34 546
33 547
32 548
31 549
30 550
29 550
28 551
27 552
26 552
25 553
24 554
24 555
23 556
23 557
23 558
23 559
23 560
22 561
22 562
21 563
21 564
20 565
21 566
22 567
23 568
24 569
25 570
26 571
27 572
28 573
29 574
30 575
31 575
32 576
33 576
34 577
35 577
36 577
37 578
38 578
39 578
40 579
41 579
42 579
43 579
44 579
45 579
46 580
47 580
48 580
49 580
50 581
51 581
52 581
53 582
54 583
55 583
56 583
57 584
58 584
59 584
60 584
61 585
62 585
63 585
64 585
65 586
66 586
67 586
68 586
69 586
70 586
71 586
72 586
73 586
74 586
75 587
76 587
77 587
78 587
79 587
80 588
81 588
82 588
83 588
84 589
85 589
86 589
87 589
88 589
89 590
90 589
91 590
92 590
93 590
94 590
95 590
96 590
97 590
98 591
99 591
100 591
101 592
102 592
103 593
104 593
105 594
106 594
107 595
108 595
109 596
110 596
111 596
112 597
113 597
114 597
115 598
116 598
117 598
118 598
119 599
120 599
121 599
122 599
123 599
124 599
125 599
126 599
127 599
128 599
129 599
130 599
131 599
132 599
133 599
134 599
135 599
136 599
137 599
138 599
139 599
140 599
141 598
142 598
143 598
144 598
145 598
146 598
147 598
148 598
149 598
150 598
151 598
152 598
153 598
154 598
155 598
156 598
157 598
158 598
159 598
160 598
161 598
162 598
163 598
164 599
165 599
166 599
167 599
168 600
169 600
170 600
171 600
172 601
173 601
174 601
175 602
176 602
177 603
178 603
179 604
180 604
181 604
182 605
183 605
184 606
185 606
186 607
187 607
188 607
189 608
190 608
191 608
192 609
193 609
194 609
195 610
196 610
197 610
198 610
199 610
200 609
201 609
202 609
203 609
204 609
205 608
206 608
207 608
208 608
209 608
210 608
211 608
212 608
213 608
214 608
215 608
216 608
217 608
218 608
219 608
220 608
221 608
222 608
223 609
224 609
225 609
226 609
227 609
228 610
229 610
230 610
231 610
232 611
233 611
234 611
235 611
236 611
237 611
238 611
239 611
240 611
241 611
242 611
243 612
244 612
245 612
246 612
247 612
248 612
249 612
250 612
251 612
252 612
253 612
254 613
255 613
256 613
257 613
258 613
259 613
260 613
261 614
262 614
263 614
264 614
265 615
266 615
267 615
268 615
269 615
270 615
271 615
272 615
273 615
274 615
275 615
276 615
277 615
278 615
279 615
280 614
281 614
282 614
283 614
284 614
285 614
286 614
287 614
288 614
289 614
290 614
291 614
292 614
293 615
294 615
295 615
296 615
297 615
298 615
299 615
300 615
301 615
302 615
303 615
304 615
305 615
306 615
307 615
308 615
309 615
310 615
311 615
312 615
313 615
314 615
315 615
316 615
317 615
318 615
319 615
320 615
321 615
322 615
323 615
324 615
325 615
326 615
327 615
328 615
329 615
330 615
331 616
332 616
333 616
334 616
335 616
336 616
337 616
338 616
339 617
340 617
341 617
342 618
343 618
344 618
345 618
346 618
347 618
348 618
349 619
350 619
351 619
352 619
353 619
354 620
355 619
356 619
357 619
358 619
359 619
360 619
361 619
362 619
363 620
364 620
365 620
366 620
367 620
368 620
369 620
370 620
371 620
372 620
373 621
374 621
375 621
376 621
377 620
378 620
379 620
380 620
381 620
382 619
383 619
384 619
385 619
386 619
387 619
388 619
389 619
390 619
391 619
392 619
393 620
394 620
395 620
396 620
397 620
398 620
399 620
400 621
401 621
402 621
403 620
404 620
405 620
406 620
407 620
408 619
409 619
410 619
411 619
412 619
413 619
414 619
415 619
416 619
417 619
418 619
419 618
420 618
421 618
422 618
423 618
424 617
425 617
426 617
427 617
428 617
429 616
430 616
431 616
432 616
433 616
434 616
435 616
436 616
437 616
438 616
439 616
440 616
441 616
442 616
443 616
444 616
445 616
446 616
447 616
448 616
449 615
450 615
451 615
452 615
453 615
454 615
455 615
456 615
457 615
458 614
459 614
460 614
461 614
462 614
463 614
464 614
465 614
466 614
467 614
468 613
469 613
470 613
471 612
472 612
473 612
474 611
475 611
476 611
477 611
478 610
479 610
480 610
481 610
482 610
483 610
484 610
485 610
486 610
487 610
488 610
489 610
490 610
491 610
492 610
493 610
494 610
495 610
496 610
497 610
498 610
499 610
500 610
501 610
502 609
503 609
504 609
505 609
506 609
507 608
508 608
509 608
510 608
511 608
512 608
513 608
514 608
515 607
516 607
517 607
518 607
519 607
520 607
521 606
522 606
523 606
524 606
525 606
526 606
527 606
528 606
529 606
530 606
531 606
532 606
533 606
534 606
535 606
536 606
537 606
538 606
539 606
540 606
541 606
542 606
543 607
544 607
545 607
546 607
547 607
548 607
549 607
550 607
551 607
552 607
553 607
554 607
555 606
556 606
557 606
558 606
559 606
560 606
561 605
562 605
563 605
564 605
565 604
566 604
567 604
568 604
569 604
570 603
571 603
572 603
573 603
574 602
575 602
576 602
577 601
578 601
579 600
580 600
581 600
582 599
583 599
584 599
585 599
586 598
587 598
588 598
589 598
590 598
591 597
592 597
593 597
594 597
595 596
596 596
597 596
598 595
599 595
600 594
601 594
602 593
603 592
604 592
605 591
606 591
607 590
608 590
609 589
610 589
611 588
612 587
613 586
614 586
615 585
616 584
617 583
618 583
619 582
620 581
621 580
622 579
623 579
624 578
625 577
626 576
627 575
628 575
629 574
630 573
631 572
632 572
633 571
634 570
635 569
636 568
637 568
638 567
639 566
640 566
641 565
642 564
643 563
644 562
645 561
645 560
645 559
646 558
646 557
646 556
647 555
647 554
647 553
647 552
647 551
647 550
647 549
647 548
647 547
646 546
646 545
646 544
645 543
645 542
644 541
643 540
643 539
643 538
642 537
642 536
642 535
641 534
641 533
641 532
641 531
641 530
641 529
642 528
642 527
643 526
643 525
642 524
642 523
641 522
640 521
639 520
638 519
637 518
636 517
635 516
634 515
633 514
632 513
631 512
630 511
629 510
628 509
627 509
626 508
625 508
624 508
623 507
622 507
621 507
620 506
619 506
618 506
617 506
616 505
615 504
614 504
613 504
612 503
611 503
610 503
609 502
608 502
607 502
606 502
605 502
604 501
603 500
602 500
601 500
600 500
599 499
598 499
597 499
596 499
595 499
594 499
593 498
592 498
591 498
590 498
589 498
588 498
587 498
586 498
585 498
584 498
583 497
582 497
581 497
580 497
579 497
578 497
577 497
576 497
575 497
574 496
573 496
572 496
571 496
570 496
569 496
568 496
567 496
566 495
565 495
564 495
563 494
562 494
561 494
560 494
559 493
558 493
557 493
556 493
555 492
554 492
553 492
552 492
551 491
550 491
549 491
548 490
547 490
546 489
545 489
544 489
543 489
542 488
541 488
540 488
539 488
538 488
537 488
536 488
535 488
534 488
533 487
532 487
531 487
530 486
529 486
528 486
527 485
526 485
525 484
524 484
523 483
522 483
521 483
520 482
519 482
518 481
517 481
516 481
515 481
514 480
513 480
512 480
511 480
510 480
509 480
508 480
507 479
506 479
505 479
504 479
503 479
502 478
501 478
500 478
499 478
498 478
497 477
496 477
495 477
494 477
493 477
492 477
491 476
490 476
489 476
488 476
487 476
486 476
485 476
484 476
483 476
482 476
481 476
480 477
479 477
478 477
477 477
476 477
475 477
474 477
473 477
472 477
471 477
470 477
469 477
468 477
467 477
466 477
465 477
464 477
463 477
462 477
461 476
460 476
459 476
458 476
457 476
456 476
455 476
454 476
453 476
452 476
451 476
450 476
449 476
448 476
447 476
446 476
445 476
444 476
443 476
442 475
441 475
440 475
439 474
438 474
437 473
436 473
435 473
434 473
433 472
432 472
431 471
430 471
429 471
428 471
427 471
426 471
425 471
424 471
423 471
422 471
421 471
420 471
419 471
418 471
417 472
416 472
415 472
414 472
413 472
412 472
411 472
410 472
409 472
408 472
407 472
406 472
405 472
404 472
403 472
402 472
401 472
400 471
399 471
398 471
397 471
396 471
395 470
394 470
393 470
392 470
391 470
390 470
389 470
388 470
387 470
386 470
385 470
