146 666
145 667
144 667
143 667
142 668
141 668
140 668
139 668
138 669
137 669
136 669
135 670
134 670
133 670
132 671
131 671
130 671
129 671
128 671
127 672
126 672
125 672
124 673
123 673
122 674
121 674
120 674
119 675
118 675
117 675
116 675
115 676
114 676
113 676
112 676
111 676
110 677
109 677
108 677
107 678
106 678
105 678
104 678
103 679
102 679
101 679
100 679
99 679
98 679
97 679
96 679
95 679
94 680
93 680
92 680
91 680
90 681
89 681
88 681
87 681
86 682
85 682
84 682
83 682
82 682
81 682
80 682
79 683
78 683
77 683
76 683
75 683
74 684
73 684
72 684
71 684
70 684
69 685
68 685
67 685
66 686
65 686
64 686
63 686
62 687
61 687
60 687
59 687
58 687
57 688
56 688
55 688
54 688
53 688
52 689
51 689
50 689
49 690
48 690
47 690
46 690
45 690
44 690
43 691
42 691
41 691
40 692
39 692
38 693
37 693
36 694
35 695
34 695
33 695
32 696
31 697
30 698
29 699
28 699
27 700
26 701
26 702
25 703
24 704
23 705
22 706
22 707
22 708
22 709
23 710
24 711
25 712
26 713
26 714
27 715
27 716
28 717
29 718
30 719
31 720
32 721
33 722
34 723
34 724
35 725
35 726
36 727
36 728
37 729
38 730
38 731
39 732
39 733
39 734
40 735
41 736
42 737
43 738
44 739
45 740
46 741
47 742
48 743
49 744
49 745
50 746
51 747
51 748
51 749
51 750
52 751
52 752
53 753
54 754
55 755
55 756
55 757
55 758
55 759
56 760
56 761
57 762
58 763
59 764
60 764
61 765
62 766
62 767
63 768
63 769
64 770
64 771
64 772
65 773
66 774
66 775
66 776
67 777
67 778
67 779
67 780
67 781
67 782
67 783
67 784
67 785
66 786
65 787
64 788
64 789
64 790
64 791
64 792
65 793
65 794
66 795
67 796
67 797
67 798
67 799
67 800
68 801
68 802
68 803
68 804
68 805
69 806
70 807
71 808
72 809
73 810
73 811
74 812
75 812
76 813
77 814
78 815
79 815
80 816
81 816
82 816
83 817
84 817
85 817
86 818
87 818
88 819
89 819
90 820
91 820
92 820
93 821
94 821
95 822
96 822
97 822
98 823
99 823
100 823
101 823
102 824
103 824
104 825
105 825
106 826
107 826
108 827
109 827
110 828
111 828
112 829
113 829
114 829
115 830
116 830
117 830
118 831
119 831
120 831
121 831
122 832
123 832
124 832
125 833
126 833
127 834
128 834
129 835
130 835
131 836
132 836
133 837
134 837
135 837
136 837
137 837
138 838
139 838
140 838
141 838
142 838
143 839
144 839
145 840
146 840
147 840
148 841
149 841
150 841
151 842
152 842
153 843
154 843
155 843
156 844
157 844
158 844
159 844
160 845
161 845
162 845
163 845
164 846
165 846
166 846
167 846
168 846
169 846
170 847
171 847
172 847
173 847
174 847
175 847
176 848
177 848
178 848
179 848
180 848
181 848
182 849
183 849
184 849
185 849
186 850
187 850
188 851
189 851
190 852
191 852
192 852
193 853
194 853
195 853
196 853
197 854
198 854
199 854
200 854
201 854
202 855
203 855
204 855
205 855
206 855
207 855
208 855
209 855
210 855
211 855
212 854
213 854
214 854
215 854
216 854
217 854
218 854
219 854
220 854
221 854
222 854
223 855
224 855
225 855
226 855
227 855
228 855
229 855
230 855
231 855
232 855
233 855
234 856
235 856
236 856
237 856
238 856
239 857
240 857
241 857
242 857
243 857
244 857
245 857
246 857
247 857
248 858
249 858
250 858
251 858
252 858
253 858
254 858
255 858
256 858
257 858
258 858
259 858
260 858
261 858
262 858
263 858
264 858
265 858
266 858
267 858
268 858
269 858
270 858
271 858
272 857
273 857
274 857
275 857
276 857
277 857
278 857
279 857
280 857
281 857
282 857
283 857
284 857
285 857
286 857
287 857
288 857
289 857
290 857
291 857
292 857
293 857
294 857
295 857
296 857
297 856
298 856
299 856
300 856
301 856
302 856
303 856
304 856
305 856
306 856
307 856
308 856
309 856
310 856
311 856
312 855
313 855
314 854
315 854
316 853
317 853
318 853
319 852
320 852
321 852
322 852
323 852
324 852
325 852
326 852
327 852
328 852
329 852
330 852
331 852
332 852
333 851
334 851
335 851
336 851
337 850
338 850
339 850
340 850
341 850
342 850
343 850
344 850
345 850
346 849
347 849
348 849
349 849
350 849
351 849
352 849
353 849
354 849
355 849
356 849
357 848
358 848
359 848
360 848
361 848
362 848
363 848
364 848
365 847
366 847
367 847
368 847
369 846
370 846
371 845
372 845
373 844
374 844
375 844
376 844
377 844
378 844
379 844
380 844
381 844
382 844
383 844
384 844
385 844
386 844
387 844
388 844
389 844
390 844
391 844
392 844
393 843
394 843
395 843
396 843
397 843
398 843
399 843
400 842
401 842
402 842
403 842
404 842
405 842
406 841
407 841
408 841
409 841
410 841
411 841
412 841
413 841
414 840
415 840
416 840
417 840
418 840
419 839
420 839
421 839
422 839
423 839
424 839
425 838
426 838
427 838
428 838
429 838
430 838
431 837
432 837
433 837
434 837
435 837
436 837
437 836
438 836
439 836
440 836
441 836
442 836
443 836
444 836
445 837
446 836
447 836
448 836
449 836
450 836
451 836
452 836
453 836
454 835
455 835
456 835
457 835
458 834
459 834
460 834
461 834
462 834
463 834
464 833
465 833
466 833
467 833
468 833
469 833
470 833
471 833
472 832
473 832
474 832
475 832
476 831
477 831
478 831
479 831
480 831
481 830
482 830
483 830
484 829
485 829
486 829
487 829
488 829
489 829
490 829
491 829
492 829
493 829
494 828
495 828
496 828
497 828
498 828
499 828
500 828
501 828
502 828
503 828
504 828
505 828
506 828
507 828
508 828
509 828
510 828
511 827
512 827
513 827
514 827
515 826
516 826
517 826
518 825
519 825
520 824
521 824
522 824
523 824
524 824
525 824
526 823
527 823
528 823
529 823
530 823
531 822
532 822
533 822
534 821
535 821
536 822
537 821
538 821
539 821
540 820
541 820
542 820
543 820
544 820
545 820
546 820
547 819
548 819
549 819
550 819
551 818
552 818
553 818
554 818
555 817
556 817
557 817
558 817
559 817
560 816
561 816
562 816
563 816
564 815
565 815
566 815
567 815
568 814
569 814
570 814
571 813
572 813
573 812
574 812
575 812
576 811
577 811
578 811
579 810
580 810
581 810
582 810
583 809
584 809
585 809
586 808
587 808
588 807
589 807
590 806
591 806
592 805
593 805
594 804
595 804
596 803
597 802
598 802
599 802
600 802
601 801
602 801
603 800
604 800
605 799
606 799
607 798
608 798
609 798
610 798
611 797
612 797
613 797
614 796
615 796
616 795
617 795
618 794
619 794
620 793
621 792
622 791
623 790
624 789
625 788
626 787
627 786
628 785
629 784
630 783
631 782
632 781
633 780
634 779
635 778
636 777
637 776
638 775
639 774
640 773
641 772
642 771
643 770
644 769
645 768
646 767
646 766
646 765
646 764
646 763
646 762
646 761
646 760
646 759
646 758
646 757
646 756
646 755
647 754
648 753
648 752
649 751
649 750
649 749
649 748
649 747
650 746
650 745
650 744
650 743
650 742
650 741
650 740
650 739
650 738
649 737
649 736
649 735
649 734
649 733
649 732
648 731
648 730
648 729
647 728
646 727
645 726
644 726
643 725
642 725
641 724
640 723
640 722
639 721
639 720
638 719
637 718
636 717
635 716
634 716
633 715
632 714
631 713
630 712
629 711
628 710
627 709
627 708
626 707
625 706
624 705
623 704
622 703
621 702
620 701
619 701
618 700
617 699
616 698
615 697
614 697
613 697
612 696
611 696
610 695
609 695
608 694
607 693
606 693
605 692
604 691
603 690
602 689
601 689
600 689
599 688
598 688
597 688
596 688
595 687
594 687
593 686
592 686
591 686
590 685
589 685
588 685
587 684
586 684
585 684
584 683
583 683
582 682
581 682
580 682
579 681
578 681
577 680
576 680
575 679
574 679
573 679
572 679
571 679
570 679
569 679
568 679
567 679
566 679
565 679
564 679
563 679
562 679
561 679
560 679
559 679
558 679
557 679
556 680
555 680
554 680
553 680
552 680
551 680
550 680
549 681
548 681
547 681
546 681
545 681
544 681
543 682
542 682
541 682
540 682
539 682
538 682
537 682
536 682
535 682
534 682
533 682
532 682
531 683
530 683
529 683
528 683
527 684
526 684
525 684
524 684
523 684
522 685
521 685
520 685
519 685
518 685
517 685
516 685
515 685
514 685
513 685
512 685
511 686
510 686
509 686
508 686
507 686
506 686
505 686
504 686
503 686
502 686
501 686
500 686
499 686
498 687
497 687
496 687
495 687
494 687
493 687
492 687
491 687
490 687
489 687
488 687
487 687
486 687
485 687
484 688
483 688
482 688
481 688
480 688
479 688
478 688
477 688
476 689
475 689
474 689
473 689
472 689
471 689
470 689
469 689
468 690
467 690
466 690
465 690
464 690
463 690
462 690
461 690
460 690
459 691
458 691
457 691
456 691
455 692
454 692
453 692
452 692
451 692
450 692
449 692
448 692
447 692
446 692
445 692
444 692
443 692
442 692
441 692
440 692
439 692
438 691
437 691
436 691
435 691
434 691
433 691
432 692
431 692
430 692
429 692
428 692
427 692
426 692
425 692
424 692
423 692
422 693
421 693
420 693
419 693
418 693
417 693
416 693
415 693
414 693
413 693
412 693
411 693
410 693
409 693
408 694
407 694
406 694
405 694
404 695
403 695
402 695
401 695
400 695
399 695
398 695
397 695
396 695
395 695
394 695
393 695
392 695
391 696
390 696
389 696
388 696
387 695
386 695
385 695
384 695
383 695
382 695
381 695
380 696
379 696
378 696
377 696
376 696
375 696
374 696
373 696
372 696
371 696
370 696
369 696
368 696
367 696
366 696
365 696
364 697
363 697
362 697
361 697
360 697
359 697
358 697
357 697
356 697
355 697
354 697
353 697
352 697
351 697
350 697
349 697
348 697
347 697
346 697
345 697
344 697
343 697
342 697
341 697
340 697
339 697
338 697
337 697
336 697
335 697
334 696
333 696
332 696
331 696
330 696
329 696
328 696
327 696
326 696
325 696
324 696
323 696
322 696
321 696
320 696
319 696
318 696
317 696
316 696
315 696
314 696
313 696
312 696
311 696
310 696
309 696
308 696
307 696
306 696
305 696
304 696
303 696
302 696
301 696
300 696
299 696
298 696
297 696
296 696
295 696
294 696
293 695
292 695
291 696
290 696
289 696
288 696
287 696
286 696
285 696
284 696
283 696
282 696
281 696
280 696
279 696
278 696
277 696
276 696
275 696
274 696
273 696
272 696
271 696
270 696
269 696
268 696
267 696
266 696
265 696
264 696
263 696
262 697
261 697
260 697
259 697
258 697
257 697
256 697
255 697
254 697
253 697
252 697
251 698
250 698
249 698
248 698
247 698
246 698
245 698
244 698
243 698
242 698
241 698
240 698
239 698
238 698
237 698
236 698
235 698
234 698
233 698
232 698
231 698
230 698
229 698
228 698
227 698
226 699
225 699
224 699
223 699
222 700
221 700
220 700
219 700
218 700
217 700
216 700
215 700
214 699
213 699
212 699
211 698
210 698
209 697
208 697
207 697
206 696
205 695
204 695
203 695
202 695
201 694
200 694
199 694
198 693
197 693
196 692
195 691
194 691
193 690
192 689
191 689
190 688
189 687
188 686
187 685
186 685
185 685
184 684
183 684
182 684
181 683
180 683
179 683
178 682
177 682
176 682
175 682
174 681
173 681
172 680
171 680
170 679
169 678
168 677
167 676
166 676
165 675
164 674
163 673
162 672
161 672
160 671
159 670
158 669
157 668
157 667
156 667
155 666
154 666
153 666
152 666
151 666
150 666
149 666
148 666
147 666
146 666
