253 902
252 903
251 903
250 903
249 903
248 904
247 904
246 904
245 904
244 905
243 905
242 905
241 905
240 905
239 905
238 905
237 905
236 905
235 905
234 904
233 904
232 904
231 904
230 903
229 903
228 903
227 903
226 903
225 903
224 903
223 903
222 903
221 903
220 903
219 903
218 903
217 903
216 903
215 903
214 903
213 903
212 903
211 903
210 903
209 903
208 903
207 903
206 903
205 903
204 903
203 903
202 904
201 904
200 904
199 904
198 905
197 905
196 905
195 905
194 905
193 905
192 905
191 905
190 905
189 905
188 905
187 905
186 905
185 905
184 905
183 905
182 905
181 905
180 905
179 905
178 905
177 905
176 905
175 905
174 905
173 905
172 905
171 905
170 905
169 905
168 905
167 905
166 905
165 905
164 905
163 904
162 904
161 904
160 904
159 904
158 904
157 905
156 905
155 905
154 905
153 905
152 905
151 905
150 905
149 905
148 905
147 905
146 906
145 906
144 907
143 907
142 908
141 908
140 908
139 908
138 908
137 908
136 909
135 909
134 909
133 910
132 910
131 910
130 910
129 910
128 910
127 910
126 910
125 910
124 910
123 910
122 910
121 910
120 910
119 910
118 910
117 910
116 910
115 911
114 911
113 911
112 912
111 912
110 912
109 912
108 912
107 912
106 912
105 912
104 912
103 912
102 912
101 912
100 912
99 912
98 912
97 912
96 912
95 911
94 911
93 911
92 911
91 911
90 911
89 911
88 911
87 911
86 912
85 912
84 912
83 913
82 913
81 913
80 913
79 913
78 914
77 914
76 914
75 914
74 914
73 915
72 915
71 915
70 916
69 916
68 916
67 917
66 917
65 918
64 918
63 919
62 919
61 920
60 920
59 921
58 921
57 922
56 923
55 923
54 924
53 925
52 926
51 927
50 927
49 928
48 929
47 930
46 930
45 931
44 931
43 932
42 932
41 933
40 934
39 935
38 936
37 936
36 937
35 938
34 938
33 939
32 939
31 940
30 940
29 941
28 941
27 942
26 942
25 943
24 943
23 944
22 944
21 945
20 945
19 946
18 947
17 947
16 948
15 949
14 949
13 950
12 951
11 951
10 952
9 953
8 953
8 954
7 955
7 956
7 957
7 958
7 959
7 960
7 961
7 962
8 963
8 964
9 965
10 966
11 967
11 968
12 969
13 970
14 971
15 972
16 972
17 973
18 974
19 975
20 976
21 977
22 978
23 979
24 979
25 980
26 981
27 982
28 982
29 983
30 983
31 984
32 984
33 985
34 985
35 986
36 986
37 986
38 987
39 987
40 987
41 987
42 987
43 988
44 988
45 988
46 989
47 989
48 989
49 989
50 989
51 990
52 990
53 990
54 990
55 991
56 991
57 991
58 991
59 991
60 991
61 991
62 991
63 991
64 991
65 991
66 991
67 991
68 991
69 991
70 991
71 991
72 992
73 992
74 992
75 993
76 993
77 993
78 994
79 994
80 994
81 994
82 994
83 994
84 994
85 994
86 994
87 995
88 995
89 995
90 995
91 995
92 995
93 996
94 996
95 996
96 996
97 996
98 996
99 997
100 997
101 997
102 998
103 998
104 998
105 999
106 999
107 999
108 999
109 999
110 998
111 998
112 998
113 998
114 998
115 998
116 998
117 998
118 999
119 999
120 999
121 999
122 999
123 999
124 1000
125 1000
126 1000
127 1000
128 1000
129 1000
130 1001
131 1001
132 1001
133 1002
134 1002
135 1002
136 1002
137 1002
138 1002
139 1002
140 1002
141 1003
142 1003
143 1003
144 1003
145 1003
146 1003
147 1003
148 1003
149 1003
150 1003
151 1004
152 1004
153 1004
154 1004
155 1005
156 1005
157 1005
158 1005
159 1006
160 1006
161 1006
162 1006
163 1006
164 1006
165 1006
166 1006
167 1006
168 1006
169 1006
170 1006
171 1006
172 1006
173 1006
174 1006
175 1006
176 1006
177 1006
178 1006
179 1006
180 1007
181 1007
182 1007
183 1008
184 1008
185 1008
186 1008
187 1008
188 1007
189 1007
190 1007
191 1007
192 1007
193 1008
194 1007
195 1007
196 1008
197 1008
198 1009
199 1009
200 1009
201 1009
202 1009
203 1009
204 1009
205 1009
206 1009
207 1009
208 1009
209 1009
210 1009
211 1009
212 1009
213 1010
214 1010
215 1010
216 1010
217 1010
218 1011
219 1011
220 1011
221 1011
222 1011
223 1011
224 1012
225 1012
226 1012
227 1012
228 1012
229 1012
230 1012
231 1013
232 1013
233 1013
234 1013
235 1013
236 1013
237 1013
238 1013
239 1013
240 1014
241 1014
242 1014
243 1014
244 1014
245 1014
246 1015
247 1015
248 1015
249 1015
250 1015
251 1015
252 1015
253 1014
254 1014
255 1014
256 1014
257 1014
258 1014
259 1014
260 1014
261 1014
262 1014
263 1015
264 1015
265 1015
266 1015
267 1016
268 1016
269 1016
270 1016
271 1016
272 1016
273 1016
274 1016
275 1016
276 1016
277 1016
278 1016
279 1016
280 1016
281 1016
282 1016
283 1017
284 1017
285 1017
286 1018
287 1018
288 1018
289 1019
290 1019
291 1019
292 1019
293 1019
294 1019
295 1019
296 1019
297 1019
298 1019
299 1019
300 1019
301 1018
302 1018
303 1018
304 1018
305 1018
306 1018
307 1018
308 1018
309 1019
310 1019
311 1019
312 1019
313 1019
314 1019
315 1019
316 1019
317 1019
318 1019
319 1019
320 1019
321 1019
322 1019
323 1019
324 1019
325 1019
326 1019
327 1020
328 1020
329 1020
330 1020
331 1020
332 1020
333 1020
334 1020
335 1020
336 1020
337 1020
338 1020
339 1020
340 1019
341 1019
342 1018
343 1018
344 1018
345 1018
346 1017
347 1017
348 1017
349 1017
350 1017
351 1017
352 1017
353 1017
354 1017
355 1017
356 1017
357 1017
358 1017
359 1016
360 1016
361 1016
362 1016
363 1017
364 1017
365 1017
366 1017
367 1017
368 1017
369 1017
370 1016
371 1016
372 1016
373 1016
374 1016
375 1015
376 1015
377 1015
378 1015
379 1015
380 1015
381 1015
382 1015
383 1015
384 1014
385 1014
386 1014
387 1014
388 1014
389 1014
390 1015
391 1015
392 1015
393 1015
394 1015
395 1015
396 1015
397 1015
398 1015
399 1015
400 1015
401 1015
402 1015
403 1015
404 1015
405 1014
406 1014
407 1014
408 1014
409 1014
410 1014
411 1014
412 1014
413 1015
414 1015
415 1015
416 1014
417 1014
418 1014
419 1014
420 1013
421 1013
422 1013
423 1013
424 1013
425 1013
426 1012
427 1012
428 1012
429 1011
430 1011
431 1011
432 1011
433 1011
434 1011
435 1011
436 1011
437 1011
438 1011
439 1011
440 1011
441 1011
442 1011
443 1011
444 1011
445 1011
446 1011
447 1011
448 1011
449 1011
450 1010
451 1010
452 1010
453 1010
454 1010
455 1009
456 1009
457 1009
458 1009
459 1008
460 1008
461 1008
462 1008
463 1008
464 1007
465 1007
466 1007
467 1007
468 1007
469 1008
470 1007
471 1007
472 1007
473 1007
474 1007
475 1007
476 1006
477 1006
478 1005
479 1005
480 1005
481 1005
482 1005
483 1005
484 1004
485 1004
486 1004
487 1004
488 1004
489 1004
490 1005
491 1005
492 1005
493 1005
494 1005
495 1005
496 1005
497 1005
498 1005
499 1005
500 1005
501 1005
502 1005
503 1004
504 1004
505 1004
506 1003
507 1003
508 1003
509 1003
510 1002
511 1002
512 1002
513 1002
514 1001
515 1001
516 1001
517 1001
518 1000
519 1000
520 1000
521 999
522 999
523 999
524 999
525 999
526 999
527 998
528 998
529 998
530 998
531 998
532 998
533 997
534 997
535 997
536 997
537 997
538 996
539 996
540 996
541 996
542 996
543 996
544 995
545 995
546 995
547 995
548 995
549 994
550 994
551 994
552 994
553 994
554 993
555 993
556 993
557 993
558 992
559 992
560 992
561 992
562 991
563 991
564 991
565 990
566 990
567 990
568 990
569 989
570 989
571 989
572 989
573 989
574 988
575 988
576 988
577 988
578 987
579 987
580 987
581 987
582 987
583 987
584 986
585 986
586 986
587 986
588 986
589 986
590 985
591 985
592 985
593 985
594 985
595 985
596 984
597 984
598 984
599 984
600 984
601 984
602 984
603 984
604 984
605 984
606 984
607 984
608 984
609 983
610 983
611 983
612 983
613 983
614 982
615 981
616 980
617 979
618 978
619 977
619 976
620 975
621 974
622 973
622 972
622 971
623 970
624 969
625 968
626 967
627 966
628 965
629 964
630 963
630 962
631 961
631 960
632 959
632 958
632 957
633 956
633 955
633 954
633 953
633 952
633 951
633 950
634 949
634 948
634 947
633 946
633 945
633 944
633 943
632 942
632 941
632 940
632 939
631 938
631 937
631 936
630 935
630 934
629 933
628 932
627 931
626 930
625 930
624 930
623 929
622 929
621 928
620 928
619 928
618 928
617 927
616 927
615 927
614 927
613 926
612 926
611 926
610 926
609 926
608 926
607 926
606 926
605 926
604 926
603 926
602 925
601 925
600 925
599 924
598 924
597 923
596 923
595 922
594 921
593 921
592 921
591 921
590 921
589 921
588 921
587 921
586 921
585 921
584 922
583 922
582 923
581 923
580 923
579 923
578 923
577 923
576 923
575 923
574 923
573 923
572 923
571 923
570 923
569 923
568 923
567 923
566 922
565 922
564 922
563 921
562 921
561 920
560 920
559 919
558 919
557 919
556 919
555 919
554 919
553 919
552 919
551 920
550 920
549 920
548 920
547 920
546 920
545 920
544 920
543 920
542 919
541 919
540 919
539 919
538 919
537 918
536 918
535 918
534 918
533 918
532 918
531 917
530 917
529 917
528 917
527 917
526 917
525 917
524 917
523 917
522 917
521 917
520 917
519 917
518 917
517 917
516 917
515 917
514 917
513 917
512 917
511 917
510 917
509 917
508 917
507 916
506 916
505 916
504 916
503 915
502 915
501 915
500 915
499 915
498 915
497 915
496 915
495 915
494 915
493 915
492 915
491 915
490 915
489 916
488 916
487 915
486 915
485 914
484 914
483 914
482 914
481 913
480 913
479 913
478 913
477 913
476 913
475 913
474 913
473 913
472 913
471 913
470 913
469 913
468 913
467 913
466 913
465 913
464 912
463 912
462 912
461 912
460 912
459 911
458 911
457 911
456 911
455 911
454 911
453 910
452 910
451 910
450 909
449 909
448 909
447 909
446 909
445 909
444 909
443 909
442 910
441 910
440 910
439 910
438 910
437 911
436 911
435 911
434 911
433 911
432 911
431 911
430 911
429 911
428 911
427 911
426 911
425 911
424 911
423 911
422 911
421 912
420 912
419 912
418 912
417 912
416 912
415 912
414 912
413 912
412 912
411 912
410 912
409 912
408 912
407 912
406 912
405 912
404 912
403 912
402 912
401 912
400 912
399 912
398 912
397 912
396 912
395 912
394 912
393 912
392 912
391 912
390 912
389 911
388 911
387 911
386 911
385 911
384 911
383 911
382 911
381 911
380 911
379 911
378 911
377 911
376 911
375 911
374 911
373 911
372 911
371 911
370 911
369 911
368 911
367 911
366 910
365 910
364 909
363 909
362 908
361 908
360 907
359 907
358 907
357 907
356 907
355 907
354 907
353 907
352 907
351 908
350 908
349 908
348 908
347 909
346 909
345 909
344 909
343 909
342 909
341 909
340 909
339 909
338 909
337 909
336 909
335 909
334 908
333 908
332 908
331 908
330 908
329 908
328 908
327 908
326 908
325 908
324 908
323 908
322 908
321 908
320 908
319 908
318 908
317 908
316 908
315 908
314 908
313 908
312 908
311 908
310 908
309 908
308 908
307 908
306 908
305 908
304 908
303 908
302 908
301 908
300 908
299 908
298 908
297 908
296 908
295 908
294 908
293 908
292 908
291 908
290 908
289 907
288 907
287 907
286 907
285 907
284 907
283 906
282 906
281 906
280 906
279 906
278 906
277 906
276 906
275 906
274 905
273 905
272 905
271 905
270 904
269 904
268 903
267 903
266 903
265 902
264 902
263 902
262 902
261 902
260 902
259 902
258 902
257 902
256 902
255 902
254 902
253 902
