368 1066
367 1067
366 1067
365 1067
364 1067
363 1067
362 1067
361 1067
360 1067
359 1067
358 1067
357 1067
356 1067
355 1067
354 1067
353 1068
352 1068
351 1068
350 1068
349 1068
348 1069
347 1069
346 1070
345 1070
344 1070
343 1070
342 1070
341 1070
340 1070
339 1070
338 1070
337 1070
336 1070
335 1070
334 1070
333 1070
332 1070
331 1071
330 1070
329 1071
328 1071
327 1072
326 1072
325 1072
324 1072
323 1072
322 1072
321 1072
320 1073
319 1073
318 1073
317 1073
316 1073
315 1073
314 1073
313 1073
312 1073
311 1073
310 1073
309 1073
308 1073
307 1074
306 1074
305 1075
304 1075
303 1075
302 1075
301 1075
300 1076
299 1076
298 1076
297 1076
296 1077
295 1077
294 1077
293 1077
292 1077
291 1077
290 1077
289 1077
288 1077
287 1077
286 1077
285 1077
284 1078
283 1078
282 1078
281 1078
280 1079
279 1079
278 1079
277 1079
276 1079
275 1079
274 1079
273 1080
272 1080
271 1080
270 1080
269 1080
268 1080
267 1080
266 1080
265 1080
264 1081
263 1081
262 1081
261 1081
260 1081
259 1081
258 1081
257 1082
256 1082
255 1082
254 1082
253 1083
252 1083
251 1083
250 1083
249 1083
248 1083
247 1083
246 1084
245 1084
244 1084
243 1084
242 1084
241 1084
240 1084
239 1084
238 1085
237 1085
236 1085
235 1085
234 1085
233 1085
232 1085
231 1086
230 1086
229 1086
228 1087
227 1087
226 1087
225 1087
224 1088
223 1088
222 1088
221 1088
220 1089
219 1089
218 1089
217 1089
216 1089
215 1090
214 1090
213 1090
212 1090
211 1090
210 1091
209 1091
208 1091
207 1091
206 1092
205 1092
204 1092
203 1093
202 1093
201 1093
200 1093
199 1093
198 1093
197 1093
196 1093
195 1093
194 1093
193 1093
192 1094
191 1094
190 1094
189 1094
188 1095
187 1095
186 1095
185 1095
184 1095
183 1095
182 1095
181 1095
180 1096
179 1096
178 1096
177 1096
176 1096
175 1096
174 1096
173 1096
172 1097
171 1097
170 1097
169 1097
168 1097
167 1097
166 1098
165 1098
164 1099
163 1099
162 1099
161 1100
160 1100
159 1100
158 1101
157 1101
156 1101
155 1101
154 1102
153 1101
152 1101
151 1101
150 1102
149 1102
148 1102
147 1102
146 1103
145 1103
144 1103
143 1103
142 1104
141 1104
140 1105
139 1105
138 1106
137 1106
136 1107
135 1108
134 1108
133 1109
132 1109
131 1110
130 1110
129 1110
128 1110
127 1111
126 1111
125 1111
124 1112
123 1112
122 1112
121 1113
120 1113
119 1113
118 1114
117 1114
116 1114
115 1115
114 1115
113 1116
112 1116
111 1117
110 1117
109 1118
108 1118
107 1118
106 1119
105 1119
104 1120
103 1120
102 1120
101 1120
100 1120
99 1121
98 1121
97 1121
96 1121
95 1122
94 1122
93 1122
92 1122
91 1123
90 1123
89 1124
88 1124
87 1124
86 1125
85 1125
84 1126
83 1126
82 1126
81 1126
80 1126
79 1127
78 1127
77 1127
76 1128
75 1128
74 1129
73 1129
72 1129
71 1129
70 1129
69 1130
68 1130
67 1130
66 1130
65 1131
64 1131
63 1131
62 1132
61 1132
60 1132
59 1132
58 1133
57 1133
56 1133
55 1133
54 1134
53 1134
52 1134
51 1134
50 1135
49 1135
48 1135
47 1135
46 1135
45 1135
44 1136
43 1136
42 1136
41 1136
40 1136
39 1136
38 1136
37 1136
36 1136
35 1136
34 1136
33 1136
32 1136
31 1137
30 1137
29 1137
28 1138
27 1139
26 1139
25 1140
24 1141
23 1142
22 1143
21 1144
20 1145
20 1146
20 1147
20 1148
20 1149
20 1150
20 1151
20 1152
20 1153
20 1154
20 1155
20 1156
21 1157
21 1158
22 1159
23 1160
23 1161
23 1162
24 1163
24 1164
24 1165
24 1166
25 1167
25 1168
26 1169
26 1170
26 1171
27 1172
27 1173
28 1174
28 1175
28 1176
28 1177
28 1178
29 1179
30 1180
30 1181
30 1182
30 1183
31 1184
31 1185
32 1186
32 1187
32 1188
32 1189
32 1190
32 1191
33 1192
33 1193
33 1194
34 1195
34 1196
34 1197
34 1198
34 1199
34 1200
35 1201
35 1202
36 1203
37 1204
38 1205
39 1206
40 1206
41 1207
42 1207
43 1208
44 1208
45 1208
46 1209
47 1209
48 1209
49 1209
50 1210
51 1210
52 1210
53 1210
54 1210
55 1210
56 1211
57 1211
58 1211
59 1211
60 1212
61 1212
62 1212
63 1212
64 1212
65 1213
66 1213
67 1213
68 1214
69 1214
70 1214
71 1214
72 1214
73 1214
74 1215
75 1215
76 1215
77 1216
78 1216
79 1216
80 1216
81 1216
82 1217
83 1217
84 1217
85 1217
86 1217
87 1218
88 1218
89 1218
90 1219
91 1219
92 1219
93 1220
94 1220
95 1220
96 1221
97 1221
98 1221
99 1221
100 1221
101 1221
102 1221
103 1221
104 1222
105 1222
106 1222
107 1222
108 1222
109 1222
110 1223
111 1223
112 1223
113 1223
114 1223
115 1223
116 1224
117 1224
118 1224
119 1224
120 1225
121 1225
122 1225
123 1226
124 1226
125 1226
126 1227
127 1227
128 1227
129 1227
130 1228
131 1228
132 1228
133 1228
134 1228
135 1228
136 1228
137 1228
138 1228
139 1228
140 1228
141 1228
142 1228
143 1229
144 1229
145 1229
146 1229
147 1230
148 1230
149 1230
150 1230
151 1230
152 1231
153 1231
154 1231
155 1232
156 1232
157 1232
158 1232
159 1232
160 1232
161 1232
162 1232
163 1232
164 1232
165 1232
166 1232
167 1232
168 1232
169 1232
170 1232
171 1232
172 1232
173 1233
174 1233
175 1233
176 1233
177 1233
178 1233
179 1234
180 1234
181 1234
182 1234
183 1234
184 1234
185 1234
186 1234
187 1234
188 1234
189 1234
190 1234
191 1235
192 1235
193 1235
194 1236
195 1236
196 1236
197 1237
198 1237
199 1237
200 1237
201 1237
202 1237
203 1237
204 1237
205 1237
206 1237
207 1237
208 1237
209 1237
210 1237
211 1237
212 1237
213 1237
214 1237
215 1237
216 1237
217 1236
218 1236
219 1236
220 1236
221 1236
222 1236
223 1236
224 1236
225 1236
226 1236
227 1236
228 1236
229 1236
230 1236
231 1236
232 1236
233 1236
234 1236
235 1236
236 1236
237 1236
238 1236
239 1236
240 1236
241 1236
242 1236
243 1236
244 1236
245 1236
246 1236
247 1236
248 1236
249 1236
250 1236
251 1236
252 1236
253 1236
254 1236
255 1236
256 1236
257 1236
258 1236
259 1236
260 1236
261 1236
262 1236
263 1236
264 1236
265 1236
266 1236
267 1236
268 1236
269 1236
270 1236
271 1236
272 1235
273 1235
274 1235
275 1236
276 1236
277 1236
278 1236
279 1236
280 1236
281 1236
282 1236
283 1237
284 1237
285 1237
286 1238
287 1238
288 1238
289 1238
290 1238
291 1238
292 1238
293 1238
294 1238
295 1237
296 1237
297 1237
298 1237
299 1237
300 1236
301 1236
302 1236
303 1236
304 1236
305 1236
306 1236
307 1236
308 1236
309 1236
310 1236
311 1237
312 1237
313 1237
314 1237
315 1237
316 1237
317 1237
318 1237
319 1237
320 1237
321 1237
322 1237
323 1237
324 1237
325 1237
326 1237
327 1236
328 1236
329 1236
330 1236
331 1236
332 1236
333 1236
334 1236
335 1236
336 1236
337 1236
338 1236
339 1236
340 1236
341 1236
342 1236
343 1235
344 1235
345 1235
346 1235
347 1235
348 1235
349 1235
350 1235
351 1235
352 1234
353 1234
354 1234
355 1234
356 1234
357 1233
358 1233
359 1233
360 1233
361 1233
362 1233
363 1232
364 1232
365 1232
366 1232
367 1232
368 1232
369 1231
370 1231
371 1231
372 1231
373 1231
374 1230
375 1230
376 1230
377 1230
378 1230
379 1230
380 1230
381 1230
382 1230
383 1230
384 1230
385 1230
386 1230
387 1230
388 1230
389 1229
390 1229
391 1229
392 1229
393 1229
394 1228
395 1228
396 1228
397 1228
398 1228
399 1228
400 1228
401 1228
402 1228
403 1228
404 1228
405 1228
406 1228
407 1228
408 1228
409 1228
410 1228
411 1228
412 1228
413 1228
414 1228
415 1228
416 1229
417 1229
418 1229
419 1229
420 1229
421 1229
422 1229
423 1229
424 1229
425 1229
426 1229
427 1229
428 1228
429 1228
430 1228
431 1228
432 1228
433 1228
434 1228
435 1228
436 1228
437 1228
438 1228
439 1228
440 1228
441 1228
442 1228
443 1228
444 1228
445 1229
446 1229
447 1229
448 1229
449 1229
450 1229
451 1229
452 1229
453 1228
454 1228
455 1228
456 1228
457 1228
458 1228
459 1228
460 1228
461 1228
462 1228
463 1228
464 1228
465 1228
466 1228
467 1228
468 1228
469 1228
470 1227
471 1227
472 1227
473 1227
474 1227
475 1226
476 1226
477 1226
478 1226
479 1225
480 1225
481 1225
482 1225
483 1225
484 1224
485 1224
486 1224
487 1224
488 1224
489 1224
490 1224
491 1224
492 1224
493 1223
494 1223
495 1223
496 1223
497 1223
498 1223
499 1223
500 1223
501 1223
502 1223
503 1223
504 1223
505 1223
506 1223
507 1222
508 1222
509 1222
510 1222
511 1222
512 1222
513 1221
514 1221
515 1221
516 1221
517 1221
518 1221
519 1221
520 1221
521 1221
522 1221
523 1221
524 1221
525 1221
526 1221
527 1221
528 1221
529 1221
530 1221
531 1221
532 1221
533 1221
534 1221
535 1221
536 1221
537 1220
538 1220
539 1220
540 1220
541 1219
542 1219
543 1219
544 1218
545 1218
546 1218
547 1218
548 1218
549 1218
550 1218
551 1218
552 1218
553 1218
554 1217
555 1217
556 1217
557 1217
558 1217
559 1217
560 1217
561 1217
562 1217
563 1217
564 1217
565 1218
566 1218
567 1218
568 1218
569 1218
570 1218
571 1218
572 1218
573 1218
574 1218
575 1218
576 1218
577 1218
578 1218
579 1218
580 1217
581 1217
582 1217
583 1216
584 1216
585 1216
586 1215
587 1215
588 1214
589 1214
590 1214
591 1213
592 1213
593 1213
594 1213
595 1212
596 1212
597 1212
598 1211
599 1211
600 1210
601 1210
602 1209
603 1208
604 1207
604 1206
605 1205
605 1204
606 1203
607 1202
608 1201
609 1200
610 1200
611 1200
612 1199
613 1198
614 1198
615 1197
616 1196
617 1196
618 1195
619 1194
620 1193
621 1192
622 1191
623 1190
624 1189
625 1188
626 1187
627 1186
627 1185
628 1184
628 1183
628 1182
629 1181
629 1180
630 1179
631 1178
631 1177
632 1176
632 1175
633 1174
634 1173
634 1172
634 1171
635 1170
635 1169
636 1168
637 1167
638 1166
639 1165
640 1164
641 1163
642 1162
643 1161
644 1160
644 1159
645 1158
645 1157
646 1156
646 1155
646 1154
646 1153
646 1152
646 1151
646 1150
646 1149
646 1148
646 1147
646 1146
645 1145
645 1144
645 1143
644 1142
644 1141
644 1140
643 1139
643 1138
642 1137
642 1136
642 1135
641 1134
641 1133
640 1132
639 1131
638 1130
637 1129
636 1128
635 1128
634 1127
633 1127
632 1127
631 1126
630 1126
629 1125
628 1125
627 1124
626 1123
625 1123
624 1123
623 1122
622 1122
621 1121
620 1121
619 1121
618 1120
617 1120
616 1120
615 1120
614 1120
613 1120
612 1120
611 1120
610 1120
609 1120
608 1120
607 1120
606 1120
605 1119
604 1119
603 1119
602 1119
601 1119
600 1119
599 1119
598 1119
597 1118
596 1118
595 1118
594 1117
593 1117
592 1117
591 1116
590 1116
589 1115
588 1115
587 1115
586 1114
585 1114
584 1114
583 1113
582 1113
581 1113
580 1112
579 1112
578 1111
577 1111
576 1110
575 1110
574 1110
573 1109
572 1109
571 1108
570 1108
569 1108
568 1107
567 1107
566 1107
565 1107
564 1106
563 1106
562 1106
561 1106
560 1106
559 1105
558 1105
557 1104
556 1104
555 1103
554 1102
553 1102
552 1101
551 1101
550 1100
549 1100
548 1099
547 1099
546 1098
545 1098
544 1097
543 1097
542 1097
541 1097
540 1096
539 1096
538 1095
537 1095
536 1094
535 1094
534 1094
533 1093
532 1093
531 1092
530 1091
529 1091
528 1091
527 1090
526 1089
525 1089
524 1088
523 1088
522 1087
521 1087
520 1087
519 1087
518 1086
517 1086
516 1085
515 1085
514 1084
513 1084
512 1083
511 1083
510 1083
509 1083
508 1082
507 1082
506 1082
505 1081
504 1081
503 1081
502 1081
501 1080
500 1080
499 1080
498 1079
497 1079
496 1078
495 1078
494 1078
493 1078
492 1078
491 1077
490 1077
489 1077
488 1076
487 1076
486 1076
485 1075
484 1075
483 1075
482 1075
481 1074
480 1074
479 1073
478 1073
477 1072
476 1072
475 1071
474 1071
473 1071
472 1071
471 1071
470 1070
469 1070
468 1070
467 1069
466 1069
465 1069
464 1069
463 1069
462 1070
461 1070
460 1070
459 1070
458 1070
457 1070
456 1069
455 1069
454 1069
453 1069
452 1070
451 1070
450 1070
449 1070
448 1070
447 1070
446 1069
445 1069
444 1069
443 1069
442 1069
441 1069
440 1069
439 1070
438 1070
437 1070
436 1070
435 1070
434 1069
433 1069
432 1069
431 1069
430 1069
429 1069
428 1069
427 1068
426 1068
425 1068
424 1068
423 1068
422 1068
421 1068
420 1068
419 1068
418 1068
417 1068
416 1068
415 1068
414 1068
413 1068
412 1068
411 1068
410 1068
409 1068
408 1068
407 1068
406 1068
405 1068
404 1068
403 1068
402 1068
401 1068
400 1067
399 1067
398 1067
397 1067
396 1067
395 1066
394 1066
393 1066
392 1066
391 1066
390 1066
389 1066
388 1066
387 1066
386 1067
385 1067
384 1067
383 1067
382 1067
381 1067
380 1067
379 1067
378 1067
377 1067
376 1067
375 1067
374 1067
373 1066
372 1066
371 1066
370 1066
369 1066
368 1066
