488 1282
487 1283
486 1283
485 1283
484 1283
483 1283
482 1283
481 1283
480 1283
479 1283
478 1283
477 1283
476 1284
475 1284
474 1284
473 1284
472 1284
471 1284
470 1284
469 1284
468 1284
467 1284
466 1284
465 1284
464 1285
463 1285
462 1285
461 1285
460 1285
459 1285
458 1286
457 1286
456 1286
455 1286
454 1286
453 1287
452 1287
451 1287
450 1287
449 1287
448 1287
447 1288
446 1288
445 1288
444 1288
443 1288
442 1288
441 1288
440 1289
439 1289
438 1289
437 1289
436 1289
435 1289
434 1289
433 1289
432 1289
431 1290
430 1290
429 1290
428 1290
427 1291
426 1291
425 1292
424 1292
423 1292
422 1292
421 1292
420 1292
419 1292
418 1293
417 1293
416 1293
415 1293
414 1293
413 1293
412 1293
411 1293
410 1293
409 1293
408 1293
407 1293
406 1293
405 1293
404 1293
403 1293
402 1293
401 1293
400 1293
399 1293
398 1293
397 1293
396 1293
395 1293
394 1293
393 1293
392 1294
391 1294
390 1294
389 1294
388 1294
387 1294
386 1294
385 1294
384 1294
383 1294
382 1294
381 1294
380 1294
379 1294
378 1294
377 1293
376 1293
375 1293
374 1293
373 1293
372 1293
371 1293
370 1293
369 1293
368 1293
367 1293
366 1293
365 1293
364 1293
363 1293
362 1293
361 1293
360 1293
359 1293
358 1293
357 1293
356 1293
355 1293
354 1293
353 1293
352 1293
351 1293
350 1293
349 1293
348 1292
347 1292
346 1292
345 1292
344 1291
343 1291
342 1291
341 1291
340 1291
339 1291
338 1291
337 1291
336 1291
335 1291
334 1291
333 1290
332 1290
331 1290
330 1290
329 1290
328 1290
327 1289
326 1289
325 1289
324 1289
323 1289
322 1289
321 1289
320 1289
319 1289
318 1288
317 1288
316 1288
315 1288
314 1288
313 1288
312 1288
311 1288
310 1288
309 1288
308 1288
307 1288
306 1288
305 1288
304 1288
303 1288
302 1288
301 1288
300 1288
299 1288
298 1288
297 1288
296 1288
295 1287
294 1287
293 1287
292 1287
291 1287
290 1287
289 1287
288 1287
287 1287
286 1287
285 1287
284 1287
283 1287
282 1287
281 1287
280 1287
279 1287
278 1287
277 1287
276 1287
275 1287
274 1287
273 1288
272 1288
271 1288
270 1288
269 1288
268 1288
267 1288
266 1288
265 1288
264 1288
263 1288
262 1288
261 1288
260 1288
259 1287
258 1287
257 1288
256 1288
255 1287
254 1287
253 1287
252 1286
251 1286
250 1286
249 1286
248 1286
247 1286
246 1286
245 1286
244 1286
243 1286
242 1286
241 1286
240 1286
239 1287
238 1287
237 1287
236 1287
235 1287
234 1288
233 1288
232 1288
231 1288
230 1289
229 1289
228 1289
227 1289
226 1289
225 1290
224 1290
223 1290
222 1290
221 1290
220 1290
219 1290
218 1290
217 1290
216 1290
215 1290
214 1290
213 1290
212 1290
211 1290
210 1290
209 1290
208 1290
207 1290
206 1290
205 1290
204 1290
203 1290
202 1290
201 1290
200 1290
199 1290
198 1290
197 1290
196 1290
195 1289
194 1289
193 1289
192 1289
191 1289
190 1289
189 1289
188 1289
187 1289
186 1289
185 1289
184 1289
183 1289
182 1289
181 1289
180 1289
179 1289
178 1289
177 1289
176 1290
175 1290
174 1290
173 1290
172 1290
171 1290
170 1291
169 1291
168 1291
167 1291
166 1292
165 1292
164 1292
163 1292
162 1292
161 1292
160 1292
159 1292
158 1292
157 1292
156 1292
155 1292
154 1292
153 1292
152 1292
151 1292
150 1292
149 1292
148 1292
147 1292
146 1293
145 1293
144 1293
143 1293
142 1293
141 1293
140 1293
139 1293
138 1293
137 1293
136 1293
135 1293
134 1293
133 1293
132 1293
131 1293
130 1293
129 1293
128 1293
127 1293
126 1293
125 1293
124 1293
123 1293
122 1293
121 1293
120 1293
119 1294
118 1294
117 1294
116 1294
115 1294
114 1294
113 1294
112 1294
111 1294
110 1295
109 1295
108 1295
107 1295
106 1295
105 1295
104 1295
103 1295
102 1295
101 1295
100 1295
99 1295
98 1295
97 1295
96 1295
95 1295
94 1295
93 1295
92 1295
91 1295
90 1296
89 1296
88 1297
87 1297
86 1297
85 1297
84 1298
83 1298
82 1299
81 1299
80 1299
79 1299
78 1299
77 1300
76 1300
75 1300
74 1301
73 1301
72 1302
71 1302
70 1302
69 1303
68 1303
67 1303
66 1304
65 1304
64 1304
63 1304
62 1305
61 1305
60 1306
59 1306
58 1307
57 1307
56 1307
55 1307
54 1308
53 1308
52 1308
51 1308
50 1308
49 1308
48 1308
47 1309
46 1309
45 1309
44 1309
43 1309
42 1309
41 1309
40 1310
39 1310
38 1310
37 1310
36 1311
35 1311
34 1312
33 1312
32 1312
31 1313
30 1313
29 1314
28 1315
27 1315
26 1316
25 1316
24 1317
23 1318
22 1318
21 1319
20 1319
19 1320
18 1321
17 1321
16 1322
15 1323
14 1324
13 1325
12 1325
11 1326
10 1327
9 1328
8 1329
8 1330
7 1331
7 1332
7 1333
7 1334
8 1335
9 1336
10 1337
10 1338
11 1339
12 1340
12 1341
13 1342
14 1343
15 1344
16 1345
17 1346
18 1347
18 1348
19 1349
20 1350
21 1351
22 1352
23 1353
23 1354
24 1355
25 1356
26 1357
27 1358
28 1359
28 1360
29 1361
30 1362
30 1363
31 1364
32 1365
33 1366
34 1367
34 1368
35 1369
36 1370
37 1371
38 1372
38 1373
39 1374
39 1375
40 1376
41 1377
42 1378
43 1379
44 1380
45 1381
46 1381
47 1382
48 1383
49 1384
50 1385
51 1385
52 1386
53 1387
54 1387
55 1388
56 1389
57 1389
58 1390
59 1390
60 1391
61 1391
62 1391
63 1391
64 1392
65 1392
66 1393
67 1393
68 1393
69 1394
70 1394
71 1394
72 1395
73 1395
74 1395
75 1396
76 1396
77 1396
78 1397
79 1397
80 1398
81 1398
82 1399
83 1399
84 1400
85 1400
86 1401
87 1401
88 1402
89 1402
90 1403
91 1403
92 1404
93 1404
94 1404
95 1405
96 1405
97 1406
98 1406
99 1407
100 1407
101 1407
102 1408
103 1408
104 1408
105 1409
106 1409
107 1410
108 1410
109 1411
110 1411
111 1412
112 1412
113 1412
114 1413
115 1413
116 1414
117 1414
118 1414
119 1415
120 1415
121 1415
122 1416
123 1416
124 1416
125 1416
126 1416
127 1417
128 1417
129 1417
130 1417
131 1417
132 1417
133 1417
134 1418
135 1418
136 1418
137 1419
138 1419
139 1419
140 1420
141 1420
142 1421
143 1421
144 1422
145 1423
146 1423
147 1424
148 1424
149 1425
150 1426
151 1426
152 1426
153 1427
154 1427
155 1427
156 1428
157 1428
158 1429
159 1429
160 1429
161 1430
162 1430
163 1430
164 1430
165 1430
166 1430
167 1430
168 1430
169 1431
170 1431
171 1431
172 1431
173 1431
174 1432
175 1432
176 1432
177 1432
178 1432
179 1433
180 1433
181 1433
182 1434
183 1434
184 1435
185 1435
186 1436
187 1436
188 1437
189 1437
190 1437
191 1438
192 1438
193 1439
194 1440
195 1440
196 1440
197 1441
198 1441
199 1442
200 1442
201 1442
202 1443
203 1443
204 1444
205 1444
206 1444
207 1445
208 1445
209 1445
210 1445
211 1445
212 1445
213 1445
214 1445
215 1445
216 1446
217 1446
218 1446
219 1446
220 1446
221 1446
222 1446
223 1446
224 1446
225 1446
226 1446
227 1446
228 1446
229 1446
230 1447
231 1447
232 1447
233 1447
234 1447
235 1448
236 1448
237 1448
238 1449
239 1449
240 1450
241 1450
242 1450
243 1450
244 1450
245 1450
246 1450
247 1450
248 1451
249 1451
250 1451
251 1452
252 1452
253 1452
254 1452
255 1453
256 1453
257 1453
258 1454
259 1454
260 1455
261 1455
262 1456
263 1456
264 1456
265 1457
266 1457
267 1457
268 1458
269 1458
270 1459
271 1459
272 1460
273 1460
274 1461
275 1461
276 1461
277 1461
278 1462
279 1462
280 1462
281 1463
282 1463
283 1463
284 1463
285 1463
286 1463
287 1464
288 1464
289 1464
290 1464
291 1464
292 1464
293 1464
294 1464
295 1464
296 1464
297 1464
298 1464
299 1464
300 1464
301 1464
302 1464
303 1464
304 1464
305 1464
306 1464
307 1464
308 1464
309 1464
310 1464
311 1463
312 1463
313 1463
314 1463
315 1463
316 1462
317 1462
318 1462
319 1462
320 1462
321 1461
322 1461
323 1461
324 1461
325 1461
326 1460
327 1460
328 1460
329 1460
330 1459
331 1459
332 1459
333 1459
334 1459
335 1459
336 1459
337 1459
338 1459
339 1459
340 1459
341 1459
342 1459
343 1458
344 1458
345 1458
346 1458
347 1458
348 1458
349 1458
350 1458
351 1457
352 1457
353 1457
354 1457
355 1457
356 1456
357 1456
358 1456
359 1456
360 1455
361 1455
362 1455
363 1455
364 1454
365 1454
366 1454
367 1454
368 1454
369 1453
370 1453
371 1452
372 1452
373 1451
374 1450
375 1450
376 1449
377 1448
378 1447
379 1447
380 1446
381 1446
382 1445
383 1444
384 1443
385 1443
386 1442
387 1442
388 1441
389 1441
390 1441
391 1440
392 1440
393 1440
394 1440
395 1439
396 1439
397 1439
398 1439
399 1439
400 1439
401 1439
402 1439
403 1439
404 1438
405 1438
406 1438
407 1438
408 1437
409 1437
410 1436
411 1436
412 1436
413 1435
414 1435
415 1435
416 1435
417 1435
418 1435
419 1435
420 1434
421 1434
422 1434
423 1434
424 1434
425 1433
426 1433
427 1432
428 1432
429 1432
430 1431
431 1431
432 1431
433 1431
434 1431
435 1430
436 1430
437 1430
438 1430
439 1430
440 1430
441 1430
442 1430
443 1430
444 1430
445 1430
446 1430
447 1430
448 1430
449 1430
450 1430
451 1430
452 1431
453 1431
454 1431
455 1431
456 1431
457 1431
458 1431
459 1431
460 1431
461 1431
462 1432
463 1432
464 1432
465 1433
466 1433
467 1433
468 1434
469 1434
470 1435
471 1435
472 1435
473 1436
474 1436
475 1436
476 1436
477 1436
478 1436
479 1436
480 1436
481 1436
482 1437
483 1437
484 1437
485 1437
486 1437
487 1437
488 1438
489 1438
490 1438
491 1438
492 1438
493 1438
494 1438
495 1438
496 1438
497 1439
498 1439
499 1439
500 1439
501 1439
502 1439
503 1440
504 1440
505 1440
506 1440
507 1440
508 1440
509 1440
510 1440
511 1440
512 1440
513 1440
514 1440
515 1440
516 1440
517 1440
518 1440
519 1440
520 1440
521 1440
522 1439
523 1439
524 1439
525 1439
526 1439
527 1439
528 1439
529 1439
530 1439
531 1439
532 1439
533 1438
534 1438
535 1438
536 1438
537 1438
538 1437
539 1437
540 1437
541 1437
542 1436
543 1436
544 1436
545 1435
546 1435
547 1435
548 1435
549 1435
550 1435
551 1435
552 1435
553 1435
554 1435
555 1435
556 1435
557 1434
558 1434
559 1434
560 1434
561 1434
562 1433
563 1433
564 1433
565 1433
566 1432
567 1432
568 1432
569 1431
570 1431
571 1430
572 1430
573 1430
574 1429
575 1429
576 1428
577 1427
578 1427
579 1426
580 1425
581 1425
582 1424
583 1424
584 1423
585 1422
585 1421
586 1420
587 1419
588 1418
589 1418
590 1417
591 1416
592 1415
593 1414
594 1413
595 1412
596 1411
597 1410
598 1409
599 1408
600 1407
601 1406
602 1406
603 1405
604 1405
605 1404
606 1403
607 1403
608 1402
609 1401
610 1401
611 1400
612 1399
613 1398
614 1397
615 1396
616 1395
616 1394
617 1393
618 1392
619 1391
620 1390
621 1389
622 1388
623 1387
624 1386
624 1385
625 1384
625 1383
625 1382
625 1381
626 1380
627 1379
628 1378
628 1377
629 1376
629 1375
630 1374
630 1373
631 1372
631 1371
631 1370
632 1369
632 1368
633 1367
633 1366
633 1365
633 1364
633 1363
634 1362
634 1361
633 1360
633 1359
633 1358
633 1357
633 1356
633 1355
633 1354
633 1353
633 1352
633 1351
633 1350
633 1349
633 1348
633 1347
633 1346
633 1345
633 1344
633 1343
632 1342
632 1341
632 1340
632 1339
632 1338
632 1337
632 1336
633 1335
633 1334
633 1333
633 1332
633 1331
633 1330
633 1329
633 1328
633 1327
633 1326
633 1325
633 1324
633 1323
633 1322
632 1321
632 1320
631 1319
630 1318
629 1317
628 1317
627 1316
626 1316
625 1315
624 1314
623 1313
622 1312
621 1311
620 1310
619 1309
618 1309
617 1308
616 1307
615 1307
614 1306
614 1305
614 1304
613 1303
612 1302
611 1301
610 1301
609 1300
608 1299
607 1299
606 1298
605 1297
604 1297
603 1297
602 1297
601 1296
600 1296
599 1296
598 1296
597 1296
596 1296
595 1296
594 1296
593 1296
592 1296
591 1296
590 1296
589 1296
588 1296
587 1296
586 1296
585 1296
584 1296
583 1296
582 1295
581 1295
580 1295
579 1295
578 1295
577 1295
576 1294
575 1294
574 1294
573 1294
572 1293
571 1293
570 1292
569 1292
568 1292
567 1292
566 1292
565 1292
564 1292
563 1291
562 1291
561 1290
560 1290
559 1290
558 1289
557 1289
556 1289
555 1289
554 1289
553 1288
552 1288
551 1288
550 1288
549 1287
548 1287
547 1286
546 1286
545 1286
544 1285
543 1285
542 1285
541 1285
540 1285
539 1285
538 1285
537 1285
536 1285
535 1284
534 1284
533 1284
532 1284
531 1284
530 1284
529 1283
528 1283
527 1283
526 1283
525 1283
524 1283
523 1282
522 1282
521 1282
520 1282
519 1282
518 1282
517 1282
516 1282
515 1282
514 1282
513 1282
512 1282
511 1283
510 1283
509 1283
508 1283
507 1283
506 1283
505 1283
504 1283
503 1283
502 1282
501 1282
500 1282
499 1282
498 1282
497 1282
496 1282
495 1282
494 1282
493 1282
492 1282
491 1282
490 1282
489 1282
488 1282
