473 1511
472 1512
471 1512
470 1513
469 1513
468 1513
467 1513
466 1513
465 1513
464 1514
463 1514
462 1514
461 1514
460 1514
459 1514
458 1514
457 1514
456 1514
455 1514
454 1514
453 1514
452 1514
451 1514
450 1514
449 1514
448 1514
447 1514
446 1514
445 1514
444 1514
443 1514
442 1514
441 1514
440 1514
439 1514
438 1514
437 1514
436 1514
435 1514
434 1514
433 1514
432 1515
431 1515
430 1515
429 1515
428 1515
427 1516
426 1516
425 1516
424 1516
423 1516
422 1517
421 1517
420 1517
419 1518
418 1518
417 1518
416 1518
415 1519
414 1519
413 1519
412 1519
411 1519
410 1519
409 1519
408 1519
407 1519
406 1520
405 1520
404 1520
403 1520
402 1520
401 1520
400 1520
399 1520
398 1520
397 1521
396 1521
395 1521
394 1521
393 1521
392 1521
391 1521
390 1522
389 1522
388 1522
387 1522
386 1522
385 1522
384 1522
383 1523
382 1523
381 1523
380 1523
379 1523
378 1523
377 1523
376 1523
375 1523
374 1523
373 1523
372 1523
371 1523
370 1523
369 1523
368 1524
367 1524
366 1524
365 1524
364 1524
363 1524
362 1524
361 1524
360 1524
359 1524
358 1524
357 1524
356 1524
355 1525
354 1525
353 1525
352 1525
351 1525
350 1525
349 1525
348 1525
347 1526
346 1526
345 1526
344 1526
343 1526
342 1525
341 1525
340 1525
339 1525
338 1525
337 1525
336 1525
335 1525
334 1525
333 1524
332 1524
331 1524
330 1524
329 1524
328 1524
327 1524
326 1525
325 1525
324 1525
323 1526
322 1526
321 1526
320 1526
319 1526
318 1526
317 1526
316 1526
315 1526
314 1526
313 1526
312 1526
311 1526
310 1526
309 1526
308 1526
307 1526
306 1526
305 1526
304 1526
303 1526
302 1527
301 1527
300 1527
299 1527
298 1527
297 1528
296 1528
295 1528
294 1528
293 1528
292 1528
291 1528
290 1528
289 1529
288 1529
287 1529
286 1529
285 1530
284 1530
283 1530
282 1530
281 1530
280 1531
279 1531
278 1532
277 1532
276 1532
275 1532
274 1533
273 1533
272 1533
271 1533
270 1533
269 1534
268 1534
267 1534
266 1534
265 1534
264 1534
263 1534
262 1534
261 1534
260 1534
259 1534
258 1534
257 1534
256 1534
255 1535
254 1535
253 1535
252 1535
251 1535
250 1535
249 1535
248 1535
247 1535
246 1535
245 1536
244 1535
243 1535
242 1536
241 1536
240 1536
239 1536
238 1536
237 1536
236 1536
235 1536
234 1537
233 1537
232 1537
231 1538
230 1538
229 1538
228 1538
227 1539
226 1539
225 1539
224 1539
223 1539
222 1540
221 1540
220 1540
219 1540
218 1540
217 1540
216 1540
215 1540
214 1541
213 1541
212 1541
211 1541
210 1541
209 1541
208 1541
207 1541
206 1541
205 1541
204 1541
203 1541
202 1542
201 1542
200 1542
199 1542
198 1542
197 1542
196 1542
195 1542
194 1542
193 1542
192 1542
191 1542
190 1542
189 1542
188 1542
187 1542
186 1542
185 1542
184 1542
183 1542
182 1543
181 1543
180 1543
179 1543
178 1543
177 1544
176 1544
175 1544
174 1544
173 1544
172 1545
171 1545
170 1545
169 1545
168 1545
167 1545
166 1545
165 1545
164 1545
163 1545
162 1545
161 1546
160 1546
159 1546
158 1546
157 1546
156 1546
155 1546
154 1546
153 1547
152 1547
151 1547
150 1547
149 1547
148 1548
147 1548
146 1548
145 1548
144 1548
143 1549
142 1549
141 1549
140 1549
139 1549
138 1549
137 1549
136 1549
135 1549
134 1550
133 1550
132 1550
131 1550
130 1550
129 1551
128 1551
127 1551
126 1552
125 1552
124 1552
123 1552
122 1552
121 1552
120 1552
119 1552
118 1552
117 1552
116 1552
115 1552
114 1552
113 1552
112 1552
111 1552
110 1552
109 1553
108 1553
107 1553
106 1553
105 1554
104 1554
103 1554
102 1554
101 1555
100 1555
99 1555
98 1555
97 1555
96 1555
95 1555
94 1555
93 1555
92 1555
91 1555
90 1555
89 1556
88 1556
87 1556
86 1556
85 1556
84 1556
83 1556
82 1556
81 1556
80 1557
79 1557
78 1557
77 1557
76 1557
75 1557
74 1557
73 1557
72 1557
71 1557
70 1558
69 1558
68 1558
67 1558
66 1559
65 1559
64 1559
63 1559
62 1560
61 1560
60 1560
59 1560
58 1560
57 1561
56 1561
55 1561
54 1561
53 1562
52 1562
51 1562
50 1563
49 1563
48 1564
47 1564
46 1565
45 1565
44 1565
43 1565
42 1566
41 1566
40 1567
39 1567
38 1567
37 1568
36 1568
35 1568
34 1568
33 1568
32 1568
31 1569
30 1569
29 1569
28 1569
27 1569
26 1569
25 1569
24 1569
23 1570
22 1570
21 1570
20 1571
19 1571
18 1571
17 1572
16 1573
15 1574
15 1575
14 1576
13 1577
13 1578
12 1579
12 1580
12 1581
12 1582
12 1583
12 1584
12 1585
12 1586
12 1587
12 1588
12 1589
12 1590
13 1591
13 1592
14 1593
14 1594
15 1595
16 1595
17 1596
18 1596
19 1596
20 1597
21 1597
22 1598
23 1599
24 1599
25 1600
26 1600
27 1601
28 1601
29 1602
30 1602
31 1603
32 1603
33 1604
34 1604
35 1604
36 1605
37 1605
38 1605
39 1605
40 1605
41 1606
42 1606
43 1607
44 1607
45 1608
46 1608
47 1609
48 1609
49 1609
50 1609
51 1610
52 1610
53 1610
54 1610
55 1610
56 1610
57 1610
58 1610
59 1610
60 1610
61 1610
62 1610
63 1610
64 1611
65 1611
66 1611
67 1612
68 1612
69 1612
70 1612
71 1613
72 1613
73 1613
74 1613
75 1614
76 1614
77 1614
78 1614
79 1614
80 1614
81 1615
82 1615
83 1615
84 1615
85 1616
86 1616
87 1616
88 1616
89 1617
90 1617
91 1617
92 1617
93 1617
94 1617
95 1618
96 1618
97 1618
98 1618
99 1618
100 1618
101 1619
102 1619
103 1620
104 1620
105 1620
106 1621
107 1621
108 1622
109 1622
110 1622
111 1623
112 1623
113 1624
114 1624
115 1624
116 1624
117 1624
118 1625
119 1625
120 1625
121 1625
122 1625
123 1626
124 1626
125 1626
126 1627
127 1627
128 1627
129 1627
130 1627
131 1628
132 1628
133 1628
134 1629
135 1629
136 1629
137 1629
138 1630
139 1630
140 1630
141 1631
142 1631
143 1631
144 1631
145 1631
146 1631
147 1631
148 1631
149 1631
150 1631
151 1631
152 1631
153 1631
154 1631
155 1632
156 1632
157 1633
158 1633
159 1633
160 1634
161 1634
162 1634
163 1634
164 1635
165 1635
166 1635
167 1635
168 1635
169 1635
170 1635
171 1635
172 1635
173 1636
174 1636
175 1636
176 1636
177 1636
178 1636
179 1637
180 1637
181 1637
182 1637
183 1637
184 1638
185 1638
186 1638
187 1639
188 1639
189 1639
190 1640
191 1640
192 1640
193 1640
194 1640
195 1640
196 1640
197 1640
198 1640
199 1640
200 1640
201 1640
202 1641
203 1641
204 1641
205 1642
206 1642
207 1642
208 1642
209 1642
210 1643
211 1643
212 1643
213 1643
214 1643
215 1644
216 1644
217 1644
218 1645
219 1645
220 1645
221 1645
222 1645
223 1645
224 1645
225 1645
226 1645
227 1645
228 1645
229 1645
230 1646
231 1646
232 1646
233 1646
234 1647
235 1647
236 1647
237 1647
238 1647
239 1647
240 1647
241 1647
242 1647
243 1647
244 1647
245 1648
246 1648
247 1648
248 1649
249 1649
250 1649
251 1649
252 1650
253 1650
254 1650
255 1650
256 1650
257 1650
258 1650
259 1650
260 1650
261 1650
262 1650
263 1650
264 1650
265 1650
266 1650
267 1650
268 1650
269 1650
270 1650
271 1650
272 1650
273 1650
274 1650
275 1650
276 1650
277 1650
278 1650
279 1650
280 1650
281 1651
282 1651
283 1651
284 1651
285 1651
286 1651
287 1651
288 1651
289 1652
290 1652
291 1652
292 1652
293 1652
294 1652
295 1652
296 1653
297 1653
298 1653
299 1653
300 1653
301 1653
302 1653
303 1653
304 1653
305 1653
306 1653
307 1653
308 1653
309 1653
310 1653
311 1653
312 1653
313 1653
314 1653
315 1654
316 1654
317 1654
318 1654
319 1654
320 1654
321 1654
322 1654
323 1655
324 1655
325 1655
326 1655
327 1655
328 1655
329 1655
330 1655
331 1655
332 1655
333 1655
334 1655
335 1655
336 1656
337 1656
338 1656
339 1656
340 1656
341 1656
342 1656
343 1656
344 1656
345 1656
346 1656
347 1656
348 1657
349 1657
350 1657
351 1657
352 1657
353 1657
354 1657
355 1657
356 1658
357 1658
358 1658
359 1658
360 1659
361 1659
362 1658
363 1658
364 1658
365 1659
366 1659
367 1659
368 1659
369 1659
370 1659
371 1659
372 1659
373 1659
374 1659
375 1659
376 1660
377 1660
378 1660
379 1660
380 1660
381 1659
382 1659
383 1659
384 1659
385 1659
386 1659
387 1659
388 1659
389 1659
390 1658
391 1658
392 1658
393 1658
394 1658
395 1658
396 1658
397 1658
398 1658
399 1658
400 1658
401 1659
402 1658
403 1658
404 1658
405 1658
406 1658
407 1658
408 1658
409 1658
410 1658
411 1658
412 1657
413 1657
414 1657
415 1657
416 1657
417 1657
418 1657
419 1657
420 1657
421 1658
422 1658
423 1658
424 1658
425 1658
426 1659
427 1659
428 1659
429 1659
430 1659
431 1659
432 1659
433 1659
434 1659
435 1659
436 1659
437 1660
438 1660
439 1660
440 1660
441 1660
442 1660
443 1661
444 1661
445 1661
446 1661
447 1662
448 1662
449 1662
450 1662
451 1662
452 1662
453 1662
454 1662
455 1662
456 1662
457 1662
458 1661
459 1661
460 1661
461 1661
462 1661
463 1661
464 1661
465 1661
466 1661
467 1661
468 1661
469 1661
470 1661
471 1661
472 1661
473 1661
474 1661
475 1661
476 1661
477 1662
478 1662
479 1662
480 1662
481 1662
482 1662
483 1662
484 1662
485 1662
486 1662
487 1662
488 1662
489 1662
490 1662
491 1662
492 1662
493 1662
494 1662
495 1662
496 1662
497 1662
498 1662
499 1662
500 1662
501 1662
502 1662
503 1662
504 1662
505 1662
506 1661
507 1661
508 1661
509 1661
510 1661
511 1660
512 1660
513 1659
514 1659
515 1659
516 1659
517 1658
518 1658
519 1658
520 1658
521 1658
522 1657
523 1657
524 1657
525 1657
526 1657
527 1657
528 1657
529 1657
530 1657
531 1657
532 1657
533 1657
534 1657
535 1657
536 1657
537 1656
538 1656
539 1656
540 1656
541 1655
542 1655
543 1655
544 1654
545 1654
546 1653
547 1653
548 1652
549 1652
550 1651
551 1651
552 1651
553 1650
554 1650
555 1650
556 1650
557 1650
558 1650
559 1650
560 1649
561 1649
562 1649
563 1649
564 1649
565 1648
566 1648
567 1648
568 1648
569 1647
570 1647
571 1647
572 1647
573 1646
574 1646
575 1646
576 1645
577 1645
578 1645
579 1645
580 1644
581 1644
582 1644
583 1643
584 1643
585 1643
586 1642
587 1642
588 1642
589 1641
590 1641
591 1640
592 1640
593 1639
594 1639
595 1638
596 1638
597 1637
598 1636
599 1636
600 1635
601 1634
602 1633
603 1632
604 1631
605 1630
606 1629
606 1628
607 1627
608 1626
609 1625
609 1624
610 1623
610 1622
610 1621
610 1620
611 1619
611 1618
612 1617
612 1616
613 1615
613 1614
613 1613
614 1612
614 1611
614 1610
614 1609
614 1608
615 1607
616 1606
616 1605
617 1604
618 1603
618 1602
619 1601
620 1600
621 1599
622 1598
623 1597
624 1597
625 1596
626 1595
627 1594
628 1594
629 1593
630 1592
631 1591
632 1590
633 1589
633 1588
634 1587
635 1586
635 1585
635 1584
635 1583
636 1582
637 1581
638 1580
638 1579
638 1578
638 1577
638 1576
637 1575
637 1574
636 1573
635 1572
635 1571
634 1570
634 1569
633 1568
632 1567
632 1566
632 1565
631 1564
631 1563
630 1562
630 1561
631 1560
631 1559
631 1558
631 1557
630 1556
630 1555
630 1554
630 1553
629 1552
629 1551
629 1550
628 1549
627 1548
627 1547
626 1546
626 1545
625 1544
625 1543
624 1542
623 1541
622 1540
621 1539
620 1539
619 1538
618 1537
617 1537
616 1536
615 1536
614 1536
613 1535
612 1535
611 1534
610 1534
609 1533
608 1533
607 1532
606 1532
605 1531
604 1531
603 1531
602 1530
601 1530
600 1530
599 1529
598 1529
597 1528
596 1527
595 1527
594 1526
593 1526
592 1525
591 1525
590 1525
589 1525
588 1524
587 1524
586 1524
585 1524
584 1524
583 1523
582 1523
581 1523
580 1523
579 1522
578 1522
577 1522
576 1521
575 1521
574 1521
573 1520
572 1520
571 1520
570 1519
569 1519
568 1519
567 1518
566 1518
565 1517
564 1517
563 1516
562 1516
561 1515
560 1515
559 1515
558 1515
557 1515
556 1515
555 1515
554 1515
553 1515
552 1515
551 1515
550 1515
549 1515
548 1515
547 1515
546 1515
545 1515
544 1515
543 1515
542 1515
541 1515
540 1515
539 1515
538 1515
537 1515
536 1515
535 1515
534 1515
533 1515
532 1515
531 1515
530 1515
529 1515
528 1515
527 1515
526 1515
525 1515
524 1515
523 1515
522 1516
521 1516
520 1516
519 1516
518 1516
517 1516
516 1516
515 1516
514 1516
513 1516
512 1516
511 1515
510 1515
509 1515
508 1515
507 1515
506 1515
505 1515
504 1515
503 1515
502 1515
501 1515
500 1515
499 1515
498 1515
497 1515
496 1514
495 1514
494 1514
493 1514
492 1514
491 1513
490 1513
489 1513
488 1512
487 1512
486 1512
485 1511
484 1511
483 1511
482 1511
481 1511
480 1511
479 1511
478 1511
477 1511
476 1511
475 1511
474 1511
473 1511
