363 1704
362 1705
361 1705
360 1705
359 1705
358 1706
357 1706
356 1706
355 1706
354 1706
353 1706
352 1706
351 1706
350 1706
349 1706
348 1705
347 1705
346 1705
345 1705
344 1705
343 1705
342 1705
341 1706
340 1706
339 1706
338 1706
337 1706
336 1706
335 1706
334 1707
333 1707
332 1707
331 1707
330 1707
329 1707
328 1707
327 1707
326 1707
325 1707
324 1707
323 1707
322 1707
321 1707
320 1707
319 1707
318 1707
317 1707
316 1707
315 1707
314 1707
313 1707
312 1707
311 1707
310 1706
309 1707
308 1707
307 1707
306 1707
305 1708
304 1708
303 1708
302 1708
301 1708
300 1708
299 1708
298 1708
297 1708
296 1708
295 1708
294 1708
293 1708
292 1708
291 1708
290 1708
289 1708
288 1708
287 1708
286 1708
285 1708
284 1708
283 1708
282 1707
281 1707
280 1707
279 1707
278 1706
277 1706
276 1706
275 1706
274 1706
273 1706
272 1706
271 1706
270 1706
269 1706
268 1706
267 1706
266 1706
265 1706
264 1706
263 1706
262 1706
261 1706
260 1706
259 1706
258 1706
257 1706
256 1706
255 1706
254 1707
253 1707
252 1707
251 1707
250 1707
249 1707
248 1707
247 1707
246 1707
245 1707
244 1707
243 1707
242 1707
241 1707
240 1707
239 1707
238 1707
237 1707
236 1707
235 1707
234 1706
233 1707
232 1707
231 1707
230 1707
229 1708
228 1708
227 1708
226 1708
225 1709
224 1709
223 1709
222 1710
221 1710
220 1710
219 1710
218 1710
217 1710
216 1710
215 1710
214 1710
213 1710
212 1710
211 1710
210 1710
209 1710
208 1710
207 1710
206 1710
205 1710
204 1710
203 1710
202 1710
201 1710
200 1710
199 1710
198 1710
197 1710
196 1710
195 1710
194 1711
193 1711
192 1711
191 1711
190 1711
189 1711
188 1711
187 1711
186 1712
185 1712
184 1712
183 1712
182 1713
181 1713
180 1713
179 1714
178 1714
177 1714
176 1714
175 1715
174 1715
173 1715
172 1715
171 1716
170 1716
169 1716
168 1716
167 1716
166 1716
165 1716
164 1716
163 1716
162 1716
161 1716
160 1716
159 1716
158 1716
157 1716
156 1716
155 1716
154 1716
153 1716
152 1716
151 1716
150 1716
149 1716
148 1717
147 1717
146 1717
145 1717
144 1717
143 1717
142 1718
141 1718
140 1718
139 1718
138 1718
137 1719
136 1719
135 1719
134 1720
133 1720
132 1720
131 1720
130 1720
129 1720
128 1720
127 1720
126 1720
125 1720
124 1720
123 1721
122 1721
121 1721
120 1721
119 1722
118 1722
117 1722
116 1722
115 1723
114 1723
113 1723
112 1723
111 1724
110 1724
109 1724
108 1724
107 1724
106 1724
105 1724
104 1724
103 1724
102 1724
101 1724
100 1725
99 1725
98 1725
97 1725
96 1725
95 1725
94 1725
93 1725
92 1725
91 1725
90 1725
89 1725
88 1726
87 1726
86 1726
85 1727
84 1727
83 1728
82 1728
81 1729
80 1729
79 1729
78 1729
77 1729
76 1730
75 1730
74 1730
73 1730
72 1730
71 1730
70 1730
69 1730
68 1730
67 1730
66 1731
65 1731
64 1731
63 1732
62 1732
61 1733
60 1733
59 1734
58 1734
57 1734
56 1734
55 1734
54 1734
53 1735
52 1735
51 1735
50 1735
49 1735
48 1735
47 1735
46 1735
45 1735
44 1735
43 1735
42 1736
41 1736
40 1737
39 1737
38 1738
37 1738
36 1738
35 1739
34 1739
33 1739
32 1739
31 1740
30 1740
29 1740
28 1740
27 1741
26 1741
25 1742
24 1742
23 1743
22 1743
21 1743
20 1743
19 1743
18 1743
17 1743
16 1743
15 1744
14 1745
13 1746
12 1746
11 1747
10 1748
9 1748
8 1749
7 1750
7 1751
7 1752
7 1753
8 1754
8 1755
9 1756
10 1756
11 1756
12 1757
13 1758
14 1758
15 1759
16 1759
17 1760
18 1760
19 1760
20 1761
21 1761
22 1762
23 1763
24 1763
25 1764
26 1764
27 1765
28 1765
29 1766
30 1766
31 1767
32 1767
33 1768
34 1768
35 1769
36 1770
37 1771
38 1772
39 1773
40 1773
41 1773
42 1773
43 1773
44 1774
45 1774
46 1774
47 1774
48 1775
49 1775
50 1776
51 1777
52 1777
53 1777
54 1778
55 1778
56 1779
57 1780
58 1781
59 1781
60 1782
61 1783
62 1784
63 1785
64 1785
65 1785
66 1785
67 1785
68 1785
69 1785
70 1786
71 1786
72 1786
73 1786
74 1786
75 1786
76 1786
77 1786
78 1787
79 1787
80 1787
81 1787
82 1787
83 1787
84 1788
85 1788
86 1788
87 1788
88 1789
89 1789
90 1789
91 1789
92 1789
93 1789
94 1790
95 1790
96 1790
97 1791
98 1791
99 1792
100 1793
101 1793
102 1793
103 1794
104 1794
105 1795
106 1795
107 1796
108 1797
109 1797
110 1798
111 1798
112 1798
113 1798
114 1798
115 1798
116 1798
117 1799
118 1799
119 1799
120 1798
121 1799
122 1799
123 1799
124 1799
125 1800
126 1800
127 1800
128 1801
129 1801
130 1802
131 1802
132 1802
133 1802
134 1802
135 1802
136 1802
137 1802
138 1802
139 1802
140 1802
141 1802
142 1802
143 1803
144 1803
145 1803
146 1803
147 1804
148 1804
149 1805
150 1806
151 1806
152 1806
153 1806
154 1807
155 1807
156 1808
157 1809
158 1810
159 1810
160 1810
161 1810
162 1810
163 1810
164 1810
165 1810
166 1811
167 1811
168 1811
169 1811
170 1811
171 1811
172 1811
173 1812
174 1812
175 1812
176 1812
177 1812
178 1812
179 1812
180 1812
181 1812
182 1812
183 1812
184 1812
185 1812
186 1812
187 1812
188 1812
189 1812
190 1812
191 1812
192 1812
193 1812
194 1812
195 1812
196 1812
197 1812
198 1812
199 1812
200 1812
201 1812
202 1812
203 1812
204 1812
205 1812
206 1812
207 1812
208 1812
209 1812
210 1812
211 1812
212 1812
213 1812
214 1812
215 1812
216 1812
217 1811
218 1811
219 1811
220 1811
221 1810
222 1810
223 1810
224 1810
225 1810
226 1810
227 1810
228 1810
229 1811
230 1811
231 1811
232 1811
233 1811
234 1811
235 1810
236 1810
237 1810
238 1810
239 1810
240 1810
241 1810
242 1810
243 1810
244 1810
245 1810
246 1810
247 1810
248 1810
249 1810
250 1810
251 1810
252 1810
253 1810
254 1810
255 1809
256 1809
257 1809
258 1809
259 1809
260 1809
261 1809
262 1809
263 1809
264 1809
265 1809
266 1810
267 1810
268 1810
269 1810
270 1810
271 1810
272 1810
273 1810
274 1810
275 1810
276 1810
277 1810
278 1810
279 1809
280 1809
281 1809
282 1809
283 1809
284 1809
285 1809
286 1808
287 1808
288 1808
289 1808
290 1808
291 1809
292 1809
293 1809
294 1809
295 1809
296 1809
297 1809
298 1809
299 1809
300 1809
301 1809
302 1809
303 1809
304 1809
305 1808
306 1808
307 1808
308 1808
309 1808
310 1808
311 1808
312 1808
313 1808
314 1808
315 1808
316 1808
317 1808
318 1808
319 1808
320 1808
321 1808
322 1808
323 1808
324 1808
325 1808
326 1808
327 1808
328 1808
329 1808
330 1808
331 1808
332 1808
333 1807
334 1807
335 1807
336 1807
337 1807
338 1807
339 1807
340 1807
341 1807
342 1807
343 1807
344 1807
345 1807
346 1807
347 1807
348 1807
349 1807
350 1807
351 1807
352 1807
353 1807
354 1807
355 1807
356 1807
357 1807
358 1807
359 1807
360 1807
361 1807
362 1806
363 1806
364 1806
365 1806
366 1806
367 1806
368 1806
369 1806
370 1806
371 1806
372 1806
373 1806
374 1806
375 1806
376 1806
377 1806
378 1806
379 1806
380 1806
381 1806
382 1806
383 1806
384 1806
385 1806
386 1806
387 1806
388 1806
389 1806
390 1806
391 1806
392 1806
393 1806
394 1806
395 1806
396 1806
397 1806
398 1806
399 1806
400 1806
401 1806
402 1806
403 1807
404 1807
405 1807
406 1807
407 1807
408 1807
409 1807
410 1807
411 1807
412 1807
413 1807
414 1807
415 1807
416 1806
417 1806
418 1806
419 1806
420 1805
421 1805
422 1804
423 1804
424 1803
425 1803
426 1803
427 1803
428 1803
429 1803
430 1803
431 1803
432 1804
433 1804
434 1805
435 1806
436 1806
437 1806
438 1806
439 1806
440 1806
441 1806
442 1806
443 1806
444 1806
445 1806
446 1806
447 1806
448 1806
449 1806
450 1806
451 1806
452 1806
453 1806
454 1806
455 1806
456 1806
457 1806
458 1806
459 1806
460 1806
461 1806
462 1806
463 1806
464 1806
465 1806
466 1806
467 1806
468 1806
469 1806
470 1806
471 1806
472 1806
473 1806
474 1806
475 1806
476 1806
477 1806
478 1806
479 1806
480 1806
481 1806
482 1806
483 1806
484 1806
485 1807
486 1807
487 1806
488 1806
489 1806
490 1806
491 1806
492 1806
493 1806
494 1806
495 1806
496 1806
497 1806
498 1806
499 1806
500 1806
501 1806
502 1805
503 1805
504 1805
505 1805
506 1805
507 1804
508 1804
509 1804
510 1804
511 1804
512 1804
513 1804
514 1804
515 1804
516 1804
517 1804
518 1804
519 1804
520 1804
521 1804
522 1804
523 1804
524 1804
525 1804
526 1804
527 1804
528 1804
529 1804
530 1805
531 1805
532 1805
533 1804
534 1804
535 1804
536 1804
537 1804
538 1803
539 1803
540 1803
541 1803
542 1803
543 1802
544 1802
545 1802
546 1802
547 1802
548 1802
549 1801
550 1801
551 1801
552 1801
553 1801
554 1801
555 1800
556 1800
557 1800
558 1800
559 1800
560 1800
561 1800
562 1800
563 1800
564 1800
565 1800
566 1800
567 1800
568 1800
569 1799
570 1799
571 1799
572 1798
573 1798
574 1798
575 1797
576 1797
577 1797
578 1796
579 1796
579 1795
580 1794
580 1793
581 1792
582 1791
583 1790
584 1789
585 1788
586 1787
587 1786
588 1785
589 1784
590 1783
591 1782
592 1781
593 1781
594 1780
595 1780
596 1780
597 1779
598 1779
599 1779
600 1778
601 1778
602 1778
603 1778
604 1778
605 1778
606 1779
607 1779
608 1780
609 1780
610 1780
611 1780
612 1780
613 1780
614 1780
615 1779
616 1779
617 1778
618 1777
619 1776
620 1776
621 1775
622 1774
623 1773
624 1772
625 1771
626 1771
627 1770
628 1769
629 1769
630 1768
631 1767
632 1766
633 1765
633 1764
634 1763
634 1762
634 1761
634 1760
634 1759
633 1758
633 1757
633 1756
633 1755
633 1754
633 1753
633 1752
633 1751
633 1750
633 1749
633 1748
633 1747
632 1746
632 1745
632 1744
631 1743
631 1742
631 1741
631 1740
631 1739
631 1738
630 1737
630 1736
629 1735
629 1734
628 1733
628 1732
628 1731
627 1730
626 1729
626 1728
626 1727
626 1726
626 1725
625 1724
624 1723
623 1722
622 1721
621 1720
620 1719
619 1719
618 1718
617 1718
616 1717
615 1716
614 1716
613 1716
612 1715
611 1714
610 1714
609 1714
608 1714
607 1714
606 1714
605 1714
604 1714
603 1713
602 1713
601 1712
600 1712
599 1712
598 1712
597 1712
596 1711
595 1710
594 1710
593 1709
592 1709
591 1709
590 1709
589 1709
588 1709
587 1709
586 1709
585 1709
584 1709
583 1709
582 1709
581 1709
580 1709
579 1709
578 1709
577 1709
576 1709
575 1709
574 1709
573 1709
572 1709
571 1709
570 1709
569 1709
568 1709
567 1708
566 1708
565 1708
564 1708
563 1707
562 1707
561 1707
560 1707
559 1707
558 1707
557 1707
556 1706
555 1706
554 1706
553 1706
552 1706
551 1706
550 1706
549 1706
548 1705
547 1705
546 1705
545 1705
544 1705
543 1705
542 1705
541 1705
540 1705
539 1705
538 1705
537 1705
536 1705
535 1705
534 1705
533 1705
532 1706
531 1706
530 1706
529 1706
528 1707
527 1707
526 1707
525 1707
524 1707
523 1707
522 1707
521 1707
520 1707
519 1706
518 1707
517 1707
516 1707
515 1707
514 1707
513 1707
512 1707
511 1707
510 1707
509 1707
508 1706
507 1706
506 1706
505 1706
504 1706
503 1706
502 1706
501 1707
500 1707
499 1707
498 1707
497 1707
496 1706
495 1707
494 1707
493 1707
492 1707
491 1707
490 1707
489 1707
488 1707
487 1707
486 1707
485 1707
484 1707
483 1706
482 1706
481 1706
480 1705
479 1705
478 1705
477 1705
476 1706
475 1706
474 1707
473 1707
472 1707
471 1707
470 1707
469 1707
468 1707
467 1707
466 1707
465 1707
464 1707
463 1707
462 1707
461 1707
460 1707
459 1707
458 1707
457 1707
456 1706
455 1706
454 1706
453 1706
452 1706
451 1706
450 1706
449 1706
448 1706
447 1706
446 1706
445 1706
444 1705
443 1705
442 1705
441 1705
440 1705
439 1704
438 1704
437 1704
436 1704
435 1704
434 1704
433 1704
432 1704
431 1704
430 1704
429 1704
428 1704
427 1704
426 1704
425 1704
424 1704
423 1704
422 1704
421 1704
420 1704
419 1704
418 1704
417 1704
416 1704
415 1704
414 1705
413 1705
412 1705
411 1705
410 1705
409 1705
408 1705
407 1705
406 1705
405 1705
404 1705
403 1705
402 1706
401 1705
400 1705
399 1705
398 1705
397 1705
396 1705
395 1705
394 1705
393 1705
392 1705
391 1705
390 1706
389 1705
388 1705
387 1705
386 1705
385 1705
384 1705
383 1705
382 1705
381 1705
380 1705
379 1705
378 1706
377 1706
376 1706
375 1706
374 1706
373 1705
372 1705
371 1705
370 1705
369 1704
368 1704
367 1704
366 1704
365 1704
364 1704
363 1704
