413 1858
412 1859
411 1859
410 1859
409 1859
408 1859
407 1859
406 1859
405 1859
404 1859
403 1859
402 1859
401 1859
400 1859
399 1859
398 1859
397 1859
396 1859
395 1859
394 1859
393 1859
392 1859
391 1859
390 1859
389 1859
388 1859
387 1859
386 1859
385 1859
384 1859
383 1859
382 1859
381 1859
380 1859
379 1859
378 1859
377 1859
376 1860
375 1860
374 1860
373 1860
372 1860
371 1860
370 1860
369 1860
368 1860
367 1860
366 1861
365 1861
364 1861
363 1861
362 1861
361 1862
360 1862
359 1862
358 1862
357 1862
356 1862
355 1862
354 1862
353 1863
352 1863
351 1863
350 1863
349 1863
348 1863
347 1863
346 1864
345 1864
344 1864
343 1864
342 1864
341 1865
340 1865
339 1865
338 1865
337 1865
336 1865
335 1866
334 1866
333 1866
332 1866
331 1866
330 1866
329 1866
328 1866
327 1866
326 1866
325 1866
324 1866
323 1866
322 1866
321 1866
320 1866
319 1866
318 1866
317 1866
316 1866
315 1866
314 1866
313 1866
312 1866
311 1866
310 1866
309 1866
308 1866
307 1866
306 1866
305 1866
304 1866
303 1866
302 1866
301 1866
300 1867
299 1867
298 1867
297 1867
296 1867
295 1867
294 1867
293 1867
292 1867
291 1867
290 1867
289 1867
288 1867
287 1868
286 1868
285 1868
284 1868
283 1868
282 1868
281 1868
280 1869
279 1869
278 1869
277 1869
276 1869
275 1869
274 1869
273 1870
272 1870
271 1870
270 1870
269 1870
268 1870
267 1870
266 1870
265 1870
264 1870
263 1870
262 1870
261 1870
260 1870
259 1870
258 1870
257 1870
256 1870
255 1871
254 1871
253 1871
252 1872
251 1872
250 1872
249 1873
248 1873
247 1873
246 1874
245 1874
244 1874
243 1875
242 1875
241 1875
240 1875
239 1876
238 1876
237 1876
236 1876
235 1876
234 1876
233 1877
232 1877
231 1877
230 1877
229 1877
228 1878
227 1878
226 1878
225 1878
224 1879
223 1879
222 1879
221 1879
220 1879
219 1879
218 1880
217 1880
216 1880
215 1881
214 1881
213 1881
212 1881
211 1881
210 1881
209 1882
208 1882
207 1882
206 1882
205 1882
204 1883
203 1883
202 1883
201 1883
200 1883
199 1884
198 1884
197 1884
196 1884
195 1885
194 1885
193 1885
192 1885
191 1885
190 1885
189 1885
188 1886
187 1886
186 1886
185 1886
184 1886
183 1886
182 1886
181 1886
180 1886
179 1887
178 1887
177 1887
176 1887
175 1887
174 1887
173 1887
172 1887
171 1887
170 1887
169 1888
168 1888
167 1888
166 1888
165 1888
164 1888
163 1888
162 1889
161 1889
160 1889
159 1889
158 1889
157 1890
156 1890
155 1890
154 1890
153 1891
152 1891
151 1892
150 1892
149 1892
148 1893
147 1894
146 1894
145 1895
144 1895
143 1896
142 1897
141 1897
140 1897
139 1898
138 1898
137 1899
136 1899
135 1899
134 1900
133 1900
132 1900
131 1901
130 1901
129 1901
128 1902
127 1902
126 1903
125 1903
124 1903
123 1904
122 1904
121 1904
120 1905
119 1905
118 1906
117 1906
116 1906
115 1907
114 1907
113 1907
112 1907
111 1908
110 1908
109 1908
108 1909
107 1909
106 1910
105 1910
104 1910
103 1911
102 1911
101 1911
100 1911
99 1911
98 1912
97 1912
96 1912
95 1912
94 1912
93 1913
92 1913
91 1913
90 1913
89 1914
88 1914
87 1914
86 1914
85 1914
84 1915
83 1915
82 1915
81 1916
80 1916
79 1916
78 1917
77 1917
76 1917
75 1918
74 1918
73 1918
72 1919
71 1920
70 1920
69 1921
68 1922
67 1923
66 1923
65 1924
64 1924
63 1925
62 1925
61 1925
60 1925
59 1926
58 1926
57 1927
56 1927
55 1927
54 1928
53 1928
52 1928
51 1929
50 1929
49 1930
48 1930
47 1930
46 1931
45 1931
44 1932
43 1932
42 1933
41 1934
40 1934
39 1935
38 1936
37 1937
36 1937
35 1937
34 1938
33 1938
32 1938
31 1938
30 1939
29 1939
28 1939
27 1940
26 1940
25 1940
24 1941
23 1941
22 1942
21 1942
20 1943
19 1943
18 1944
17 1944
16 1945
15 1946
14 1947
13 1948
12 1949
12 1950
12 1951
12 1952
12 1953
12 1954
12 1955
12 1956
12 1957
12 1958
12 1959
12 1960
12 1961
12 1962
13 1963
14 1964
15 1964
16 1964
17 1964
18 1965
19 1966
20 1966
21 1967
22 1968
23 1968
24 1968
25 1968
26 1969
27 1969
28 1970
29 1971
30 1972
31 1972
32 1972
33 1972
34 1973
35 1973
36 1974
37 1975
38 1976
39 1976
40 1976
41 1976
42 1976
43 1976
44 1976
45 1977
46 1978
47 1978
48 1978
49 1979
50 1980
51 1980
52 1980
53 1980
54 1980
55 1980
56 1980
57 1981
58 1981
59 1981
60 1982
61 1983
62 1984
63 1984
64 1985
65 1985
66 1985
67 1985
68 1985
69 1985
70 1985
71 1985
72 1984
73 1985
74 1985
75 1985
76 1986
77 1986
78 1987
79 1988
80 1989
81 1989
82 1989
83 1989
84 1989
85 1989
86 1989
87 1990
88 1990
89 1990
90 1991
91 1992
92 1993
93 1993
94 1993
95 1993
96 1993
97 1993
98 1993
99 1994
100 1994
101 1994
102 1995
103 1996
104 1997
105 1997
106 1997
107 1997
108 1997
109 1997
110 1997
111 1998
112 1998
113 1998
114 1999
115 1999
116 2000
117 2001
118 2001
119 2001
120 2001
121 2001
122 2001
123 2001
124 2001
125 2002
126 2002
127 2003
128 2004
129 2005
130 2005
131 2005
132 2005
133 2005
134 2006
135 2007
136 2008
137 2009
138 2009
139 2009
140 2009
141 2009
142 2009
143 2010
144 2010
145 2010
146 2011
147 2011
148 2012
149 2013
150 2013
151 2013
152 2013
153 2013
154 2013
155 2013
156 2013
157 2013
158 2013
159 2013
160 2013
161 2014
162 2014
163 2014
164 2015
165 2015
166 2015
167 2015
168 2016
169 2016
170 2017
171 2018
172 2018
173 2018
174 2018
175 2018
176 2018
177 2018
178 2018
179 2019
180 2019
181 2019
182 2019
183 2020
184 2020
185 2020
186 2021
187 2022
188 2022
189 2022
190 2022
191 2022
192 2022
193 2022
194 2022
195 2022
196 2022
197 2022
198 2022
199 2022
200 2022
201 2022
202 2022
203 2022
204 2023
205 2023
206 2024
207 2025
208 2026
209 2026
210 2026
211 2026
212 2026
213 2026
214 2026
215 2027
216 2027
217 2027
218 2028
219 2029
220 2030
221 2030
222 2030
223 2030
224 2030
225 2030
226 2030
227 2030
228 2031
229 2031
230 2031
231 2031
232 2031
233 2031
234 2031
235 2031
236 2031
237 2031
238 2031
239 2031
240 2031
241 2031
242 2031
243 2031
244 2031
245 2031
246 2031
247 2032
248 2032
249 2032
250 2032
251 2033
252 2033
253 2034
254 2034
255 2034
256 2034
257 2034
258 2034
259 2034
260 2034
261 2034
262 2034
263 2034
264 2034
265 2034
266 2034
267 2034
268 2034
269 2034
270 2034
271 2034
272 2034
273 2034
274 2034
275 2034
276 2034
277 2034
278 2034
279 2034
280 2034
281 2034
282 2034
283 2034
284 2034
285 2034
286 2034
287 2034
288 2034
289 2034
290 2034
291 2034
292 2034
293 2034
294 2034
295 2034
296 2034
297 2034
298 2034
299 2034
300 2034
301 2034
302 2034
303 2034
304 2034
305 2034
306 2034
307 2034
308 2034
309 2034
310 2034
311 2034
312 2034
313 2035
314 2035
315 2035
316 2035
317 2035
318 2035
319 2035
320 2035
321 2035
322 2035
323 2035
324 2035
325 2035
326 2035
327 2035
328 2035
329 2036
330 2037
331 2038
332 2038
333 2038
334 2038
335 2038
336 2038
337 2038
338 2038
339 2039
340 2039
341 2039
342 2039
343 2039
344 2039
345 2039
346 2039
347 2039
348 2039
349 2039
350 2039
351 2039
352 2039
353 2039
354 2039
355 2039
356 2039
357 2039
358 2039
359 2039
360 2039
361 2039
362 2039
363 2039
364 2039
365 2039
366 2039
367 2039
368 2039
369 2039
370 2039
371 2039
372 2039
373 2039
374 2038
375 2038
376 2038
377 2038
378 2038
379 2038
380 2037
381 2037
382 2037
383 2037
384 2037
385 2037
386 2037
387 2037
388 2036
389 2036
390 2036
391 2036
392 2037
393 2038
394 2038
395 2038
396 2038
397 2038
398 2038
399 2038
400 2038
401 2038
402 2038
403 2038
404 2038
405 2038
406 2038
407 2038
408 2038
409 2038
410 2038
411 2038
412 2038
413 2038
414 2038
415 2038
416 2038
417 2038
418 2038
419 2038
420 2038
421 2038
422 2038
423 2038
424 2038
425 2038
426 2038
427 2038
428 2038
429 2038
430 2038
431 2038
432 2038
433 2038
434 2038
435 2038
436 2038
437 2038
438 2038
439 2038
440 2038
441 2038
442 2038
443 2038
444 2038
445 2038
446 2038
447 2039
448 2039
449 2039
450 2040
451 2040
452 2040
453 2040
454 2040
455 2040
456 2040
457 2040
458 2040
459 2040
460 2040
461 2039
462 2039
463 2039
464 2039
465 2039
466 2039
467 2038
468 2038
469 2038
470 2038
471 2038
472 2038
473 2038
474 2038
475 2038
476 2038
477 2038
478 2038
479 2038
480 2038
481 2038
482 2038
483 2038
484 2038
485 2038
486 2038
487 2038
488 2038
489 2038
490 2038
491 2039
492 2039
493 2039
494 2039
495 2039
496 2039
497 2038
498 2038
499 2038
500 2038
501 2038
502 2038
503 2038
504 2038
505 2038
506 2037
507 2037
508 2037
509 2037
510 2037
511 2036
512 2036
513 2036
514 2036
515 2035
516 2035
517 2034
518 2034
519 2034
520 2033
521 2033
522 2033
523 2032
524 2032
525 2032
526 2032
527 2031
528 2031
529 2031
530 2031
531 2031
532 2031
533 2030
534 2030
535 2030
536 2030
537 2030
538 2030
539 2030
540 2029
541 2029
542 2029
543 2029
544 2029
545 2028
546 2028
547 2028
548 2027
549 2027
550 2027
551 2026
552 2026
553 2025
554 2024
555 2024
556 2023
557 2022
558 2022
559 2021
560 2021
561 2020
562 2019
563 2019
564 2018
565 2018
566 2017
567 2017
568 2017
569 2016
570 2016
571 2016
572 2015
573 2015
574 2015
575 2015
576 2014
577 2014
578 2013
579 2013
580 2013
581 2012
582 2012
583 2011
584 2011
585 2010
586 2010
587 2009
588 2009
589 2008
590 2008
591 2007
592 2007
593 2006
594 2005
595 2005
596 2004
597 2003
598 2003
599 2002
600 2001
601 2000
602 2000
603 1999
604 1998
605 1997
606 1996
607 1995
608 1994
609 1993
610 1992
610 1991
611 1990
612 1989
613 1988
614 1987
614 1986
615 1985
616 1984
617 1983
617 1982
618 1981
619 1980
620 1979
620 1978
621 1977
622 1976
623 1975
623 1974
624 1973
625 1972
626 1971
627 1970
627 1969
628 1968
629 1967
630 1966
631 1965
632 1964
632 1963
633 1962
634 1961
634 1960
635 1959
636 1958
637 1957
638 1956
638 1955
638 1954
638 1953
638 1952
638 1951
638 1950
639 1949
639 1948
639 1947
639 1946
638 1945
638 1944
638 1943
638 1942
638 1941
637 1940
636 1939
636 1938
635 1937
635 1936
635 1935
635 1934
634 1933
634 1932
633 1931
632 1930
631 1930
630 1930
629 1930
628 1929
627 1928
626 1927
625 1926
624 1925
623 1925
622 1924
621 1923
620 1922
619 1922
618 1921
617 1920
616 1920
615 1920
614 1919
613 1919
612 1918
611 1917
610 1916
609 1915
608 1914
607 1913
606 1912
605 1911
604 1910
603 1909
602 1908
601 1907
600 1906
599 1905
598 1904
597 1903
596 1902
595 1901
594 1900
593 1899
592 1898
591 1897
590 1896
589 1896
588 1895
587 1894
586 1893
585 1892
584 1891
583 1890
582 1890
581 1890
580 1890
579 1890
578 1889
577 1888
576 1887
575 1886
574 1886
573 1886
572 1886
571 1886
570 1886
569 1886
568 1885
567 1884
566 1884
565 1883
564 1883
563 1882
562 1882
561 1881
560 1880
559 1879
558 1878
558 1877
557 1876
556 1875
555 1875
554 1875
553 1874
552 1874
551 1874
550 1874
549 1874
548 1874
547 1874
546 1874
545 1874
544 1874
543 1874
542 1874
541 1874
540 1874
539 1874
538 1874
537 1873
536 1872
535 1871
534 1871
533 1871
532 1871
531 1871
530 1871
529 1871
528 1871
527 1871
526 1871
525 1871
524 1871
523 1871
522 1871
521 1871
520 1870
519 1870
518 1870
517 1870
516 1870
515 1870
514 1870
513 1869
512 1868
511 1868
510 1868
509 1867
508 1866
507 1866
506 1866
505 1866
504 1866
503 1866
502 1866
501 1865
500 1865
499 1864
498 1864
497 1864
496 1864
495 1864
494 1863
493 1863
492 1863
491 1863
490 1863
489 1863
488 1863
487 1862
486 1862
485 1862
484 1862
483 1862
482 1862
481 1862
480 1862
479 1862
478 1862
477 1862
476 1862
475 1862
474 1862
473 1862
472 1862
471 1862
470 1862
469 1862
468 1862
467 1862
466 1862
465 1862
464 1862
463 1862
462 1861
461 1862
460 1862
459 1862
458 1862
457 1862
456 1862
455 1862
454 1862
453 1862
452 1861
451 1861
450 1860
449 1860
448 1859
447 1859
446 1859
445 1859
444 1859
443 1859
442 1859
441 1859
440 1859
439 1859
438 1859
437 1859
436 1859
435 1859
434 1859
433 1858
432 1858
431 1858
430 1858
429 1858
428 1858
427 1858
426 1858
425 1858
424 1858
423 1858
422 1858
421 1858
420 1858
419 1858
418 1858
417 1858
416 1858
415 1858
414 1858
413 1858
