373 2088
372 2089
371 2089
370 2089
369 2089
368 2089
367 2089
366 2089
365 2089
364 2089
363 2089
362 2089
361 2089
360 2089
359 2089
358 2089
357 2089
356 2089
355 2089
354 2089
353 2089
352 2089
351 2089
350 2089
349 2089
348 2089
347 2089
346 2089
345 2089
344 2089
343 2089
342 2089
341 2089
340 2089
339 2089
338 2089
337 2089
336 2089
335 2090
334 2090
333 2090
332 2090
331 2091
330 2091
329 2091
328 2091
327 2092
326 2092
325 2092
324 2093
323 2093
322 2093
321 2093
320 2094
319 2094
318 2093
317 2093
316 2093
315 2093
314 2093
313 2093
312 2093
311 2093
310 2093
309 2093
308 2093
307 2093
306 2093
305 2093
304 2093
303 2093
302 2093
301 2093
300 2093
299 2093
298 2094
297 2094
296 2094
295 2094
294 2094
293 2094
292 2095
291 2095
290 2095
289 2095
288 2095
287 2095
286 2096
285 2096
284 2096
283 2096
282 2096
281 2096
280 2096
279 2096
278 2096
277 2096
276 2096
275 2096
274 2096
273 2096
272 2096
271 2096
270 2096
269 2096
268 2096
267 2096
266 2097
265 2097
264 2097
263 2097
262 2097
261 2097
260 2098
259 2098
258 2098
257 2098
256 2098
255 2098
254 2098
253 2098
252 2098
251 2098
250 2098
249 2098
248 2099
247 2099
246 2099
245 2099
244 2099
243 2099
242 2100
241 2100
240 2100
239 2100
238 2100
237 2100
236 2100
235 2100
234 2100
233 2100
232 2100
231 2100
230 2100
229 2100
228 2100
227 2100
226 2100
225 2100
224 2100
223 2100
222 2100
221 2100
220 2100
219 2100
218 2100
217 2100
216 2100
215 2100
214 2100
213 2100
212 2100
211 2100
210 2100
209 2100
208 2100
207 2100
206 2100
205 2100
204 2100
203 2099
202 2099
201 2099
200 2099
199 2099
198 2099
197 2099
196 2099
195 2099
194 2099
193 2099
192 2099
191 2099
190 2099
189 2099
188 2099
187 2099
186 2099
185 2099
184 2099
183 2099
182 2099
181 2099
180 2099
179 2099
178 2099
177 2099
176 2099
175 2099
174 2099
173 2099
172 2100
171 2100
170 2100
169 2101
168 2101
167 2101
166 2102
165 2103
164 2103
163 2104
162 2104
161 2104
160 2105
159 2105
158 2106
157 2106
156 2106
155 2107
154 2107
153 2107
152 2107
151 2108
150 2108
149 2108
148 2108
147 2108
146 2108
145 2109
144 2109
143 2109
142 2109
141 2109
140 2109
139 2109
138 2109
137 2109
136 2109
135 2109
134 2109
133 2110
132 2110
131 2110
130 2110
129 2110
128 2110
127 2111
126 2111
125 2111
124 2111
123 2111
122 2112
121 2112
120 2112
119 2112
118 2112
117 2112
116 2113
115 2113
114 2113
113 2113
112 2113
111 2113
110 2114
109 2114
108 2114
107 2114
106 2114
105 2114
104 2114
103 2115
102 2115
101 2115
100 2115
99 2115
98 2115
97 2115
96 2116
95 2116
94 2116
93 2116
92 2116
91 2117
90 2117
89 2117
88 2117
87 2117
86 2118
85 2118
84 2118
83 2118
82 2118
81 2118
80 2119
79 2119
78 2119
77 2119
76 2119
75 2119
74 2120
73 2120
72 2120
71 2120
70 2121
69 2121
68 2121
67 2121
66 2122
65 2122
64 2122
63 2122
62 2122
61 2123
60 2123
59 2123
58 2123
57 2123
56 2124
55 2124
54 2124
53 2124
52 2125
51 2125
50 2125
49 2125
48 2125
47 2126
46 2126
45 2126
44 2126
43 2126
42 2127
41 2127
40 2127
39 2127
38 2127
37 2127
36 2127
35 2127
34 2127
33 2128
32 2128
31 2128
30 2128
29 2129
28 2129
27 2129
26 2130
25 2130
24 2130
23 2131
22 2131
21 2132
20 2132
19 2133
18 2133
17 2134
16 2135
15 2136
14 2136
13 2137
12 2138
11 2139
10 2140
9 2141
8 2142
8 2143
7 2144
7 2145
8 2146
8 2147
8 2148
9 2149
9 2150
10 2151
11 2151
12 2152
13 2152
14 2153
15 2154
16 2154
17 2155
18 2156
19 2156
20 2156
21 2157
22 2157
23 2158
24 2158
25 2159
26 2160
27 2160
28 2161
29 2161
30 2162
31 2162
32 2163
33 2163
34 2164
35 2164
36 2165
37 2165
38 2166
39 2166
40 2167
41 2167
42 2168
43 2168
44 2168
45 2169
46 2169
47 2170
48 2170
49 2171
50 2171
51 2172
52 2172
53 2173
54 2174
55 2175
56 2175
57 2176
58 2177
59 2178
60 2178
61 2179
62 2180
63 2180
64 2181
65 2182
66 2182
67 2182
68 2183
69 2183
70 2184
71 2184
72 2184
73 2185
74 2185
75 2185
76 2185
77 2185
78 2186
79 2186
80 2186
81 2186
82 2187
83 2187
84 2187
85 2187
86 2187
87 2187
88 2187
89 2187
90 2188
91 2188
92 2188
93 2188
94 2188
95 2189
96 2189
97 2189
98 2189
99 2190
100 2190
101 2190
102 2190
103 2191
104 2191
105 2191
106 2192
107 2192
108 2193
109 2193
110 2194
111 2194
112 2195
113 2195
114 2196
115 2196
116 2196
117 2197
118 2197
119 2197
120 2198
121 2198
122 2198
123 2198
124 2198
125 2199
126 2199
127 2199
128 2199
129 2200
130 2200
131 2200
132 2201
133 2201
134 2201
135 2201
136 2201
137 2202
138 2202
139 2202
140 2202
141 2202
142 2203
143 2203
144 2203
145 2203
146 2204
147 2204
148 2204
149 2205
150 2205
151 2205
152 2205
153 2206
154 2206
155 2206
156 2207
157 2207
158 2208
159 2208
160 2208
161 2208
162 2209
163 2209
164 2209
165 2209
166 2209
167 2210
168 2210
169 2210
170 2210
171 2210
172 2210
173 2210
174 2211
175 2211
176 2211
177 2211
178 2211
179 2211
180 2211
181 2211
182 2211
183 2211
184 2211
185 2211
186 2211
187 2211
188 2211
189 2211
190 2211
191 2210
192 2210
193 2210
194 2210
195 2209
196 2209
197 2209
198 2209
199 2208
200 2208
201 2208
202 2208
203 2207
204 2207
205 2207
206 2207
207 2207
208 2207
209 2207
210 2207
211 2207
212 2207
213 2206
214 2206
215 2206
216 2206
217 2206
218 2206
219 2206
220 2206
221 2206
222 2206
223 2206
224 2206
225 2206
226 2206
227 2206
228 2206
229 2206
230 2206
231 2206
232 2206
233 2206
234 2206
235 2206
236 2206
237 2206
238 2206
239 2206
240 2206
241 2206
242 2206
243 2206
244 2206
245 2206
246 2206
247 2206
248 2206
249 2206
250 2206
251 2206
252 2206
253 2206
254 2206
255 2206
256 2206
257 2207
258 2207
259 2207
260 2207
261 2207
262 2208
263 2208
264 2208
265 2208
266 2209
267 2209
268 2209
269 2209
270 2209
271 2210
272 2210
273 2210
274 2210
275 2211
276 2211
277 2211
278 2211
279 2211
280 2211
281 2211
282 2211
283 2211
284 2211
285 2211
286 2211
287 2211
288 2211
289 2211
290 2210
291 2210
292 2210
293 2210
294 2209
295 2209
296 2209
297 2208
298 2208
299 2207
300 2207
301 2207
302 2207
303 2206
304 2206
305 2206
306 2206
307 2205
308 2205
309 2205
310 2205
311 2205
312 2205
313 2205
314 2205
315 2204
316 2204
317 2204
318 2204
319 2204
320 2204
321 2204
322 2204
323 2204
324 2205
325 2205
326 2205
327 2205
328 2205
329 2206
330 2206
331 2206
332 2206
333 2207
334 2207
335 2207
336 2207
337 2207
338 2207
339 2207
340 2208
341 2208
342 2208
343 2208
344 2208
345 2208
346 2208
347 2209
348 2209
349 2209
350 2209
351 2210
352 2210
353 2210
354 2210
355 2210
356 2210
357 2211
358 2211
359 2211
360 2212
361 2212
362 2212
363 2212
364 2213
365 2213
366 2213
367 2214
368 2214
369 2214
370 2214
371 2215
372 2215
373 2215
374 2216
375 2216
376 2216
377 2216
378 2216
379 2217
380 2217
381 2217
382 2217
383 2218
384 2218
385 2218
386 2218
387 2218
388 2218
389 2219
390 2219
391 2219
392 2219
393 2219
394 2219
395 2219
396 2220
397 2220
398 2220
399 2220
400 2220
401 2220
402 2220
403 2220
404 2220
405 2220
406 2220
407 2220
408 2220
409 2220
410 2220
411 2219
412 2219
413 2219
414 2219
415 2219
416 2219
417 2219
418 2219
419 2219
420 2219
421 2219
422 2219
423 2219
424 2219
425 2219
426 2219
427 2219
428 2219
429 2219
430 2219
431 2219
432 2219
433 2219
434 2219
435 2219
436 2219
437 2219
438 2219
439 2218
440 2218
441 2218
442 2218
443 2218
444 2218
445 2218
446 2218
447 2218
448 2218
449 2218
450 2218
451 2218
452 2218
453 2218
454 2218
455 2219
456 2219
457 2219
458 2219
459 2220
460 2220
461 2220
462 2221
463 2221
464 2221
465 2221
466 2221
467 2221
468 2221
469 2221
470 2221
471 2222
472 2222
473 2222
474 2223
475 2223
476 2223
477 2224
478 2224
479 2224
480 2225
481 2225
482 2225
483 2226
484 2226
485 2226
486 2226
487 2226
488 2226
489 2226
490 2226
491 2227
492 2227
493 2227
494 2227
495 2227
496 2227
497 2227
498 2227
499 2228
500 2228
501 2228
502 2228
503 2228
504 2228
505 2229
506 2229
507 2229
508 2229
509 2229
510 2229
511 2229
512 2229
513 2229
514 2229
515 2229
516 2229
517 2229
518 2229
519 2229
520 2229
521 2229
522 2229
523 2229
524 2229
525 2229
526 2229
527 2229
528 2229
529 2229
530 2229
531 2229
532 2228
533 2228
534 2228
535 2228
536 2227
537 2227
538 2227
539 2226
540 2226
541 2226
542 2225
543 2225
544 2225
545 2224
546 2224
547 2224
548 2224
549 2224
550 2224
551 2224
552 2224
553 2224
554 2224
555 2224
556 2224
557 2224
558 2224
559 2224
560 2224
561 2224
562 2224
563 2224
564 2224
565 2224
566 2224
567 2223
568 2223
569 2223
570 2223
571 2222
572 2222
573 2222
574 2222
575 2221
576 2221
577 2220
578 2220
579 2220
580 2219
581 2219
582 2218
583 2218
584 2218
585 2217
586 2216
587 2216
588 2215
589 2214
590 2214
591 2214
592 2213
593 2213
594 2212
595 2211
596 2210
597 2210
598 2209
599 2208
600 2207
601 2206
602 2205
602 2204
603 2203
604 2202
605 2201
606 2200
607 2199
608 2198
609 2198
610 2197
611 2196
611 2195
612 2194
613 2193
613 2192
614 2191
615 2190
616 2189
617 2188
618 2188
619 2187
620 2186
621 2185
622 2184
623 2183
624 2182
625 2181
625 2180
626 2179
627 2178
628 2177
628 2176
629 2175
629 2174
630 2173
630 2172
631 2171
631 2170
632 2169
632 2168
632 2167
633 2166
633 2165
633 2164
633 2163
633 2162
633 2161
633 2160
633 2159
634 2158
634 2157
633 2156
633 2155
633 2154
633 2153
633 2152
633 2151
633 2150
632 2149
632 2148
632 2147
631 2146
630 2145
629 2144
628 2143
627 2142
626 2141
626 2140
625 2139
624 2138
624 2137
623 2136
622 2135
621 2134
620 2133
619 2132
618 2131
617 2130
617 2129
616 2128
616 2127
616 2126
615 2125
614 2124
613 2123
612 2122
611 2121
610 2121
609 2120
608 2119
607 2119
606 2118
606 2117
605 2116
604 2115
603 2114
602 2113
601 2112
600 2111
599 2110
598 2109
597 2108
597 2107
596 2106
595 2105
594 2104
593 2103
592 2102
592 2101
591 2100
590 2099
589 2099
588 2098
587 2098
586 2098
585 2097
584 2097
583 2097
582 2097
581 2096
580 2096
579 2096
578 2096
577 2096
576 2096
575 2096
574 2096
573 2096
572 2096
571 2096
570 2096
569 2096
568 2096
567 2096
566 2096
565 2095
564 2095
563 2095
562 2095
561 2095
560 2095
559 2095
558 2095
557 2095
556 2095
555 2095
554 2095
553 2095
552 2095
551 2095
550 2095
549 2095
548 2095
547 2095
546 2095
545 2096
544 2096
543 2096
542 2096
541 2096
540 2096
539 2096
538 2096
537 2096
536 2096
535 2096
534 2096
533 2096
532 2096
531 2096
530 2096
529 2096
528 2096
527 2096
526 2096
525 2096
524 2096
523 2096
522 2096
521 2096
520 2096
519 2096
518 2096
517 2096
516 2096
515 2096
514 2096
513 2096
512 2095
511 2095
510 2095
509 2095
508 2095
507 2095
506 2095
505 2095
504 2095
503 2094
502 2094
501 2094
500 2094
499 2094
498 2094
497 2093
496 2093
495 2093
494 2093
493 2093
492 2093
491 2093
490 2093
489 2093
488 2093
487 2093
486 2093
485 2093
484 2093
483 2093
482 2093
481 2093
480 2093
479 2093
478 2093
477 2094
476 2094
475 2093
474 2093
473 2093
472 2093
471 2093
470 2092
469 2092
468 2092
467 2092
466 2092
465 2091
464 2091
463 2091
462 2090
461 2090
460 2090
459 2090
458 2090
457 2090
456 2090
455 2090
454 2090
453 2090
452 2091
451 2091
450 2091
449 2091
448 2091
447 2091
446 2091
445 2091
444 2091
443 2091
442 2091
441 2091
440 2091
439 2091
438 2091
437 2090
436 2090
435 2090
434 2090
433 2090
432 2090
431 2090
430 2090
429 2090
428 2090
427 2090
426 2090
425 2090
424 2090
423 2090
422 2090
421 2090
420 2090
419 2090
418 2090
417 2090
416 2090
415 2090
414 2090
413 2089
412 2089
411 2089
410 2089
409 2089
408 2089
407 2089
406 2089
405 2089
404 2089
403 2089
402 2089
401 2089
400 2089
399 2089
398 2089
397 2089
396 2089
395 2089
394 2089
393 2089
392 2089
391 2089
390 2088
389 2088
388 2088
387 2088
386 2088
385 2088
384 2088
383 2088
382 2088
381 2088
380 2088
379 2088
378 2088
377 2088
376 2088
375 2088
374 2088
373 2088
