396 2274
395 2275
394 2275
393 2275
392 2275
391 2275
390 2275
389 2275
388 2275
387 2275
386 2275
385 2275
384 2275
383 2276
382 2276
381 2276
380 2276
379 2276
378 2276
377 2276
376 2276
375 2276
374 2276
373 2276
372 2277
371 2277
370 2277
369 2277
368 2277
367 2277
366 2277
365 2277
364 2277
363 2277
362 2277
361 2277
360 2277
359 2277
358 2277
357 2277
356 2277
355 2277
354 2277
353 2277
352 2277
351 2278
350 2278
349 2278
348 2278
347 2278
346 2278
345 2279
344 2279
343 2279
342 2279
341 2279
340 2279
339 2279
338 2279
337 2279
336 2279
335 2279
334 2279
333 2280
332 2280
331 2280
330 2280
329 2280
328 2280
327 2280
326 2280
325 2280
324 2280
323 2280
322 2280
321 2280
320 2279
319 2279
318 2279
317 2279
316 2279
315 2279
314 2280
313 2280
312 2279
311 2279
310 2279
309 2279
308 2279
307 2278
306 2278
305 2278
304 2278
303 2277
302 2277
301 2277
300 2277
299 2277
298 2276
297 2276
296 2276
295 2276
294 2276
293 2276
292 2276
291 2276
290 2276
289 2276
288 2276
287 2276
286 2276
285 2276
284 2276
283 2276
282 2276
281 2277
280 2277
279 2277
278 2278
277 2278
276 2279
275 2279
274 2280
273 2280
272 2280
271 2280
270 2281
269 2281
268 2281
267 2281
266 2282
265 2282
264 2282
263 2282
262 2282
261 2282
260 2282
259 2283
258 2283
257 2283
256 2283
255 2284
254 2284
253 2284
252 2285
251 2285
250 2285
249 2285
248 2285
247 2285
246 2285
245 2285
244 2286
243 2286
242 2286
241 2286
240 2287
239 2287
238 2287
237 2287
236 2287
235 2287
234 2287
233 2287
232 2287
231 2287
230 2287
229 2287
228 2287
227 2288
226 2288
225 2288
224 2288
223 2288
222 2288
221 2289
220 2289
219 2289
218 2289
217 2290
216 2290
215 2290
214 2290
213 2290
212 2290
211 2290
210 2290
209 2291
208 2291
207 2291
206 2291
205 2291
204 2291
203 2291
202 2291
201 2291
200 2291
199 2291
198 2291
197 2291
196 2291
195 2292
194 2292
193 2292
192 2292
191 2293
190 2293
189 2293
188 2293
187 2294
186 2294
185 2294
184 2294
183 2294
182 2295
181 2295
180 2295
179 2296
178 2296
177 2296
176 2297
175 2297
174 2298
173 2298
172 2298
171 2298
170 2299
169 2299
168 2299
167 2300
166 2300
165 2300
164 2301
163 2301
162 2301
161 2302
160 2302
159 2302
158 2302
157 2302
156 2302
155 2302
154 2302
153 2302
152 2302
151 2302
150 2302
149 2302
148 2302
147 2302
146 2302
145 2302
144 2302
143 2302
142 2302
141 2302
140 2302
139 2302
138 2302
137 2302
136 2302
135 2302
134 2302
133 2302
132 2303
131 2303
130 2303
129 2303
128 2303
127 2303
126 2303
125 2303
124 2303
123 2303
122 2304
121 2304
120 2304
119 2304
118 2305
117 2305
116 2305
115 2305
114 2306
113 2306
112 2306
111 2306
110 2306
109 2307
108 2307
107 2307
106 2308
105 2308
104 2308
103 2308
102 2309
101 2309
100 2309
99 2309
98 2310
97 2310
96 2311
95 2311
94 2311
93 2312
92 2312
91 2312
90 2312
89 2313
88 2313
87 2314
86 2314
85 2314
84 2314
83 2315
82 2315
81 2315
80 2316
79 2316
78 2316
77 2317
76 2317
75 2317
74 2318
73 2318
72 2318
71 2319
70 2319
69 2320
68 2320
67 2320
66 2321
65 2321
64 2321
63 2322
62 2322
61 2322
60 2323
59 2323
58 2323
57 2323
56 2323
55 2324
54 2325
53 2325
52 2326
51 2326
50 2326
49 2327
48 2327
47 2327
46 2327
45 2328
44 2328
43 2328
42 2328
41 2328
40 2329
39 2329
38 2329
37 2329
36 2330
35 2330
34 2331
33 2332
32 2332
31 2333
30 2333
29 2333
28 2334
27 2334
26 2334
25 2334
24 2334
23 2335
22 2335
21 2336
20 2336
19 2337
18 2337
17 2338
16 2338
15 2339
14 2339
13 2340
12 2340
11 2340
10 2341
9 2341
8 2342
8 2343
7 2344
7 2345
8 2346
9 2347
9 2348
9 2349
9 2350
9 2351
9 2352
10 2353
11 2354
12 2355
13 2356
14 2356
15 2357
16 2357
17 2357
18 2357
19 2358
20 2358
21 2358
22 2358
23 2359
24 2359
25 2359
26 2360
27 2360
28 2360
29 2360
30 2361
31 2361
32 2361
33 2361
34 2361
35 2362
36 2362
37 2362
38 2362
39 2363
40 2363
41 2364
42 2364
43 2364
44 2364
45 2365
46 2365
47 2365
48 2365
49 2365
50 2365
51 2365
52 2365
53 2365
54 2365
55 2365
56 2365
57 2365
58 2365
59 2365
60 2365
61 2365
62 2365
63 2365
64 2365
65 2365
66 2365
67 2365
68 2365
69 2365
70 2365
71 2365
72 2365
73 2365
74 2365
75 2365
76 2365
77 2365
78 2365
79 2365
80 2365
81 2365
82 2365
83 2365
84 2365
85 2365
86 2365
87 2365
88 2365
89 2365
90 2365
91 2365
92 2365
93 2365
94 2365
95 2365
96 2365
97 2365
98 2365
99 2365
100 2365
101 2365
102 2365
103 2366
104 2366
105 2366
106 2366
107 2366
108 2366
109 2366
110 2366
111 2366
112 2366
113 2366
114 2366
115 2367
116 2367
117 2367
118 2367
119 2367
120 2367
121 2367
122 2368
123 2368
124 2368
125 2368
126 2368
127 2368
128 2368
129 2369
130 2369
131 2369
132 2369
133 2369
134 2369
135 2369
136 2369
137 2369
138 2370
139 2370
140 2370
141 2370
142 2370
143 2370
144 2370
145 2370
146 2370
147 2370
148 2370
149 2370
150 2370
151 2370
152 2370
153 2370
154 2370
155 2370
156 2370
157 2370
158 2369
159 2369
160 2369
161 2369
162 2369
163 2369
164 2369
165 2369
166 2369
167 2369
168 2369
169 2369
170 2369
171 2369
172 2369
173 2369
174 2369
175 2369
176 2370
177 2370
178 2370
179 2370
180 2370
181 2370
182 2370
183 2371
184 2371
185 2371
186 2371
187 2371
188 2371
189 2371
190 2372
191 2372
192 2371
193 2372
194 2372
195 2372
196 2372
197 2372
198 2373
199 2373
200 2373
201 2373
202 2373
203 2373
204 2374
205 2374
206 2374
207 2374
208 2374
209 2374
210 2374
211 2374
212 2374
213 2374
214 2375
215 2375
216 2375
217 2375
218 2376
219 2376
220 2376
221 2377
222 2377
223 2377
224 2378
225 2378
226 2378
227 2378
228 2378
229 2378
230 2378
231 2378
232 2378
233 2378
234 2378
235 2378
236 2378
237 2378
238 2378
239 2378
240 2378
241 2378
242 2379
243 2379
244 2379
245 2379
246 2379
247 2379
248 2379
249 2380
250 2380
251 2380
252 2380
253 2380
254 2380
255 2380
256 2380
257 2380
258 2380
259 2381
260 2381
261 2381
262 2381
263 2381
264 2381
265 2381
266 2381
267 2381
268 2381
269 2381
270 2381
271 2381
272 2381
273 2381
274 2381
275 2381
276 2381
277 2381
278 2382
279 2382
280 2382
281 2382
282 2382
283 2382
284 2382
285 2382
286 2383
287 2383
288 2383
289 2384
290 2384
291 2384
292 2384
293 2384
294 2384
295 2384
296 2384
297 2384
298 2384
299 2384
300 2384
301 2384
302 2384
303 2384
304 2384
305 2384
306 2384
307 2384
308 2384
309 2384
310 2384
311 2384
312 2383
313 2383
314 2383
315 2383
316 2383
317 2383
318 2383
319 2383
320 2383
321 2383
322 2383
323 2383
324 2383
325 2383
326 2383
327 2383
328 2383
329 2383
330 2384
331 2384
332 2384
333 2384
334 2384
335 2384
336 2384
337 2384
338 2384
339 2384
340 2384
341 2384
342 2384
343 2384
344 2384
345 2384
346 2384
347 2384
348 2384
349 2384
350 2384
351 2384
352 2384
353 2384
354 2384
355 2384
356 2384
357 2384
358 2384
359 2384
360 2384
361 2384
362 2384
363 2384
364 2384
365 2384
366 2384
367 2384
368 2384
369 2384
370 2384
371 2384
372 2384
373 2384
374 2384
375 2384
376 2384
377 2384
378 2384
379 2384
380 2384
381 2384
382 2384
383 2384
384 2384
385 2384
386 2384
387 2384
388 2384
389 2384
390 2384
391 2384
392 2384
393 2384
394 2384
395 2384
396 2384
397 2384
398 2384
399 2384
400 2384
401 2384
402 2384
403 2384
404 2384
405 2384
406 2384
407 2384
408 2384
409 2384
410 2384
411 2384
412 2384
413 2384
414 2384
415 2384
416 2384
417 2384
418 2384
419 2384
420 2385
421 2385
422 2385
423 2385
424 2385
425 2385
426 2386
427 2386
428 2386
429 2386
430 2387
431 2387
432 2387
433 2387
434 2388
435 2388
436 2388
437 2388
438 2388
439 2388
440 2388
441 2388
442 2388
443 2388
444 2388
445 2388
446 2388
447 2388
448 2388
449 2388
450 2388
451 2389
452 2389
453 2389
454 2389
455 2389
456 2389
457 2389
458 2389
459 2390
460 2390
461 2390
462 2390
463 2390
464 2390
465 2390
466 2390
467 2390
468 2390
469 2390
470 2390
471 2390
472 2390
473 2389
474 2389
475 2389
476 2389
477 2389
478 2389
479 2389
480 2389
481 2389
482 2389
483 2389
484 2389
485 2389
486 2389
487 2389
488 2389
489 2389
490 2389
491 2389
492 2389
493 2389
494 2389
495 2389
496 2389
497 2389
498 2389
499 2389
500 2389
501 2389
502 2389
503 2389
504 2389
505 2389
506 2389
507 2389
508 2389
509 2389
510 2389
511 2389
512 2389
513 2389
514 2389
515 2389
516 2389
517 2389
518 2389
519 2389
520 2389
521 2389
522 2389
523 2389
524 2389
525 2389
526 2389
527 2390
528 2390
529 2390
530 2390
531 2390
532 2391
533 2391
534 2391
535 2391
536 2391
537 2392
538 2392
539 2392
540 2392
541 2392
542 2392
543 2392
544 2392
545 2392
546 2392
547 2391
548 2391
549 2391
550 2391
551 2391
552 2390
553 2390
554 2390
555 2390
556 2389
557 2389
558 2389
559 2389
560 2389
561 2389
562 2389
563 2389
564 2388
565 2388
566 2388
567 2388
568 2388
569 2388
570 2388
571 2387
572 2387
573 2387
574 2387
575 2386
576 2386
577 2386
578 2386
579 2386
580 2386
581 2386
582 2386
583 2385
584 2385
585 2385
586 2384
587 2384
588 2384
589 2384
590 2383
591 2383
592 2383
593 2383
594 2383
595 2382
596 2382
597 2382
598 2382
599 2382
600 2382
601 2382
602 2381
603 2381
604 2381
605 2381
606 2381
607 2380
608 2380
609 2380
610 2380
611 2380
612 2380
613 2379
614 2379
615 2379
616 2379
617 2379
618 2378
619 2377
620 2377
621 2376
622 2375
623 2374
624 2373
625 2372
625 2371
626 2370
626 2369
626 2368
626 2367
626 2366
626 2365
626 2364
626 2363
626 2362
627 2361
628 2360
628 2359
629 2358
630 2357
630 2356
631 2355
631 2354
631 2353
632 2352
632 2351
633 2350
633 2349
633 2348
633 2347
633 2346
634 2345
633 2344
633 2343
633 2342
633 2341
633 2340
633 2339
633 2338
632 2337
632 2336
632 2335
631 2334
631 2333
631 2332
631 2331
630 2330
630 2329
630 2328
630 2327
629 2326
629 2325
628 2324
628 2323
628 2322
628 2321
627 2320
627 2319
627 2318
626 2317
626 2316
625 2315
625 2314
624 2313
623 2312
622 2312
621 2311
620 2311
619 2310
618 2310
617 2309
616 2308
615 2308
614 2308
613 2307
612 2307
611 2307
610 2307
609 2306
608 2306
607 2306
606 2305
605 2305
604 2305
603 2305
602 2305
601 2304
600 2304
599 2304
598 2304
597 2303
596 2303
595 2303
594 2302
593 2302
592 2302
591 2301
590 2301
589 2300
588 2300
587 2299
586 2299
585 2298
584 2298
583 2297
582 2297
581 2297
580 2297
579 2297
578 2296
577 2296
576 2296
575 2296
574 2295
573 2295
572 2295
571 2295
570 2295
569 2294
568 2294
567 2294
566 2294
565 2294
564 2294
563 2294
562 2294
561 2294
560 2294
559 2294
558 2294
557 2294
556 2294
555 2294
554 2293
553 2293
552 2293
551 2293
550 2293
549 2293
548 2293
547 2293
546 2293
545 2293
544 2293
543 2293
542 2293
541 2293
540 2293
539 2293
538 2292
537 2292
536 2292
535 2292
534 2292
533 2292
532 2292
531 2292
530 2292
529 2292
528 2292
527 2292
526 2292
525 2292
524 2292
523 2292
522 2292
521 2292
520 2291
519 2291
518 2291
517 2291
516 2291
515 2291
514 2290
513 2290
512 2290
511 2290
510 2290
509 2290
508 2290
507 2290
506 2289
505 2289
504 2289
503 2289
502 2289
501 2289
500 2289
499 2288
498 2288
497 2288
496 2288
495 2288
494 2288
493 2288
492 2288
491 2288
490 2288
489 2288
488 2287
487 2287
486 2287
485 2287
484 2286
483 2286
482 2285
481 2285
480 2285
479 2285
478 2284
477 2284
476 2284
475 2284
474 2284
473 2284
472 2284
471 2284
470 2284
469 2283
468 2283
467 2283
466 2283
465 2283
464 2283
463 2283
462 2283
461 2283
460 2283
459 2283
458 2283
457 2283
456 2283
455 2283
454 2283
453 2283
452 2283
451 2283
450 2283
449 2283
448 2283
447 2283
446 2283
445 2282
444 2282
443 2282
442 2282
441 2281
440 2281
439 2281
438 2281
437 2281
436 2280
435 2280
434 2280
433 2280
432 2279
431 2279
430 2279
429 2279
428 2278
427 2278
426 2278
425 2278
424 2277
423 2277
422 2277
421 2277
420 2276
419 2276
418 2276
417 2275
416 2275
415 2275
414 2275
413 2275
412 2275
411 2274
410 2274
409 2274
408 2274
407 2274
406 2274
405 2274
404 2274
403 2274
402 2274
401 2274
400 2274
399 2274
398 2274
397 2274
396 2274
