429 58
428 59
427 59
426 59
425 59
424 59
423 59
422 60
421 60
420 60
419 60
418 60
417 60
416 60
415 60
414 60
413 60
412 60
411 60
410 60
409 60
408 60
407 60
406 60
405 60
404 60
403 60
402 60
401 60
400 60
399 60
398 60
397 60
396 60
395 60
394 60
393 60
392 61
391 61
390 61
389 61
388 61
387 61
386 61
385 62
384 62
383 62
382 62
381 62
380 62
379 63
378 62
377 62
376 63
375 63
374 63
373 63
372 63
371 64
370 64
369 64
368 64
367 64
366 64
365 65
364 65
363 65
362 65
361 65
360 65
359 65
358 65
357 65
356 65
355 65
354 65
353 65
352 65
351 65
350 65
349 65
348 65
347 65
346 65
345 65
344 66
343 66
342 66
341 66
340 66
339 66
338 66
337 66
336 66
335 66
334 66
333 66
332 66
331 66
330 67
329 67
328 67
327 67
326 67
325 68
324 68
323 68
322 68
321 68
320 68
319 68
318 68
317 68
316 68
315 68
314 68
313 68
312 68
311 68
310 68
309 69
308 69
307 69
306 69
305 69
304 69
303 69
302 69
301 69
300 70
299 70
298 70
297 70
296 71
295 71
294 71
293 71
292 71
291 72
290 72
289 72
288 72
287 72
286 73
285 73
284 73
283 73
282 73
281 73
280 73
279 73
278 73
277 74
276 74
275 74
274 74
273 74
272 74
271 74
270 74
269 74
268 74
267 74
266 74
265 74
264 74
263 74
262 74
261 74
260 74
259 74
258 74
257 74
256 74
255 75
254 75
253 75
252 75
251 75
250 75
249 76
248 76
247 77
246 77
245 77
244 77
243 78
242 78
241 78
240 78
239 79
238 79
237 79
236 79
235 79
234 80
233 80
232 80
231 80
230 80
229 80
228 80
227 80
226 80
225 80
224 80
223 80
222 81
221 81
220 81
219 81
218 81
217 81
216 81
215 81
214 81
213 81
212 81
211 81
210 81
209 81
208 81
207 82
206 82
205 82
204 82
203 82
202 82
201 82
200 82
199 82
198 82
197 83
196 83
195 83
194 83
193 83
192 84
191 84
190 84
189 84
188 84
187 84
186 85
185 85
184 85
183 85
182 85
181 85
180 85
179 86
178 86
177 86
176 86
175 86
174 86
173 86
172 86
171 86
170 86
169 86
168 87
167 87
166 87
165 87
164 87
163 87
162 87
161 87
160 88
159 88
158 88
157 88
156 88
155 88
154 88
153 88
152 88
151 88
150 88
149 88
148 88
147 89
146 89
145 89
144 89
143 89
142 89
141 89
140 89
139 89
138 89
137 89
136 89
135 89
134 89
133 89
132 89
131 89
130 89
129 90
128 90
127 90
126 90
125 90
124 91
123 91
122 91
121 91
120 91
119 91
118 92
117 92
116 92
115 93
114 93
113 93
112 93
111 94
110 94
109 94
108 95
107 95
106 95
105 96
104 96
103 96
102 96
101 96
100 97
99 97
98 98
97 98
96 99
95 99
94 99
93 99
92 99
91 99
90 100
89 100
88 100
87 100
86 101
85 101
84 101
83 102
82 102
81 102
80 103
79 103
78 103
77 104
76 104
75 104
74 104
73 103
72 103
71 103
70 103
69 104
68 104
67 104
66 104
65 104
64 104
63 105
62 105
61 105
60 105
59 105
58 106
57 106
56 106
55 106
54 107
53 107
52 107
51 108
50 108
49 108
48 108
47 109
46 109
45 110
44 110
43 109
42 109
41 110
40 110
39 110
38 110
37 111
36 111
35 111
34 111
33 112
32 112
31 112
30 112
29 112
28 112
27 113
26 113
25 113
24 114
23 114
22 115
21 115
20 116
19 117
19 118
18 119
18 120
17 121
17 122
17 123
18 124
18 125
18 126
19 127
20 128
21 128
22 129
23 130
24 131
25 131
26 132
27 133
28 133
29 134
30 134
31 135
32 135
33 136
34 136
35 136
36 137
37 137
38 138
39 138
40 139
41 139
42 140
43 140
44 141
45 141
46 142
47 142
48 142
49 143
50 143
51 144
52 144
53 145
54 145
55 146
56 146
57 146
58 147
59 147
60 148
61 149
62 149
63 150
64 151
65 151
66 152
67 152
68 153
69 153
70 153
71 154
72 154
73 154
74 155
75 155
76 155
77 156
78 156
79 156
80 156
81 157
82 157
83 157
84 158
85 158
86 158
87 158
88 159
89 159
90 159
91 160
92 160
93 160
94 160
95 161
96 161
97 162
98 162
99 162
100 162
101 162
102 163
103 163
104 164
105 164
106 165
107 165
108 165
109 166
110 166
111 167
112 167
113 167
114 168
115 168
116 169
117 169
118 169
119 169
120 169
121 170
122 170
123 170
124 170
125 171
126 171
127 171
128 172
129 172
130 172
131 173
132 173
133 173
134 174
135 174
136 174
137 174
138 174
139 175
140 175
141 175
142 175
143 176
144 176
145 176
146 177
147 177
148 177
149 178
150 178
151 178
152 178
153 179
154 179
155 180
156 180
157 180
158 180
159 181
160 181
161 182
162 182
163 183
164 183
165 184
166 184
167 184
168 185
169 185
170 185
171 186
172 186
173 187
174 187
175 187
176 188
177 188
178 188
179 188
180 188
181 188
182 188
183 188
184 188
185 188
186 188
187 187
188 187
189 187
190 187
191 187
192 187
193 187
194 187
195 186
196 187
197 187
198 186
199 186
200 186
201 186
202 186
203 186
204 186
205 186
206 185
207 186
208 186
209 186
210 186
211 187
212 187
213 187
214 187
215 187
216 186
217 187
218 187
219 187
220 188
221 188
222 188
223 189
224 189
225 189
226 189
227 189
228 189
229 189
230 189
231 189
232 189
233 189
234 189
235 189
236 189
237 189
238 189
239 189
240 189
241 190
242 190
243 190
244 190
245 190
246 191
247 191
248 191
249 191
250 191
251 191
252 191
253 191
254 191
255 191
256 191
257 191
258 191
259 192
260 192
261 192
262 192
263 192
264 192
265 192
266 193
267 193
268 193
269 193
270 193
271 193
272 193
273 193
274 193
275 193
276 193
277 193
278 193
279 193
280 193
281 193
282 193
283 193
284 193
285 193
286 193
287 194
288 194
289 194
290 194
291 195
292 195
293 195
294 195
295 195
296 195
297 195
298 195
299 195
300 195
301 195
302 195
303 196
304 196
305 196
306 196
307 196
308 196
309 196
310 196
311 196
312 196
313 196
314 196
315 196
316 196
317 196
318 196
319 196
320 196
321 196
322 197
323 197
324 197
325 197
326 197
327 197
328 197
329 197
330 197
331 197
332 197
333 197
334 197
335 197
336 197
337 197
338 197
339 197
340 198
341 198
342 198
343 198
344 198
345 198
346 198
347 198
348 198
349 198
350 198
351 198
352 198
353 198
354 198
355 198
356 198
357 198
358 198
359 198
360 198
361 198
362 198
363 198
364 198
365 198
366 198
367 198
368 198
369 198
370 199
371 199
372 199
373 199
374 199
375 199
376 199
377 199
378 199
379 199
380 199
381 199
382 199
383 199
384 199
385 199
386 199
387 199
388 198
389 198
390 198
391 198
392 198
393 198
394 198
395 198
396 198
397 198
398 198
399 198
400 198
401 198
402 197
403 197
404 197
405 197
406 197
407 197
408 197
409 197
410 197
411 197
412 197
413 197
414 197
415 197
416 197
417 197
418 197
419 197
420 198
421 198
422 198
423 198
424 198
425 198
426 198
427 198
428 198
429 198
430 198
431 198
432 198
433 198
434 198
435 198
436 198
437 198
438 197
439 197
440 197
441 197
442 197
443 196
444 196
445 196
446 196
447 196
448 196
449 196
450 196
451 197
452 197
453 197
454 197
455 197
456 197
457 197
458 197
459 197
460 197
461 197
462 197
463 197
464 197
465 197
466 197
467 197
468 197
469 197
470 197
471 197
472 197
473 197
474 197
475 197
476 197
477 197
478 197
479 197
480 197
481 197
482 197
483 196
484 196
485 196
486 196
487 196
488 196
489 196
490 196
491 195
492 195
493 195
494 194
495 194
496 194
497 194
498 193
499 193
500 192
501 192
502 192
503 191
504 191
505 191
506 191
507 191
508 191
509 190
510 190
511 190
512 190
513 190
514 190
515 190
516 190
517 190
518 190
519 190
520 190
521 190
522 190
523 190
524 190
525 190
526 190
527 190
528 190
529 190
530 190
531 190
532 190
533 190
534 190
535 190
536 190
537 190
538 190
539 190
540 190
541 190
542 190
543 190
544 190
545 190
546 191
547 191
548 190
549 190
550 190
551 190
552 190
553 190
554 190
555 189
556 189
557 189
558 188
559 188
560 187
561 186
562 186
563 185
564 185
565 184
566 183
567 183
568 182
569 182
570 181
571 180
572 180
573 179
574 179
575 179
576 178
577 178
578 177
579 176
580 175
581 175
582 174
583 173
584 173
585 172
586 172
587 171
587 170
588 169
589 168
590 167
591 166
591 165
592 164
593 163
594 162
595 161
596 160
597 159
598 158
599 157
600 157
601 156
602 156
603 155
604 155
605 154
606 154
607 153
608 152
609 152
610 151
611 151
612 151
613 151
614 151
615 150
616 150
617 149
618 149
619 148
620 148
621 147
622 146
623 146
624 145
625 144
626 143
627 143
628 142
629 141
630 140
631 139
632 138
633 137
634 136
635 135
636 134
637 133
638 132
638 131
639 130
639 129
640 128
640 127
641 126
641 125
641 124
642 123
642 122
642 121
643 120
643 119
643 118
643 117
643 116
643 115
643 114
643 113
643 112
643 111
643 110
643 109
643 108
643 107
643 106
643 105
642 104
642 103
642 102
642 101
641 100
641 99
640 98
639 97
638 96
637 95
636 94
635 93
634 92
633 91
632 91
631 90
630 90
629 89
628 89
627 88
626 88
625 87
624 87
623 87
622 86
621 86
620 85
619 85
618 84
617 84
616 83
615 83
614 83
613 82
612 82
611 82
610 81
609 81
608 81
607 80
606 80
605 80
604 79
603 79
602 79
601 78
600 78
599 78
598 78
597 77
596 77
595 77
594 76
593 76
592 75
591 75
590 75
589 74
588 74
587 74
586 73
585 73
584 73
583 72
582 72
581 71
580 71
579 70
578 70
577 70
576 70
575 70
574 70
573 69
572 69
571 69
570 68
569 68
568 68
567 68
566 68
565 68
564 68
563 68
562 68
561 68
560 67
559 67
558 67
557 67
556 67
555 67
554 67
553 67
552 66
551 66
550 65
549 65
548 65
547 64
546 64
545 64
544 64
543 64
542 64
541 63
540 63
539 63
538 63
537 62
536 62
535 62
534 62
533 62
532 62
531 62
530 62
529 62
528 63
527 63
526 63
525 63
524 63
523 63
522 63
521 63
520 63
519 62
518 62
517 62
516 61
515 61
514 61
513 61
512 61
511 61
510 61
509 61
508 61
507 61
506 61
505 61
504 61
503 61
502 61
501 61
500 61
499 61
498 61
497 61
496 61
495 61
494 61
493 61
492 61
491 61
490 61
489 61
488 61
487 60
486 60
485 60
484 60
483 60
482 60
481 60
480 59
479 59
478 59
477 59
476 59
475 59
474 59
473 59
472 59
471 59
470 59
469 60
468 60
467 60
466 60
465 60
464 60
463 60
462 60
461 60
460 60
459 60
458 60
457 60
456 60
455 59
454 59
453 59
452 59
451 59
450 59
449 59
448 59
447 59
446 59
445 59
444 59
443 59
442 59
441 59
440 59
439 59
438 59
437 59
436 59
435 59
434 59
433 58
432 58
431 58
430 58
429 58
