412 268
411 269
410 269
409 269
408 269
407 269
406 269
405 269
404 269
403 269
402 270
401 270
400 270
399 270
398 270
397 270
396 270
395 269
394 269
393 269
392 269
391 269
390 269
389 269
388 269
387 269
386 269
385 269
384 269
383 269
382 269
381 269
380 269
379 269
378 269
377 269
376 269
375 269
374 269
373 269
372 269
371 269
370 270
369 270
368 270
367 270
366 270
365 270
364 271
363 271
362 271
361 271
360 271
359 271
358 272
357 272
356 272
355 272
354 272
353 272
352 272
351 272
350 272
349 272
348 272
347 273
346 273
345 273
344 273
343 273
342 273
341 273
340 273
339 273
338 273
337 273
336 273
335 274
334 274
333 274
332 274
331 274
330 274
329 274
328 275
327 275
326 275
325 275
324 275
323 275
322 275
321 275
320 275
319 275
318 275
317 275
316 275
315 275
314 275
313 275
312 275
311 275
310 275
309 276
308 276
307 276
306 276
305 277
304 277
303 277
302 277
301 277
300 278
299 278
298 278
297 278
296 278
295 278
294 278
293 278
292 278
291 278
290 278
289 278
288 277
287 277
286 277
285 277
284 277
283 277
282 277
281 277
280 278
279 278
278 278
277 278
276 278
275 278
274 278
273 278
272 278
271 278
270 278
269 278
268 278
267 278
266 278
265 278
264 278
263 278
262 278
261 278
260 278
259 278
258 278
257 278
256 279
255 279
254 280
253 280
252 280
251 281
250 281
249 281
248 281
247 281
246 281
245 282
244 281
243 281
242 281
241 281
240 281
239 281
238 281
237 281
236 281
235 281
234 281
233 282
232 282
231 282
230 282
229 282
228 282
227 283
226 283
225 284
224 284
223 284
222 284
221 284
220 284
219 284
218 284
217 284
216 285
215 285
214 285
213 285
212 285
211 285
210 285
209 285
208 285
207 285
206 285
205 286
204 286
203 286
202 286
201 286
200 286
199 286
198 286
197 287
196 287
195 287
194 288
193 288
192 288
191 288
190 288
189 288
188 289
187 289
186 289
185 289
184 290
183 290
182 290
181 290
180 290
179 290
178 291
177 291
176 292
175 292
174 292
173 292
172 293
171 293
170 293
169 293
168 293
167 293
166 294
165 294
164 294
163 294
162 294
161 294
160 294
159 295
158 295
157 295
156 296
155 296
154 296
153 297
152 297
151 297
150 297
149 297
148 297
147 298
146 298
145 298
144 298
143 298
142 299
141 299
140 300
139 300
138 300
137 300
136 300
135 300
134 301
133 301
132 301
131 302
130 302
129 302
128 302
127 302
126 303
125 303
124 303
123 303
122 303
121 303
120 303
119 304
118 304
117 304
116 304
115 304
114 305
113 305
112 305
111 305
110 305
109 305
108 305
107 305
106 306
105 306
104 306
103 306
102 306
101 306
100 306
99 306
98 306
97 307
96 307
95 307
94 307
93 307
92 307
91 307
90 307
89 307
88 308
87 308
86 308
85 308
84 308
83 309
82 309
81 309
80 309
79 309
78 309
77 309
76 310
75 310
74 310
73 311
72 311
71 311
70 312
69 312
68 313
67 313
66 313
65 313
64 314
63 314
62 314
61 314
60 314
59 315
58 315
57 315
56 315
55 315
54 315
53 315
52 315
51 315
50 316
49 316
48 316
47 317
46 317
45 318
44 318
43 318
42 319
41 319
40 319
39 319
38 320
37 320
36 320
35 321
34 321
33 322
32 322
31 322
30 322
29 323
28 323
27 323
26 323
25 324
24 324
23 325
22 326
21 327
20 328
19 329
18 330
17 331
17 332
17 333
17 334
17 335
17 336
17 337
18 338
19 339
20 340
21 340
22 341
23 341
24 341
25 342
26 342
27 342
28 343
29 344
30 345
31 345
32 346
33 347
34 347
35 348
36 349
37 349
38 349
39 350
40 350
41 351
42 351
43 352
44 353
45 354
46 355
47 356
48 357
49 357
50 357
51 357
52 357
53 358
54 359
55 360
56 361
57 362
58 363
59 364
60 365
61 365
62 365
63 365
64 366
65 366
66 367
67 368
68 369
69 369
70 369
71 369
72 370
73 370
74 371
75 371
76 371
77 372
78 372
79 372
80 373
81 373
82 374
83 374
84 374
85 374
86 374
87 375
88 375
89 376
90 376
91 377
92 377
93 378
94 378
95 379
96 380
97 381
98 382
99 382
100 382
101 382
102 383
103 384
104 384
105 385
106 386
107 386
108 386
109 386
110 386
111 387
112 387
113 387
114 387
115 387
116 387
117 387
118 387
119 387
120 388
121 387
122 388
123 388
124 388
125 388
126 389
127 389
128 389
129 389
130 389
131 389
132 389
133 389
134 389
135 390
136 390
137 390
138 390
139 390
140 390
141 390
142 390
143 390
144 390
145 390
146 390
147 390
148 391
149 391
150 391
151 391
152 391
153 391
154 391
155 391
156 391
157 391
158 391
159 391
160 391
161 392
162 392
163 392
164 392
165 392
166 393
167 393
168 394
169 394
170 394
171 394
172 394
173 394
174 394
175 394
176 394
177 394
178 395
179 395
180 395
181 395
182 395
183 395
184 395
185 395
186 396
187 396
188 396
189 396
190 397
191 397
192 398
193 398
194 398
195 398
196 398
197 398
198 398
199 399
200 399
201 399
202 399
203 399
204 399
205 399
206 399
207 399
208 399
209 399
210 399
211 399
212 399
213 399
214 399
215 399
216 399
217 399
218 400
219 400
220 400
221 400
222 400
223 400
224 400
225 400
226 400
227 400
228 400
229 400
230 400
231 400
232 400
233 400
234 400
235 400
236 400
237 400
238 400
239 400
240 400
241 400
242 400
243 399
244 399
245 399
246 398
247 398
248 398
249 397
250 397
251 397
252 396
253 396
254 396
255 396
256 396
257 396
258 396
259 396
260 396
261 395
262 395
263 395
264 395
265 395
266 394
267 394
268 394
269 394
270 394
271 394
272 394
273 393
274 393
275 393
276 392
277 392
278 392
279 392
280 391
281 391
282 391
283 391
284 391
285 391
286 391
287 391
288 391
289 391
290 391
291 391
292 391
293 391
294 391
295 391
296 391
297 391
298 391
299 391
300 391
301 391
302 391
303 391
304 391
305 391
306 391
307 391
308 391
309 391
310 391
311 391
312 391
313 391
314 391
315 391
316 391
317 391
318 391
319 391
320 391
321 391
322 391
323 391
324 392
325 392
326 392
327 392
328 393
329 393
330 393
331 393
332 393
333 392
334 392
335 392
336 392
337 392
338 392
339 392
340 392
341 392
342 392
343 392
344 391
345 391
346 391
347 391
348 391
349 391
350 391
351 391
352 392
353 392
354 392
355 392
356 392
357 392
358 392
359 392
360 392
361 392
362 392
363 392
364 392
365 392
366 392
367 392
368 392
369 392
370 393
371 393
372 393
373 393
374 394
375 394
376 394
377 395
378 395
379 395
380 396
381 396
382 396
383 396
384 397
385 397
386 397
387 397
388 397
389 397
390 397
391 397
392 397
393 397
394 397
395 397
396 397
397 396
398 396
399 396
400 396
401 396
402 396
403 396
404 396
405 396
406 396
407 396
408 396
409 396
410 396
411 396
412 396
413 396
414 396
415 395
416 395
417 395
418 395
419 395
420 395
421 395
422 395
423 395
424 395
425 395
426 395
427 395
428 395
429 395
430 394
431 394
432 394
433 394
434 394
435 394
436 395
437 395
438 395
439 395
440 395
441 395
442 395
443 394
444 394
445 394
446 394
447 394
448 394
449 394
450 395
451 395
452 395
453 395
454 395
455 395
456 395
457 395
458 395
459 395
460 395
461 395
462 395
463 395
464 395
465 395
466 395
467 395
468 395
469 395
470 395
471 395
472 395
473 395
474 396
475 396
476 396
477 396
478 396
479 396
480 396
481 396
482 396
483 395
484 395
485 395
486 395
487 395
488 395
489 395
490 395
491 395
492 396
493 396
494 396
495 396
496 397
497 397
498 397
499 397
500 397
501 397
502 397
503 397
504 397
505 397
506 397
507 396
508 396
509 396
510 396
511 396
512 396
513 396
514 396
515 396
516 396
517 396
518 396
519 396
520 396
521 396
522 396
523 396
524 396
525 396
526 396
527 396
528 395
529 395
530 395
531 395
532 395
533 395
534 395
535 395
536 395
537 395
538 395
539 395
540 395
541 394
542 394
543 394
544 394
545 394
546 394
547 395
548 395
549 395
550 395
551 395
552 395
553 395
554 395
555 395
556 396
557 396
558 395
559 395
560 395
561 395
562 394
563 394
564 394
565 394
566 394
567 394
568 394
569 395
570 395
571 395
572 395
573 395
574 395
575 395
576 394
577 394
578 394
579 394
580 394
581 394
582 394
583 393
584 393
585 393
586 393
587 393
588 392
589 392
590 392
591 392
592 392
593 392
594 392
595 391
596 391
597 391
598 390
599 390
600 390
601 390
602 390
603 390
604 390
605 390
606 390
607 390
608 390
609 390
610 390
611 390
612 389
613 389
614 389
615 389
616 389
617 389
618 389
619 389
620 389
621 388
622 388
623 388
624 387
625 386
626 385
627 384
628 383
629 382
630 381
630 380
631 379
631 378
631 377
632 376
632 375
632 374
632 373
633 372
634 371
634 370
634 369
635 368
635 367
636 366
636 365
637 364
637 363
638 362
639 361
639 360
640 359
641 358
642 357
643 356
643 355
643 354
643 353
643 352
643 351
643 350
642 349
642 348
641 347
641 346
640 345
640 344
640 343
639 342
639 341
639 340
639 339
639 338
639 337
639 336
639 335
638 334
638 333
638 332
638 331
638 330
638 329
637 328
637 327
637 326
637 325
637 324
637 323
636 322
635 321
634 320
633 320
632 320
631 320
630 319
629 319
628 319
627 319
626 319
625 319
624 319
623 319
622 319
621 318
620 318
619 318
618 318
617 318
616 317
615 317
614 317
613 316
612 316
611 315
610 314
609 313
608 313
607 312
606 311
605 310
605 309
604 308
603 307
603 306
602 305
602 304
601 303
601 302
600 301
599 300
599 299
598 298
598 297
597 296
597 295
597 294
597 293
596 292
596 291
596 290
596 289
596 288
595 287
595 286
594 285
594 284
593 283
592 282
591 281
590 280
589 279
588 278
587 278
586 277
585 277
584 277
583 277
582 276
581 276
580 276
579 276
578 276
577 276
576 276
575 275
574 275
573 275
572 275
571 275
570 275
569 275
568 275
567 275
566 275
565 275
564 275
563 274
562 274
561 273
560 273
559 273
558 273
557 273
556 274
555 274
554 274
553 274
552 274
551 274
550 275
549 275
548 275
547 275
546 275
545 275
544 275
543 275
542 275
541 275
540 275
539 275
538 275
537 275
536 275
535 275
534 275
533 275
532 275
531 275
530 274
529 273
528 273
527 272
526 272
525 272
524 272
523 271
522 271
521 271
520 271
519 271
518 272
517 273
516 274
515 274
514 274
513 275
512 275
511 276
510 277
509 278
508 279
507 279
506 279
505 279
504 279
503 279
502 279
501 279
500 279
499 279
498 278
497 278
496 277
495 276
494 275
493 274
492 273
491 272
490 271
489 270
488 270
487 270
486 269
485 269
484 269
483 269
482 269
481 269
480 269
479 269
478 270
477 270
476 270
475 270
474 270
473 270
472 270
471 270
470 270
469 270
468 270
467 270
466 270
465 270
464 270
463 270
462 270
461 270
460 270
459 270
458 270
457 270
456 270
455 270
454 270
453 270
452 270
451 270
450 270
449 270
448 270
447 269
446 269
445 269
444 269
443 269
442 269
441 268
440 268
439 268
438 268
437 268
436 268
435 268
434 268
433 268
432 268
431 268
430 268
429 268
428 268
427 268
426 268
425 268
424 269
423 269
422 269
421 269
420 269
419 269
418 269
417 268
416 268
415 268
414 268
413 268
412 268
