181 464
180 465
179 465
178 465
177 465
176 465
175 465
174 465
173 465
172 465
171 466
170 466
169 466
168 466
167 466
166 466
165 467
164 467
163 467
162 466
161 467
160 467
159 467
158 467
157 467
156 468
155 468
154 468
153 468
152 469
151 469
150 469
149 469
148 470
147 470
146 470
145 470
144 470
143 471
142 471
141 471
140 471
139 471
138 471
137 471
136 472
135 472
134 472
133 472
132 472
131 472
130 472
129 472
128 472
127 472
126 473
125 473
124 473
123 473
122 473
121 473
120 473
119 473
118 473
117 474
116 474
115 474
114 474
113 475
112 475
111 475
110 475
109 475
108 476
107 476
106 476
105 476
104 477
103 477
102 477
101 477
100 477
99 478
98 478
97 478
96 478
95 479
94 479
93 480
92 480
91 480
90 481
89 481
88 481
87 482
86 482
85 482
84 482
83 483
82 483
81 483
80 483
79 483
78 484
77 484
76 484
75 485
74 485
73 485
72 486
71 486
70 486
69 487
68 487
67 487
66 488
65 488
64 489
63 489
62 489
61 490
60 490
59 491
58 491
57 491
56 492
55 492
54 493
53 493
52 494
51 494
50 495
49 495
48 496
47 496
46 497
45 498
44 498
43 499
42 500
41 500
40 501
39 501
38 502
37 503
36 504
35 505
34 506
33 507
32 508
31 508
30 509
29 510
28 511
27 512
26 513
25 514
24 515
23 516
22 517
22 518
21 519
20 520
20 521
20 522
19 523
19 524
19 525
18 526
18 527
18 528
18 529
17 530
17 531
17 532
17 533
17 534
17 535
17 536
17 537
17 538
17 539
17 540
17 541
17 542
17 543
17 544
18 545
18 546
18 547
18 548
18 549
18 550
19 551
19 552
19 553
19 554
19 555
20 556
20 557
20 558
21 559
21 560
22 561
22 562
23 563
23 564
23 565
24 566
24 567
25 568
25 569
26 570
27 571
28 572
29 573
29 574
30 574
31 575
32 576
33 576
34 577
35 577
36 577
37 578
38 578
39 578
40 579
41 579
42 580
43 580
44 580
45 581
46 582
47 582
48 582
49 583
50 583
51 583
52 583
53 583
54 584
55 584
56 584
57 584
58 584
59 584
60 584
61 585
62 585
63 585
64 585
65 585
66 586
67 586
68 586
69 586
70 587
71 587
72 587
73 588
74 588
75 588
76 589
77 589
78 590
79 590
80 590
81 591
82 591
83 591
84 592
85 592
86 593
87 593
88 593
89 593
90 594
91 594
92 594
93 594
94 594
95 595
96 595
97 595
98 595
99 596
100 596
101 596
102 596
103 597
104 597
105 597
106 598
107 598
108 598
109 598
110 599
111 599
112 599
113 600
114 600
115 600
116 600
117 600
118 600
119 601
120 601
121 601
122 601
123 602
124 602
125 602
126 603
127 603
128 603
129 604
130 604
131 604
132 604
133 605
134 605
135 605
136 606
137 606
138 606
139 606
140 606
141 606
142 606
143 607
144 607
145 607
146 607
147 607
148 607
149 607
150 608
151 608
152 608
153 608
154 608
155 608
156 608
157 608
158 608
159 608
160 609
161 609
162 609
163 609
164 609
165 609
166 609
167 610
168 610
169 610
170 610
171 610
172 610
173 610
174 611
175 611
176 611
177 611
178 611
179 611
180 611
181 611
182 611
183 612
184 612
185 612
186 612
187 612
188 612
189 613
190 613
191 613
192 613
193 613
194 613
195 613
196 613
197 614
198 614
199 614
200 614
201 614
202 614
203 614
204 614
205 614
206 614
207 614
208 614
209 614
210 614
211 614
212 614
213 614
214 614
215 614
216 615
217 615
218 615
219 615
220 615
221 615
222 615
223 615
224 615
225 615
226 615
227 615
228 616
229 616
230 616
231 616
232 616
233 616
234 616
235 616
236 616
237 616
238 616
239 616
240 616
241 616
242 616
243 616
244 616
245 616
246 616
247 616
248 616
249 616
250 616
251 616
252 616
253 616
254 616
255 616
256 616
257 616
258 616
259 616
260 616
261 616
262 616
263 616
264 617
265 617
266 617
267 617
268 617
269 617
270 617
271 617
272 617
273 617
274 617
275 617
276 617
277 617
278 617
279 617
280 617
281 617
282 617
283 617
284 617
285 617
286 617
287 617
288 617
289 617
290 617
291 616
292 616
293 616
294 616
295 616
296 616
297 616
298 616
299 616
300 616
301 616
302 616
303 616
304 616
305 616
306 616
307 616
308 616
309 616
310 616
311 616
312 616
313 616
314 616
315 616
316 616
317 616
318 616
319 616
320 616
321 616
322 616
323 616
324 616
325 616
326 616
327 615
328 615
329 615
330 615
331 615
332 615
333 615
334 615
335 615
336 615
337 615
338 615
339 614
340 614
341 614
342 613
343 613
344 613
345 612
346 612
347 612
348 612
349 612
350 613
351 613
352 613
353 613
354 614
355 614
356 614
357 614
358 614
359 614
360 614
361 614
362 614
363 614
364 614
365 614
366 615
367 615
368 615
369 615
370 615
371 615
372 615
373 615
374 616
375 616
376 616
377 616
378 616
379 616
380 616
381 616
382 617
383 617
384 617
385 618
386 618
387 618
388 618
389 618
390 618
391 618
392 618
393 618
394 618
395 618
396 618
397 618
398 618
399 618
400 618
401 618
402 617
403 617
404 617
405 617
406 617
407 617
408 617
409 617
410 616
411 616
412 616
413 616
414 616
415 616
416 616
417 616
418 615
419 615
420 615
421 615
422 615
423 615
424 615
425 615
426 615
427 615
428 615
429 615
430 615
431 616
432 616
433 616
434 616
435 616
436 616
437 616
438 616
439 616
440 616
441 616
442 616
443 616
444 616
445 616
446 616
447 616
448 616
449 616
450 616
451 616
452 616
453 616
454 616
455 616
456 616
457 616
458 616
459 616
460 616
461 616
462 616
463 616
464 616
465 616
466 616
467 616
468 616
469 616
470 616
471 616
472 616
473 616
474 616
475 616
476 616
477 616
478 616
479 616
480 616
481 616
482 616
483 615
484 615
485 615
486 615
487 615
488 615
489 615
490 614
491 614
492 614
493 614
494 614
495 614
496 614
497 614
498 613
499 613
500 613
501 613
502 613
503 613
504 613
505 613
506 613
507 613
508 613
509 613
510 613
511 613
512 613
513 613
514 613
515 613
516 612
517 612
518 612
519 612
520 612
521 612
522 612
523 611
524 611
525 611
526 611
527 611
528 611
529 611
530 611
531 611
532 611
533 611
534 611
535 611
536 611
537 611
538 611
539 611
540 611
541 611
542 611
543 611
544 611
545 610
546 610
547 610
548 610
549 610
550 610
551 609
552 609
553 609
554 609
555 608
556 608
557 608
558 608
559 608
560 607
561 607
562 607
563 606
564 606
565 606
566 605
567 605
568 605
569 605
570 605
571 605
572 605
573 604
574 605
575 604
576 604
577 604
578 604
579 604
580 604
581 603
582 603
583 603
584 603
585 603
586 603
587 603
588 603
589 603
590 603
591 603
592 603
593 602
594 602
595 602
596 601
597 600
598 599
599 598
600 597
601 596
602 595
602 594
603 593
604 592
604 591
605 590
606 589
607 588
608 587
609 586
610 586
611 585
612 584
613 583
614 582
615 581
616 580
617 579
617 578
618 577
618 576
619 575
619 574
620 573
620 572
621 571
621 570
622 569
623 568
624 567
624 566
625 565
626 564
627 563
628 562
629 561
630 561
631 560
632 559
633 558
634 557
635 556
636 555
637 554
638 553
639 552
640 551
640 550
641 549
641 548
642 547
642 546
642 545
643 544
643 543
643 542
643 541
643 540
643 539
643 538
643 537
643 536
643 535
643 534
643 533
643 532
643 531
643 530
642 529
641 528
641 527
640 526
639 525
639 524
638 523
637 522
637 521
636 520
635 519
634 518
634 517
633 516
632 516
631 515
630 514
629 513
628 512
628 511
627 511
626 510
625 509
625 508
624 507
623 506
622 505
621 504
620 503
620 502
619 501
618 500
617 499
616 498
615 497
615 496
614 495
613 494
612 494
611 493
610 492
609 491
608 490
607 489
606 488
605 487
604 487
603 486
602 486
601 485
600 484
599 484
598 483
597 483
596 482
595 482
594 482
593 482
592 481
591 481
590 481
589 481
588 480
587 480
586 479
585 479
584 478
583 478
582 478
581 477
580 477
579 477
578 477
577 477
576 477
575 476
574 476
573 476
572 475
571 475
570 475
569 474
568 474
567 474
566 474
565 473
564 473
563 473
562 473
561 472
560 472
559 472
558 471
557 471
556 471
555 470
554 470
553 470
552 470
551 470
550 470
549 470
548 470
547 469
546 469
545 468
544 467
543 467
542 467
541 467
540 467
539 467
538 467
537 466
536 466
535 466
534 466
533 465
532 465
531 465
530 465
529 464
528 464
527 464
526 464
525 464
524 464
523 464
522 464
521 464
520 464
519 464
518 464
517 464
516 464
515 464
514 464
513 465
512 465
511 465
510 465
509 465
508 465
507 465
506 465
505 465
504 465
503 465
502 465
501 465
500 465
499 465
498 465
497 465
496 465
495 465
494 465
493 465
492 465
491 465
490 465
489 465
488 465
487 465
486 465
485 465
484 465
483 465
482 465
481 465
480 465
479 465
478 466
477 466
476 465
475 465
474 465
473 465
472 465
471 465
470 465
469 465
468 465
467 465
466 465
465 465
464 465
463 465
462 465
461 466
460 466
459 466
458 467
457 467
456 467
455 467
454 467
453 467
452 467
451 467
450 467
449 467
448 467
447 467
446 466
445 467
444 467
443 467
442 467
441 467
440 467
439 467
438 467
437 467
436 467
435 468
434 468
433 468
432 468
431 468
430 469
429 469
428 469
427 469
426 469
425 469
424 469
423 470
422 470
421 470
420 470
419 470
418 470
417 470
416 470
415 470
414 470
413 470
412 470
411 469
410 469
409 469
408 469
407 469
406 469
405 469
404 469
403 469
402 469
401 469
400 469
399 469
398 469
397 469
396 469
395 469
394 469
393 470
392 470
391 470
390 470
389 470
388 470
387 470
386 470
385 470
384 470
383 470
382 470
381 470
380 471
379 471
378 471
377 471
376 470
375 470
374 470
373 470
372 470
371 470
370 470
369 470
368 470
367 470
366 470
365 470
364 470
363 470
362 471
361 471
360 471
359 471
358 472
357 472
356 472
355 472
354 472
353 472
352 472
351 472
350 472
349 473
348 473
347 473
346 473
345 473
344 473
343 473
342 473
341 473
340 473
339 472
338 472
337 472
336 472
335 472
334 472
333 472
332 472
331 472
330 472
329 472
328 472
327 472
326 472
325 472
324 472
323 471
322 471
321 470
320 470
319 470
318 470
317 470
316 470
315 470
314 470
313 470
312 470
311 470
310 470
309 470
308 470
307 470
306 470
305 470
304 470
303 470
302 470
301 470
300 470
299 470
298 470
297 470
296 470
295 470
294 470
293 470
292 470
291 470
290 470
289 469
288 469
287 469
286 469
285 469
284 469
283 469
282 469
281 469
280 469
279 469
278 469
277 469
276 469
275 468
274 468
273 468
272 468
271 468
270 468
269 468
268 468
267 468
266 468
265 468
264 467
263 467
262 467
261 467
260 467
259 467
258 467
257 467
256 467
255 467
254 467
253 467
252 467
251 467
250 467
249 467
248 467
247 467
246 467
245 467
244 467
243 467
242 467
241 467
240 467
239 467
238 467
237 467
236 467
235 467
234 467
233 467
232 467
231 467
230 467
229 467
228 467
227 467
226 467
225 467
224 467
223 467
222 467
221 467
220 467
219 466
218 466
217 466
216 466
215 466
214 465
213 465
212 465
211 465
210 464
209 464
208 464
207 464
206 464
205 464
204 464
203 464
202 464
201 464
200 464
199 464
198 464
197 464
196 464
195 464
194 464
193 464
192 464
191 464
190 464
189 464
188 464
187 464
186 464
185 464
184 464
183 464
182 464
181 464
