425 643
424 644
423 644
422 644
421 645
420 645
419 645
418 645
417 645
416 645
415 645
414 645
413 646
412 646
411 646
410 646
409 646
408 646
407 646
406 646
405 646
404 646
403 647
402 647
401 647
400 647
399 647
398 647
397 647
396 647
395 647
394 647
393 648
392 648
391 648
390 648
389 648
388 648
387 648
386 648
385 648
384 648
383 648
382 648
381 648
380 649
379 649
378 649
377 649
376 649
375 649
374 649
373 649
372 649
371 649
370 649
369 649
368 649
367 649
366 649
365 649
364 649
363 649
362 650
361 650
360 650
359 651
358 651
357 651
356 651
355 651
354 652
353 652
352 652
351 652
350 653
349 653
348 653
347 653
346 653
345 653
344 653
343 652
342 653
341 653
340 653
339 653
338 653
337 653
336 653
335 653
334 653
333 653
332 653
331 653
330 653
329 652
328 652
327 652
326 652
325 652
324 652
323 652
322 652
321 652
320 652
319 652
318 651
317 651
316 651
315 651
314 651
313 651
312 651
311 651
310 651
309 651
308 651
307 651
306 652
305 652
304 652
303 652
302 652
301 653
300 653
299 653
298 654
297 654
296 654
295 654
294 654
293 654
292 654
291 654
290 654
289 654
288 654
287 654
286 654
285 654
284 654
283 654
282 654
281 654
280 654
279 654
278 654
277 654
276 654
275 654
274 654
273 653
272 653
271 653
270 653
269 653
268 653
267 653
266 653
265 653
264 653
263 653
262 653
261 654
260 654
259 654
258 654
257 654
256 654
255 654
254 655
253 655
252 655
251 655
250 655
249 655
248 655
247 655
246 656
245 656
244 656
243 656
242 657
241 657
240 657
239 657
238 657
237 658
236 658
235 658
234 658
233 658
232 658
231 658
230 658
229 658
228 658
227 658
226 658
225 658
224 657
223 657
222 657
221 657
220 657
219 657
218 657
217 657
216 657
215 657
214 657
213 657
212 657
211 657
210 657
209 657
208 657
207 657
206 657
205 657
204 657
203 657
202 657
201 658
200 658
199 658
198 658
197 658
196 658
195 658
194 658
193 658
192 658
191 658
190 658
189 658
188 658
187 658
186 658
185 658
184 658
183 658
182 658
181 658
180 658
179 658
178 658
177 658
176 658
175 658
174 658
173 658
172 658
171 658
170 658
169 658
168 658
167 658
166 658
165 659
164 659
163 660
162 660
161 660
160 660
159 660
158 660
157 660
156 660
155 660
154 660
153 660
152 661
151 661
150 661
149 661
148 661
147 661
146 661
145 661
144 661
143 661
142 661
141 661
140 661
139 661
138 661
137 661
136 660
135 660
134 660
133 660
132 660
131 660
130 660
129 659
128 659
127 659
126 659
125 659
124 659
123 659
122 659
121 659
120 659
119 659
118 659
117 659
116 659
115 659
114 659
113 659
112 659
111 659
110 659
109 660
108 660
107 660
106 661
105 661
104 661
103 661
102 661
101 661
100 661
99 661
98 661
97 661
96 662
95 662
94 663
93 663
92 663
91 663
90 664
89 664
88 665
87 665
86 666
85 666
84 667
83 668
82 669
81 669
80 670
79 671
78 671
77 672
76 672
75 673
74 674
73 674
72 675
71 676
70 677
69 678
68 678
67 679
66 680
65 681
64 682
63 683
62 683
61 684
60 684
59 685
58 686
57 686
56 687
55 688
54 688
53 689
52 690
51 690
50 691
49 691
48 691
47 692
46 693
45 693
44 694
43 695
42 695
41 696
40 697
39 698
38 698
37 699
36 700
35 701
34 702
33 703
32 704
31 705
30 706
29 707
28 708
27 709
27 710
26 711
25 712
25 713
24 714
23 715
22 716
21 717
20 718
19 719
18 720
17 721
16 722
15 723
14 724
13 725
13 726
12 727
12 728
12 729
12 730
11 731
11 732
11 733
11 734
11 735
11 736
11 737
12 738
12 739
12 740
12 741
13 742
13 743
14 744
14 745
15 746
15 747
16 748
16 749
16 750
17 751
17 752
18 753
18 754
19 755
20 756
20 757
21 758
21 759
22 760
23 761
24 762
24 763
25 764
25 765
25 766
26 767
26 768
27 769
28 770
28 771
29 772
30 773
31 774
32 775
33 776
34 777
35 778
36 779
37 780
38 781
39 782
40 783
40 784
41 785
41 786
42 787
43 788
43 789
44 790
45 791
45 792
46 793
46 794
47 795
47 796
48 797
48 798
49 799
49 800
50 801
50 802
51 803
52 804
52 805
52 806
53 807
53 808
53 809
54 810
54 811
55 812
56 813
56 814
57 814
58 815
59 816
60 817
61 817
62 818
63 818
64 818
65 818
66 818
67 818
68 819
69 819
70 819
71 820
72 820
73 820
74 820
75 821
76 821
77 821
78 821
79 822
80 822
81 822
82 823
83 823
84 823
85 824
86 824
87 824
88 824
89 825
90 825
91 825
92 826
93 826
94 827
95 827
96 827
97 828
98 828
99 828
100 829
101 829
102 829
103 830
104 830
105 830
106 830
107 831
108 831
109 832
110 833
111 833
112 834
113 834
114 835
115 835
116 836
117 836
118 836
119 837
120 837
121 837
122 838
123 838
124 838
125 838
126 839
127 839
128 839
129 840
130 840
131 840
132 840
133 840
134 840
135 840
136 840
137 841
138 841
139 841
140 841
141 841
142 841
143 841
144 842
145 842
146 842
147 842
148 842
149 842
150 842
151 842
152 843
153 843
154 843
155 843
156 843
157 844
158 844
159 844
160 844
161 845
162 845
163 845
164 845
165 845
166 845
167 846
168 846
169 846
170 846
171 846
172 845
173 845
174 845
175 845
176 844
177 844
178 844
179 844
180 844
181 845
182 845
183 845
184 845
185 845
186 845
187 846
188 846
189 846
190 847
191 847
192 848
193 848
194 848
195 849
196 849
197 849
198 849
199 849
200 849
201 849
202 849
203 849
204 849
205 849
206 849
207 849
208 849
209 849
210 849
211 849
212 849
213 849
214 849
215 850
216 850
217 850
218 850
219 850
220 850
221 850
222 850
223 850
224 850
225 850
226 850
227 850
228 850
229 850
230 850
231 850
232 850
233 850
234 850
235 850
236 850
237 850
238 850
239 851
240 851
241 851
242 852
243 852
244 852
245 852
246 852
247 853
248 853
249 853
250 853
251 853
252 853
253 853
254 853
255 853
256 853
257 853
258 853
259 853
260 853
261 853
262 853
263 853
264 853
265 853
266 853
267 853
268 853
269 853
270 853
271 853
272 853
273 852
274 852
275 852
276 851
277 851
278 850
279 850
280 850
281 849
282 849
283 849
284 849
285 848
286 848
287 848
288 847
289 847
290 847
291 847
292 846
293 846
294 846
295 846
296 845
297 845
298 845
299 845
300 845
301 845
302 845
303 845
304 845
305 845
306 845
307 845
308 845
309 845
310 845
311 845
312 845
313 845
314 844
315 844
316 844
317 844
318 844
319 844
320 844
321 844
322 844
323 844
324 844
325 844
326 844
327 845
328 845
329 845
330 845
331 845
332 845
333 845
334 845
335 845
336 845
337 845
338 845
339 845
340 845
341 845
342 845
343 845
344 845
345 845
346 846
347 846
348 846
349 846
350 846
351 846
352 846
353 846
354 846
355 845
356 845
357 845
358 845
359 845
360 845
361 845
362 845
363 845
364 845
365 845
366 845
367 845
368 845
369 844
370 844
371 844
372 844
373 844
374 843
375 843
376 843
377 842
378 842
379 842
380 842
381 842
382 842
383 842
384 841
385 841
386 841
387 841
388 841
389 841
390 841
391 841
392 841
393 841
394 841
395 841
396 841
397 841
398 841
399 841
400 841
401 842
402 842
403 842
404 842
405 842
406 842
407 842
408 841
409 841
410 841
411 841
412 841
413 841
414 841
415 840
416 840
417 840
418 840
419 840
420 839
421 839
422 839
423 839
424 839
425 839
426 839
427 839
428 839
429 838
430 838
431 838
432 838
433 837
434 838
435 838
436 837
437 837
438 837
439 837
440 837
441 837
442 837
443 837
444 837
445 837
446 836
447 836
448 836
449 836
450 836
451 836
452 836
453 836
454 836
455 836
456 836
457 837
458 836
459 836
460 836
461 836
462 835
463 835
464 835
465 835
466 835
467 835
468 834
469 834
470 834
471 834
472 834
473 834
474 834
475 834
476 834
477 834
478 834
479 833
480 833
481 833
482 833
483 833
484 833
485 833
486 833
487 833
488 833
489 832
490 832
491 832
492 832
493 832
494 832
495 832
496 832
497 832
498 832
499 832
500 832
501 832
502 832
503 832
504 832
505 832
506 832
507 832
508 831
509 831
510 831
511 831
512 831
513 831
514 831
515 831
516 831
517 831
518 831
519 831
520 831
521 831
522 831
523 831
524 831
525 831
526 832
527 832
528 832
529 832
530 832
531 832
532 832
533 832
534 831
535 831
536 831
537 831
538 830
539 830
540 830
541 830
542 829
543 829
544 829
545 829
546 829
547 829
548 829
549 829
550 829
551 829
552 829
553 828
554 828
555 828
556 828
557 828
558 828
559 828
560 828
561 828
562 828
563 828
564 828
565 828
566 828
567 827
568 827
569 827
570 826
571 826
572 825
573 825
574 824
575 824
576 823
577 823
578 822
579 822
580 821
581 821
582 820
583 820
584 820
585 819
586 819
587 819
588 818
589 818
590 817
591 817
592 817
593 817
594 817
595 816
596 816
597 816
598 816
599 816
600 816
601 816
602 816
603 816
604 816
605 816
606 815
607 815
608 814
609 814
610 814
611 814
612 814
613 814
614 814
615 814
616 814
617 813
618 813
619 812
620 812
621 811
622 811
623 811
624 810
625 810
626 810
627 809
628 809
629 808
630 808
631 807
632 807
633 807
634 806
635 805
636 804
637 803
638 802
638 801
638 800
638 799
638 798
638 797
638 796
638 795
637 794
637 793
636 792
636 791
635 790
634 789
634 788
634 787
634 786
634 785
633 784
633 783
633 782
632 781
633 780
633 779
633 778
632 777
632 776
632 775
631 774
631 773
631 772
630 771
630 770
629 769
629 768
628 767
628 766
628 765
628 764
628 763
627 762
627 761
626 760
626 759
625 758
625 757
625 756
624 755
624 754
624 753
624 752
624 751
624 750
623 749
623 748
622 747
622 746
622 745
621 744
621 743
621 742
621 741
621 740
621 739
621 738
620 737
620 736
620 735
619 734
619 733
619 732
619 731
619 730
619 729
619 728
619 727
619 726
620 725
620 724
621 723
621 722
621 721
621 720
621 719
621 718
622 717
622 716
622 715
622 714
622 713
622 712
622 711
622 710
622 709
622 708
622 707
622 706
622 705
621 704
621 703
621 702
620 701
620 700
620 699
620 698
619 697
619 696
618 695
618 694
617 693
616 692
616 691
615 690
614 689
614 688
613 687
612 686
612 685
611 684
610 683
610 682
609 681
608 680
607 679
606 678
605 678
604 677
603 677
602 676
601 676
600 675
599 675
598 675
597 675
596 675
595 675
594 675
593 675
592 675
591 675
590 675
589 674
588 674
587 674
586 674
585 674
584 674
583 674
582 674
581 674
580 673
579 673
578 673
577 673
576 673
575 673
574 672
573 672
572 672
571 672
570 671
569 671
568 670
567 670
566 669
565 669
564 669
563 668
562 668
561 668
560 667
559 667
558 666
557 666
556 665
555 665
554 664
553 663
552 663
551 663
550 662
549 662
548 661
547 661
546 661
545 661
544 660
543 660
542 660
541 659
540 659
539 659
538 659
537 659
536 659
535 658
534 658
533 658
532 657
531 657
530 657
529 656
528 656
527 656
526 655
525 655
524 654
523 654
522 654
521 654
520 654
519 654
518 654
517 654
516 653
515 653
514 653
513 653
512 653
511 653
510 653
509 653
508 653
507 653
506 653
505 653
504 653
503 652
502 653
501 653
500 652
499 652
498 652
497 652
496 652
495 652
494 652
493 652
492 652
491 653
490 653
489 653
488 653
487 653
486 653
485 653
484 653
483 653
482 653
481 653
480 653
479 653
478 653
477 653
476 652
475 652
474 651
473 651
472 651
471 650
470 650
469 650
468 650
467 650
466 649
465 649
464 649
463 649
462 649
461 648
460 648
459 648
458 648
457 648
456 649
455 649
454 649
453 649
452 649
451 649
450 649
449 649
448 648
447 648
446 648
445 647
444 647
443 647
442 646
441 646
440 645
439 645
438 644
437 644
436 644
435 644
434 644
433 643
432 643
431 643
430 643
429 643
428 643
427 643
426 643
425 643
