238 881
237 882
236 882
235 882
234 882
233 883
232 883
231 883
230 883
229 884
228 884
227 884
226 884
225 884
224 884
223 884
222 885
221 885
220 885
219 885
218 885
217 886
216 886
215 886
214 886
213 886
212 886
211 886
210 886
209 885
208 885
207 885
206 885
205 885
204 885
203 885
202 885
201 884
200 884
199 884
198 884
197 883
196 883
195 883
194 883
193 883
192 883
191 883
190 883
189 883
188 883
187 883
186 883
185 883
184 883
183 883
182 883
181 883
180 883
179 884
178 884
177 884
176 884
175 884
174 884
173 884
172 884
171 884
170 884
169 884
168 884
167 884
166 884
165 884
164 884
163 884
162 884
161 884
160 884
159 884
158 884
157 884
156 884
155 884
154 884
153 884
152 884
151 884
150 884
149 884
148 885
147 885
146 885
145 886
144 886
143 886
142 886
141 886
140 887
139 887
138 887
137 887
136 887
135 888
134 888
133 889
132 889
131 890
130 890
129 890
128 890
127 890
126 890
125 890
124 890
123 890
122 890
121 890
120 890
119 890
118 890
117 890
116 890
115 890
114 890
113 890
112 890
111 890
110 890
109 890
108 890
107 890
106 891
105 891
104 891
103 891
102 892
101 892
100 892
99 893
98 893
97 893
96 893
95 893
94 894
93 894
92 894
91 894
90 894
89 895
88 895
87 895
86 896
85 896
84 896
83 896
82 895
81 895
80 894
79 894
78 894
77 893
76 893
75 893
74 893
73 893
72 893
71 893
70 894
69 894
68 894
67 895
66 895
65 896
64 897
63 897
62 898
61 898
60 899
59 899
58 899
57 900
56 900
55 901
54 901
53 902
52 902
51 902
50 903
49 904
48 905
47 905
46 906
45 906
44 906
43 907
42 907
41 908
40 908
39 909
38 909
37 910
36 910
35 911
34 911
33 911
32 911
31 912
30 912
29 913
28 913
27 914
27 915
26 916
25 917
25 918
24 919
24 920
23 921
23 922
23 923
23 924
22 925
22 926
22 927
22 928
21 929
20 930
19 931
18 932
18 933
17 934
17 935
16 936
15 937
15 938
14 939
14 940
14 941
13 942
13 943
13 944
13 945
13 946
13 947
13 948
14 949
14 950
14 951
15 952
16 953
16 954
17 955
17 956
17 957
18 958
18 959
18 960
18 961
19 962
19 963
19 964
19 965
19 966
19 967
20 968
20 969
20 970
21 971
21 972
22 973
22 974
23 975
23 976
24 977
25 978
26 979
26 980
27 981
28 982
29 983
29 984
30 985
31 986
32 986
33 987
34 988
35 989
36 989
37 990
38 990
39 991
40 991
41 991
42 991
43 992
44 992
45 993
46 993
47 993
48 992
49 993
50 993
51 993
52 993
53 994
54 994
55 994
56 995
57 995
58 995
59 996
60 996
61 997
62 997
63 997
64 998
65 998
66 999
67 1000
68 1001
69 1002
70 1003
71 1004
72 1005
72 1006
73 1007
74 1008
74 1009
75 1010
76 1011
76 1012
77 1013
78 1014
78 1015
78 1016
79 1017
79 1018
79 1019
80 1020
80 1021
80 1022
80 1023
80 1024
80 1025
81 1026
81 1027
82 1028
82 1029
83 1030
83 1031
84 1032
85 1033
86 1034
87 1035
88 1035
89 1036
90 1036
91 1037
92 1037
93 1037
94 1038
95 1039
96 1039
97 1040
98 1041
99 1041
100 1042
101 1042
102 1043
103 1043
104 1044
105 1044
106 1044
107 1045
108 1045
109 1045
110 1046
111 1046
112 1046
113 1046
114 1046
115 1046
116 1046
117 1046
118 1047
119 1047
120 1047
121 1048
122 1048
123 1048
124 1048
125 1048
126 1048
127 1047
128 1047
129 1047
130 1047
131 1046
132 1046
133 1046
134 1046
135 1046
136 1046
137 1046
138 1046
139 1046
140 1046
141 1046
142 1047
143 1047
144 1047
145 1047
146 1047
147 1047
148 1047
149 1047
150 1047
151 1047
152 1047
153 1047
154 1047
155 1047
156 1047
157 1048
158 1048
159 1049
160 1049
161 1049
162 1050
163 1050
164 1051
165 1051
166 1051
167 1051
168 1051
169 1051
170 1051
171 1051
172 1051
173 1051
174 1051
175 1051
176 1051
177 1051
178 1052
179 1052
180 1052
181 1052
182 1052
183 1052
184 1052
185 1052
186 1052
187 1052
188 1052
189 1052
190 1053
191 1053
192 1053
193 1053
194 1053
195 1053
196 1053
197 1053
198 1053
199 1053
200 1053
201 1053
202 1053
203 1053
204 1053
205 1054
206 1054
207 1055
208 1055
209 1055
210 1055
211 1055
212 1055
213 1056
214 1056
215 1056
216 1056
217 1056
218 1056
219 1057
220 1057
221 1057
222 1057
223 1057
224 1057
225 1058
226 1058
227 1059
228 1059
229 1059
230 1059
231 1059
232 1059
233 1059
234 1059
235 1059
236 1059
237 1059
238 1059
239 1059
240 1059
241 1059
242 1059
243 1059
244 1059
245 1059
246 1059
247 1059
248 1060
249 1060
250 1060
251 1060
252 1060
253 1060
254 1060
255 1061
256 1061
257 1061
258 1061
259 1062
260 1062
261 1062
262 1062
263 1062
264 1062
265 1062
266 1062
267 1062
268 1062
269 1062
270 1062
271 1062
272 1063
273 1063
274 1063
275 1063
276 1063
277 1063
278 1063
279 1064
280 1064
281 1064
282 1065
283 1065
284 1065
285 1066
286 1066
287 1066
288 1067
289 1067
290 1067
291 1067
292 1067
293 1067
294 1067
295 1068
296 1068
297 1068
298 1068
299 1068
300 1068
301 1069
302 1069
303 1069
304 1070
305 1070
306 1069
307 1070
308 1070
309 1070
310 1070
311 1070
312 1070
313 1070
314 1070
315 1070
316 1070
317 1070
318 1070
319 1070
320 1070
321 1070
322 1070
323 1070
324 1070
325 1071
326 1071
327 1071
328 1071
329 1071
330 1071
331 1072
332 1072
333 1072
334 1073
335 1073
336 1074
337 1074
338 1075
339 1075
340 1075
341 1075
342 1075
343 1075
344 1075
345 1075
346 1075
347 1075
348 1075
349 1075
350 1074
351 1074
352 1074
353 1074
354 1074
355 1074
356 1074
357 1074
358 1074
359 1074
360 1074
361 1074
362 1074
363 1074
364 1074
365 1074
366 1074
367 1074
368 1074
369 1073
370 1073
371 1073
372 1072
373 1072
374 1072
375 1071
376 1071
377 1071
378 1070
379 1070
380 1070
381 1070
382 1070
383 1069
384 1069
385 1070
386 1070
387 1069
388 1069
389 1069
390 1069
391 1069
392 1069
393 1069
394 1069
395 1069
396 1069
397 1069
398 1069
399 1069
400 1069
401 1069
402 1069
403 1069
404 1069
405 1069
406 1069
407 1069
408 1069
409 1069
410 1069
411 1069
412 1069
413 1070
414 1069
415 1069
416 1069
417 1069
418 1069
419 1070
420 1069
421 1069
422 1069
423 1068
424 1068
425 1068
426 1067
427 1067
428 1066
429 1066
430 1066
431 1066
432 1065
433 1065
434 1065
435 1065
436 1065
437 1065
438 1065
439 1065
440 1065
441 1065
442 1066
443 1066
444 1066
445 1067
446 1067
447 1067
448 1067
449 1067
450 1067
451 1067
452 1067
453 1067
454 1067
455 1067
456 1066
457 1066
458 1066
459 1066
460 1066
461 1066
462 1066
463 1066
464 1066
465 1066
466 1066
467 1066
468 1066
469 1065
470 1065
471 1065
472 1065
473 1065
474 1065
475 1064
476 1064
477 1064
478 1064
479 1064
480 1064
481 1064
482 1064
483 1064
484 1064
485 1064
486 1064
487 1064
488 1064
489 1064
490 1064
491 1064
492 1064
493 1064
494 1064
495 1063
496 1063
497 1063
498 1063
499 1063
500 1063
501 1063
502 1063
503 1063
504 1063
505 1063
506 1063
507 1063
508 1063
509 1063
510 1063
511 1063
512 1063
513 1064
514 1064
515 1064
516 1064
517 1064
518 1064
519 1064
520 1064
521 1064
522 1063
523 1063
524 1063
525 1063
526 1063
527 1063
528 1062
529 1062
530 1062
531 1061
532 1061
533 1060
534 1060
535 1060
536 1060
537 1059
538 1059
539 1059
540 1059
541 1058
542 1058
543 1058
544 1058
545 1058
546 1058
547 1058
548 1058
549 1058
550 1057
551 1057
552 1057
553 1057
554 1057
555 1056
556 1056
557 1056
558 1056
559 1056
560 1056
561 1056
562 1056
563 1056
564 1056
565 1056
566 1056
567 1056
568 1056
569 1056
570 1056
571 1055
572 1055
573 1055
574 1055
575 1055
576 1054
577 1054
578 1054
579 1053
580 1053
581 1053
582 1052
583 1052
584 1051
585 1051
586 1051
587 1051
588 1050
589 1050
590 1050
591 1050
592 1049
593 1049
594 1049
595 1049
596 1049
597 1048
598 1048
599 1048
600 1048
601 1047
602 1046
603 1046
604 1046
605 1045
606 1045
607 1045
608 1044
609 1044
610 1043
611 1043
612 1043
613 1042
614 1042
615 1041
616 1040
617 1040
618 1039
619 1038
620 1037
621 1036
622 1035
623 1034
624 1033
625 1032
626 1031
627 1031
628 1030
629 1029
629 1028
630 1027
630 1026
631 1025
631 1024
631 1023
632 1022
632 1021
632 1020
632 1019
633 1018
633 1017
633 1016
633 1015
634 1014
634 1013
634 1012
635 1011
635 1010
636 1009
636 1008
637 1007
637 1006
638 1005
639 1004
639 1003
639 1002
639 1001
639 1000
639 999
639 998
639 997
639 996
639 995
639 994
639 993
640 992
640 991
640 990
640 989
640 988
639 987
639 986
639 985
639 984
639 983
639 982
639 981
639 980
639 979
639 978
639 977
639 976
639 975
639 974
639 973
639 972
639 971
639 970
640 969
640 968
640 967
640 966
640 965
640 964
639 963
639 962
639 961
639 960
639 959
639 958
639 957
639 956
638 955
638 954
638 953
637 952
637 951
637 950
636 949
636 948
636 947
635 946
635 945
635 944
635 943
635 942
635 941
634 940
634 939
634 938
633 937
633 936
633 935
633 934
633 933
632 932
632 931
632 930
632 929
631 928
631 927
630 926
630 925
630 924
629 923
629 922
629 921
629 920
628 919
628 918
627 917
627 916
626 915
626 914
625 913
624 912
623 911
622 910
621 909
620 908
619 907
618 907
617 907
616 906
615 906
614 906
613 905
612 905
611 905
610 905
609 905
608 906
607 906
606 906
605 906
604 905
603 905
602 905
601 904
600 904
599 904
598 904
597 904
596 904
595 904
594 904
593 904
592 904
591 904
590 904
589 904
588 904
587 904
586 904
585 904
584 904
583 904
582 904
581 904
580 904
579 904
578 904
577 904
576 904
575 903
574 903
573 903
572 902
571 902
570 902
569 902
568 902
567 902
566 902
565 902
564 902
563 902
562 902
561 902
560 902
559 902
558 901
557 901
556 901
555 901
554 901
553 901
552 901
551 901
550 901
549 901
548 900
547 901
546 901
545 901
544 901
543 900
542 900
541 900
540 899
539 899
538 899
537 899
536 899
535 900
534 900
533 900
532 901
531 900
530 900
529 900
528 899
527 899
526 899
525 900
524 899
523 899
522 898
521 898
520 897
519 897
518 897
517 897
516 897
515 897
514 897
513 897
512 897
511 897
510 897
509 897
508 897
507 897
506 897
505 897
504 897
503 897
502 897
501 897
500 897
499 897
498 897
497 897
496 897
495 897
494 897
493 897
492 896
491 896
490 896
489 896
488 896
487 896
486 896
485 896
484 896
483 896
482 896
481 896
480 896
479 895
478 895
477 895
476 895
475 895
474 895
473 895
472 895
471 894
470 894
469 894
468 894
467 895
466 895
465 895
464 895
463 895
462 895
461 895
460 895
459 895
458 895
457 895
456 895
455 895
454 895
453 895
452 895
451 895
450 895
449 895
448 895
447 894
446 894
445 894
444 894
443 894
442 894
441 894
440 894
439 894
438 894
437 894
436 894
435 894
434 894
433 894
432 894
431 894
430 894
429 893
428 893
427 893
426 893
425 893
424 893
423 893
422 893
421 893
420 893
419 893
418 892
417 892
416 892
415 892
414 892
413 892
412 892
411 891
410 891
409 891
408 891
407 891
406 891
405 892
404 892
403 892
402 892
401 892
400 892
399 892
398 892
397 892
396 892
395 892
394 892
393 891
392 891
391 891
390 891
389 891
388 891
387 891
386 891
385 891
384 891
383 891
382 891
381 891
380 891
379 891
378 890
377 890
376 890
375 890
374 890
373 890
372 890
371 889
370 889
369 889
368 889
367 889
366 889
365 889
364 889
363 889
362 889
361 889
360 889
359 890
358 890
357 889
356 889
355 889
354 888
353 888
352 888
351 888
350 888
349 887
348 887
347 887
346 887
345 887
344 887
343 887
342 887
341 887
340 887
339 887
338 887
337 887
336 888
335 888
334 888
333 888
332 888
331 887
330 887
329 887
328 886
327 886
326 886
325 886
324 886
323 886
322 886
321 886
320 886
319 886
318 886
317 886
316 886
315 886
314 887
313 887
312 887
311 887
310 887
309 887
308 887
307 887
306 888
305 888
304 888
303 888
302 888
301 888
300 888
299 888
298 887
297 887
296 887
295 887
294 886
293 886
292 886
291 886
290 886
289 886
288 886
287 886
286 887
285 887
284 887
283 887
282 887
281 887
280 887
279 887
278 887
277 887
276 887
275 887
274 886
273 886
272 886
271 885
270 885
269 885
268 885
267 884
266 884
265 883
264 883
263 883
262 883
261 882
260 882
259 882
258 882
257 882
256 881
255 881
254 881
253 881
252 881
251 881
250 881
249 881
248 881
247 881
246 881
245 881
244 881
243 881
242 881
241 881
240 881
239 881
238 881
