503 1104
502 1105
501 1105
500 1105
499 1105
498 1106
497 1106
496 1106
495 1106
494 1106
493 1106
492 1106
491 1107
490 1107
489 1107
488 1107
487 1107
486 1107
485 1107
484 1107
483 1107
482 1108
481 1108
480 1108
479 1108
478 1109
477 1109
476 1110
475 1110
474 1110
473 1110
472 1110
471 1110
470 1111
469 1111
468 1111
467 1111
466 1112
465 1112
464 1113
463 1113
462 1113
461 1114
460 1114
459 1115
458 1116
457 1116
456 1116
455 1117
454 1117
453 1118
452 1118
451 1118
450 1119
449 1119
448 1119
447 1119
446 1120
445 1120
444 1121
443 1121
442 1121
441 1122
440 1122
439 1123
438 1123
437 1123
436 1123
435 1123
434 1123
433 1123
432 1123
431 1123
430 1123
429 1123
428 1124
427 1124
426 1124
425 1124
424 1124
423 1124
422 1124
421 1125
420 1125
419 1125
418 1125
417 1125
416 1125
415 1126
414 1126
413 1126
412 1126
411 1126
410 1126
409 1126
408 1127
407 1127
406 1127
405 1127
404 1127
403 1127
402 1127
401 1127
400 1127
399 1126
398 1126
397 1126
396 1126
395 1126
394 1126
393 1126
392 1126
391 1126
390 1126
389 1126
388 1126
387 1126
386 1126
385 1126
384 1126
383 1126
382 1126
381 1126
380 1126
379 1126
378 1126
377 1126
376 1126
375 1126
374 1126
373 1126
372 1126
371 1125
370 1125
369 1125
368 1125
367 1125
366 1124
365 1124
364 1123
363 1123
362 1123
361 1123
360 1123
359 1123
358 1123
357 1123
356 1123
355 1123
354 1123
353 1123
352 1123
351 1123
350 1123
349 1124
348 1124
347 1124
346 1124
345 1124
344 1124
343 1125
342 1125
341 1125
340 1125
339 1126
338 1126
337 1126
336 1126
335 1126
334 1127
333 1127
332 1127
331 1127
330 1127
329 1127
328 1128
327 1128
326 1129
325 1129
324 1129
323 1129
322 1129
321 1129
320 1129
319 1129
318 1129
317 1129
316 1130
315 1130
314 1130
313 1130
312 1130
311 1130
310 1130
309 1130
308 1131
307 1131
306 1131
305 1131
304 1131
303 1131
302 1131
301 1131
300 1131
299 1131
298 1130
297 1130
296 1130
295 1130
294 1130
293 1130
292 1130
291 1131
290 1131
289 1131
288 1131
287 1131
286 1132
285 1132
284 1132
283 1133
282 1133
281 1133
280 1133
279 1134
278 1134
277 1134
276 1135
275 1135
274 1135
273 1135
272 1135
271 1135
270 1135
269 1135
268 1135
267 1135
266 1135
265 1135
264 1135
263 1135
262 1135
261 1135
260 1136
259 1136
258 1136
257 1136
256 1136
255 1136
254 1136
253 1136
252 1136
251 1137
250 1137
249 1137
248 1137
247 1137
246 1137
245 1137
244 1137
243 1137
242 1137
241 1138
240 1138
239 1138
238 1138
237 1138
236 1138
235 1138
234 1138
233 1138
232 1139
231 1139
230 1139
229 1139
228 1140
227 1140
226 1140
225 1140
224 1140
223 1141
222 1141
221 1141
220 1141
219 1141
218 1141
217 1141
216 1141
215 1142
214 1142
213 1142
212 1142
211 1143
210 1143
209 1143
208 1143
207 1143
206 1143
205 1143
204 1144
203 1144
202 1144
201 1144
200 1144
199 1145
198 1145
197 1145
196 1145
195 1145
194 1145
193 1145
192 1145
191 1145
190 1146
189 1146
188 1146
187 1146
186 1146
185 1147
184 1147
183 1147
182 1147
181 1147
180 1147
179 1148
178 1148
177 1148
176 1148
175 1148
174 1149
173 1149
172 1149
171 1149
170 1150
169 1150
168 1150
167 1150
166 1151
165 1151
164 1151
163 1152
162 1152
161 1152
160 1153
159 1153
158 1153
157 1153
156 1153
155 1153
154 1153
153 1153
152 1154
151 1154
150 1154
149 1154
148 1154
147 1155
146 1155
145 1155
144 1156
143 1156
142 1156
141 1157
140 1157
139 1157
138 1158
137 1158
136 1158
135 1158
134 1159
133 1159
132 1160
131 1160
130 1160
129 1161
128 1161
127 1162
126 1162
125 1162
124 1163
123 1163
122 1163
121 1163
120 1164
119 1163
118 1163
117 1163
116 1163
115 1163
114 1163
113 1163
112 1163
111 1163
110 1163
109 1163
108 1163
107 1164
106 1164
105 1164
104 1164
103 1164
102 1165
101 1165
100 1165
99 1165
98 1166
97 1166
96 1166
95 1167
94 1167
93 1168
92 1169
91 1169
90 1170
89 1170
88 1170
87 1171
86 1171
85 1172
84 1172
83 1172
82 1173
81 1173
80 1173
79 1173
78 1173
77 1174
76 1174
75 1174
74 1174
73 1174
72 1174
71 1175
70 1175
69 1175
68 1175
67 1175
66 1175
65 1175
64 1176
63 1176
62 1176
61 1177
60 1177
59 1178
58 1179
57 1179
56 1179
55 1179
54 1180
53 1181
52 1181
51 1182
50 1182
49 1183
48 1183
47 1184
46 1184
45 1184
44 1185
43 1185
42 1185
41 1185
40 1186
39 1186
38 1186
37 1187
36 1187
35 1187
34 1188
33 1188
32 1189
31 1189
30 1190
29 1191
28 1191
27 1192
26 1192
25 1193
24 1193
23 1193
22 1194
21 1195
20 1196
19 1197
19 1198
19 1199
19 1200
19 1201
19 1202
20 1203
20 1204
20 1205
21 1206
21 1207
22 1208
22 1209
22 1210
23 1211
23 1212
24 1213
25 1214
26 1215
26 1216
27 1217
28 1218
28 1219
27 1220
27 1221
27 1222
27 1223
28 1224
28 1225
28 1226
28 1227
29 1228
29 1229
30 1230
31 1231
32 1232
32 1233
32 1234
33 1235
34 1236
35 1237
36 1238
37 1238
38 1239
39 1239
40 1240
41 1240
42 1241
43 1241
44 1242
45 1242
46 1242
47 1243
48 1243
49 1244
50 1244
51 1244
52 1244
53 1245
54 1245
55 1245
56 1245
57 1245
58 1246
59 1246
60 1246
61 1247
62 1247
63 1247
64 1248
65 1248
66 1249
67 1249
68 1250
69 1251
70 1251
71 1252
72 1252
73 1252
74 1253
75 1253
76 1254
77 1254
78 1255
79 1255
80 1255
81 1255
82 1256
83 1256
84 1256
85 1256
86 1257
87 1257
88 1257
89 1258
90 1258
91 1258
92 1259
93 1259
94 1260
95 1260
96 1260
97 1261
98 1261
99 1261
100 1261
101 1262
102 1263
103 1264
104 1264
105 1265
106 1265
107 1266
108 1266
109 1267
110 1267
111 1267
112 1268
113 1268
114 1268
115 1269
116 1269
117 1270
118 1270
119 1270
120 1271
121 1271
122 1272
123 1272
124 1273
125 1273
126 1273
127 1274
128 1274
129 1275
130 1275
131 1276
132 1276
133 1277
134 1277
135 1277
136 1278
137 1278
138 1278
139 1279
140 1279
141 1280
142 1280
143 1280
144 1281
145 1281
146 1281
147 1281
148 1281
149 1281
150 1282
151 1282
152 1282
153 1282
154 1283
155 1283
156 1283
157 1283
158 1283
159 1283
160 1283
161 1284
162 1285
163 1285
164 1285
165 1285
166 1286
167 1286
168 1287
169 1287
170 1287
171 1288
172 1288
173 1288
174 1288
175 1289
176 1289
177 1289
178 1289
179 1289
180 1290
181 1290
182 1290
183 1290
184 1290
185 1291
186 1291
187 1291
188 1292
189 1292
190 1292
191 1292
192 1292
193 1292
194 1293
195 1293
196 1293
197 1293
198 1293
199 1293
200 1293
201 1293
202 1293
203 1293
204 1293
205 1293
206 1293
207 1293
208 1293
209 1293
210 1293
211 1293
212 1293
213 1293
214 1293
215 1293
216 1293
217 1293
218 1293
219 1293
220 1293
221 1293
222 1293
223 1292
224 1292
225 1292
226 1292
227 1292
228 1292
229 1293
230 1293
231 1293
232 1293
233 1293
234 1293
235 1293
236 1293
237 1293
238 1292
239 1292
240 1292
241 1292
242 1292
243 1292
244 1292
245 1292
246 1292
247 1292
248 1292
249 1292
250 1292
251 1292
252 1292
253 1292
254 1292
255 1292
256 1292
257 1292
258 1292
259 1293
260 1293
261 1293
262 1294
263 1294
264 1294
265 1293
266 1293
267 1293
268 1293
269 1293
270 1293
271 1293
272 1293
273 1293
274 1293
275 1294
276 1294
277 1294
278 1294
279 1294
280 1294
281 1294
282 1294
283 1294
284 1294
285 1294
286 1294
287 1294
288 1294
289 1294
290 1294
291 1294
292 1294
293 1294
294 1295
295 1295
296 1295
297 1295
298 1295
299 1295
300 1295
301 1295
302 1295
303 1295
304 1295
305 1295
306 1295
307 1295
308 1295
309 1295
310 1295
311 1294
312 1294
313 1294
314 1294
315 1294
316 1294
317 1294
318 1295
319 1295
320 1295
321 1295
322 1295
323 1295
324 1295
325 1295
326 1295
327 1295
328 1295
329 1295
330 1295
331 1295
332 1295
333 1295
334 1295
335 1295
336 1295
337 1295
338 1295
339 1295
340 1295
341 1295
342 1295
343 1295
344 1295
345 1295
346 1295
347 1295
348 1295
349 1295
350 1295
351 1295
352 1295
353 1295
354 1295
355 1296
356 1296
357 1296
358 1296
359 1296
360 1296
361 1296
362 1296
363 1296
364 1296
365 1296
366 1295
367 1295
368 1295
369 1295
370 1294
371 1294
372 1293
373 1293
374 1292
375 1292
376 1292
377 1291
378 1291
379 1291
380 1290
381 1290
382 1290
383 1290
384 1290
385 1289
386 1289
387 1289
388 1289
389 1288
390 1288
391 1288
392 1288
393 1287
394 1287
395 1287
396 1287
397 1287
398 1286
399 1286
400 1286
401 1286
402 1285
403 1285
404 1285
405 1284
406 1284
407 1284
408 1283
409 1283
410 1282
411 1282
412 1282
413 1281
414 1281
415 1281
416 1280
417 1280
418 1280
419 1279
420 1279
421 1279
422 1278
423 1278
424 1278
425 1277
426 1277
427 1277
428 1277
429 1276
430 1276
431 1275
432 1275
433 1274
434 1274
435 1274
436 1274
437 1273
438 1273
439 1273
440 1273
441 1273
442 1273
443 1273
444 1273
445 1273
446 1273
447 1273
448 1273
449 1273
450 1274
451 1274
452 1274
453 1275
454 1275
455 1276
456 1276
457 1277
458 1277
459 1278
460 1278
461 1278
462 1278
463 1278
464 1278
465 1279
466 1279
467 1279
468 1279
469 1279
470 1279
471 1280
472 1280
473 1280
474 1280
475 1280
476 1280
477 1280
478 1280
479 1279
480 1279
481 1279
482 1279
483 1279
484 1278
485 1278
486 1278
487 1278
488 1277
489 1277
490 1277
491 1277
492 1276
493 1276
494 1276
495 1275
496 1275
497 1275
498 1275
499 1274
500 1274
501 1274
502 1274
503 1274
504 1274
505 1274
506 1274
507 1274
508 1274
509 1273
510 1273
511 1273
512 1273
513 1273
514 1273
515 1273
516 1273
517 1272
518 1272
519 1272
520 1272
521 1271
522 1271
523 1271
524 1271
525 1270
526 1270
527 1270
528 1270
529 1270
530 1269
531 1269
532 1269
533 1269
534 1269
535 1269
536 1269
537 1268
538 1268
539 1268
540 1268
541 1268
542 1268
543 1268
544 1268
545 1268
546 1268
547 1268
548 1268
549 1268
550 1268
551 1267
552 1267
553 1267
554 1267
555 1267
556 1267
557 1267
558 1266
559 1266
560 1266
561 1266
562 1266
563 1266
564 1266
565 1266
566 1266
567 1266
568 1266
569 1266
570 1266
571 1266
572 1266
573 1265
574 1265
575 1265
576 1265
577 1265
578 1265
579 1264
580 1264
581 1264
582 1264
583 1264
584 1264
585 1264
586 1264
587 1264
588 1264
589 1264
590 1264
591 1264
592 1264
593 1264
594 1264
595 1264
596 1264
597 1264
598 1263
599 1263
600 1263
601 1263
602 1263
603 1263
604 1263
605 1264
606 1264
607 1264
608 1264
609 1264
610 1264
611 1264
612 1264
613 1264
614 1263
615 1263
616 1263
617 1263
618 1263
619 1262
620 1262
621 1262
622 1261
623 1261
624 1261
625 1260
626 1260
627 1259
628 1259
629 1259
630 1258
630 1257
631 1256
632 1255
633 1254
633 1253
633 1252
634 1251
634 1250
634 1249
635 1248
635 1247
635 1246
636 1245
636 1244
636 1243
637 1242
638 1241
638 1240
638 1239
639 1238
639 1237
640 1236
640 1235
641 1234
641 1233
642 1232
642 1231
642 1230
643 1229
643 1228
643 1227
644 1226
644 1225
644 1224
645 1223
645 1222
645 1221
645 1220
645 1219
645 1218
645 1217
645 1216
645 1215
645 1214
645 1213
645 1212
645 1211
645 1210
645 1209
645 1208
645 1207
645 1206
645 1205
645 1204
645 1203
645 1202
645 1201
645 1200
645 1199
645 1198
644 1197
644 1196
644 1195
644 1194
644 1193
644 1192
643 1191
643 1190
643 1189
643 1188
643 1187
643 1186
642 1185
642 1184
642 1183
642 1182
642 1181
642 1180
642 1179
641 1178
641 1177
641 1176
641 1175
641 1174
641 1173
641 1172
641 1171
641 1170
641 1169
640 1168
640 1167
639 1166
639 1165
639 1164
638 1163
638 1162
637 1161
636 1160
635 1159
635 1158
634 1157
633 1156
632 1155
631 1154
630 1153
629 1152
629 1151
629 1150
629 1149
629 1148
629 1147
628 1146
628 1145
627 1144
627 1143
627 1142
626 1141
626 1140
625 1139
625 1138
625 1137
624 1136
623 1135
623 1134
622 1133
621 1132
620 1131
619 1130
618 1129
617 1128
617 1127
616 1126
615 1125
614 1124
613 1123
612 1122
611 1122
610 1122
609 1122
608 1122
607 1122
606 1122
605 1122
604 1122
603 1122
602 1122
601 1122
600 1122
599 1122
598 1122
597 1122
596 1122
595 1122
594 1122
593 1122
592 1122
591 1122
590 1122
589 1122
588 1122
587 1122
586 1122
585 1122
584 1122
583 1121
582 1121
581 1121
580 1121
579 1120
578 1120
577 1120
576 1120
575 1119
574 1119
573 1119
572 1118
571 1118
570 1118
569 1117
568 1117
567 1117
566 1116
565 1116
564 1116
563 1116
562 1116
561 1116
560 1116
559 1116
558 1116
557 1116
556 1116
555 1116
554 1117
553 1116
552 1116
551 1116
550 1115
549 1115
548 1115
547 1114
546 1114
545 1114
544 1114
543 1113
542 1113
541 1113
540 1113
539 1113
538 1113
537 1112
536 1112
535 1111
534 1110
533 1110
532 1109
531 1108
530 1108
529 1107
528 1107
527 1107
526 1106
525 1106
524 1105
523 1105
522 1104
521 1104
520 1104
519 1104
518 1104
517 1104
516 1104
515 1104
514 1104
513 1104
512 1104
511 1104
510 1104
509 1104
508 1104
507 1104
506 1104
505 1104
504 1104
503 1104
