586 1329
585 1330
584 1330
583 1330
582 1330
581 1330
580 1330
579 1330
578 1330
577 1330
576 1330
575 1331
574 1331
573 1331
572 1332
571 1332
570 1332
569 1332
568 1332
567 1332
566 1332
565 1332
564 1332
563 1332
562 1332
561 1332
560 1332
559 1332
558 1332
557 1332
556 1332
555 1332
554 1332
553 1332
552 1332
551 1332
550 1332
549 1332
548 1332
547 1332
546 1332
545 1331
544 1331
543 1331
542 1331
541 1332
540 1332
539 1332
538 1332
537 1332
536 1332
535 1332
534 1332
533 1332
532 1332
531 1332
530 1331
529 1331
528 1331
527 1331
526 1331
525 1331
524 1331
523 1331
522 1331
521 1331
520 1331
519 1331
518 1331
517 1331
516 1331
515 1332
514 1332
513 1332
512 1332
511 1332
510 1332
509 1332
508 1332
507 1332
506 1332
505 1332
504 1332
503 1332
502 1332
501 1331
500 1331
499 1331
498 1331
497 1331
496 1331
495 1331
494 1331
493 1331
492 1331
491 1331
490 1331
489 1331
488 1331
487 1331
486 1331
485 1331
484 1331
483 1331
482 1331
481 1331
480 1331
479 1331
478 1331
477 1331
476 1331
475 1331
474 1331
473 1331
472 1331
471 1331
470 1331
469 1332
468 1332
467 1332
466 1332
465 1332
464 1332
463 1332
462 1332
461 1332
460 1332
459 1332
458 1332
457 1332
456 1332
455 1332
454 1332
453 1332
452 1332
451 1333
450 1333
449 1333
448 1333
447 1333
446 1333
445 1333
444 1333
443 1333
442 1333
441 1333
440 1333
439 1333
438 1333
437 1333
436 1333
435 1333
434 1334
433 1333
432 1333
431 1333
430 1333
429 1333
428 1334
427 1334
426 1334
425 1334
424 1334
423 1335
422 1335
421 1335
420 1335
419 1335
418 1335
417 1335
416 1336
415 1336
414 1336
413 1336
412 1336
411 1336
410 1336
409 1336
408 1336
407 1336
406 1336
405 1336
404 1336
403 1336
402 1336
401 1336
400 1336
399 1336
398 1336
397 1336
396 1336
395 1337
394 1337
393 1337
392 1337
391 1337
390 1337
389 1337
388 1337
387 1337
386 1337
385 1337
384 1337
383 1337
382 1337
381 1337
380 1337
379 1337
378 1337
377 1337
376 1337
375 1337
374 1337
373 1337
372 1338
371 1338
370 1338
369 1338
368 1338
367 1338
366 1338
365 1338
364 1338
363 1338
362 1338
361 1338
360 1338
359 1338
358 1338
357 1338
356 1338
355 1338
354 1338
353 1338
352 1338
351 1338
350 1338
349 1338
348 1338
347 1338
346 1338
345 1338
344 1338
343 1338
342 1338
341 1338
340 1338
339 1339
338 1339
337 1339
336 1339
335 1339
334 1339
333 1339
332 1339
331 1339
330 1340
329 1340
328 1340
327 1340
326 1340
325 1340
324 1340
323 1340
322 1340
321 1340
320 1340
319 1340
318 1340
317 1341
316 1341
315 1341
314 1341
313 1341
312 1341
311 1341
310 1341
309 1341
308 1341
307 1341
306 1341
305 1341
304 1341
303 1341
302 1341
301 1341
300 1341
299 1341
298 1341
297 1341
296 1341
295 1341
294 1341
293 1340
292 1340
291 1340
290 1340
289 1340
288 1340
287 1340
286 1340
285 1340
284 1340
283 1340
282 1340
281 1340
280 1340
279 1340
278 1340
277 1340
276 1340
275 1340
274 1340
273 1340
272 1340
271 1340
270 1340
269 1340
268 1340
267 1340
266 1340
265 1339
264 1339
263 1339
262 1339
261 1339
260 1339
259 1339
258 1339
257 1339
256 1339
255 1339
254 1339
253 1339
252 1339
251 1339
250 1339
249 1339
248 1339
247 1339
246 1340
245 1340
244 1340
243 1340
242 1340
241 1340
240 1340
239 1340
238 1340
237 1340
236 1340
235 1339
234 1339
233 1339
232 1339
231 1339
230 1339
229 1339
228 1339
227 1339
226 1339
225 1339
224 1339
223 1339
222 1340
221 1340
220 1340
219 1340
218 1340
217 1340
216 1340
215 1340
214 1340
213 1340
212 1340
211 1340
210 1340
209 1340
208 1340
207 1340
206 1340
205 1340
204 1340
203 1340
202 1340
201 1340
200 1340
199 1340
198 1340
197 1340
196 1340
195 1340
194 1340
193 1340
192 1340
191 1340
190 1340
189 1340
188 1340
187 1340
186 1340
185 1340
184 1340
183 1340
182 1340
181 1340
180 1340
179 1339
178 1339
177 1339
176 1339
175 1339
174 1339
173 1339
172 1339
171 1338
170 1338
169 1338
168 1338
167 1338
166 1338
165 1338
164 1339
163 1339
162 1339
161 1339
160 1338
159 1338
158 1338
157 1338
156 1338
155 1338
154 1338
153 1338
152 1338
151 1338
150 1338
149 1338
148 1338
147 1338
146 1338
145 1338
144 1338
143 1338
142 1338
141 1338
140 1338
139 1339
138 1339
137 1339
136 1339
135 1339
134 1339
133 1339
132 1339
131 1339
130 1339
129 1339
128 1339
127 1339
126 1339
125 1339
124 1340
123 1340
122 1340
121 1340
120 1340
119 1340
118 1340
117 1340
116 1341
115 1341
114 1341
113 1341
112 1341
111 1341
110 1341
109 1341
108 1341
107 1341
106 1342
105 1342
104 1342
103 1342
102 1342
101 1342
100 1342
99 1342
98 1342
97 1342
96 1342
95 1342
94 1342
93 1342
92 1343
91 1343
90 1343
89 1343
88 1343
87 1343
86 1343
85 1343
84 1343
83 1344
82 1344
81 1344
80 1344
79 1345
78 1345
77 1345
76 1345
75 1345
74 1345
73 1346
72 1346
71 1346
70 1346
69 1346
68 1346
67 1346
66 1346
65 1346
64 1346
63 1346
62 1345
61 1345
60 1345
59 1345
58 1344
57 1344
56 1344
55 1344
54 1344
53 1344
52 1344
51 1344
50 1344
49 1344
48 1344
47 1344
46 1344
45 1344
44 1344
43 1345
42 1345
41 1345
40 1345
39 1345
38 1345
37 1345
36 1345
35 1345
34 1346
33 1346
32 1346
31 1346
30 1346
29 1346
28 1346
27 1346
26 1346
25 1346
24 1347
23 1347
22 1347
21 1347
20 1347
19 1347
18 1347
17 1348
16 1349
16 1350
15 1351
15 1352
14 1353
14 1354
14 1355
14 1356
14 1357
15 1358
15 1359
15 1360
16 1361
16 1362
17 1363
18 1364
18 1365
18 1366
19 1367
20 1368
21 1369
22 1370
23 1371
24 1372
24 1373
25 1374
25 1375
25 1376
26 1377
26 1378
26 1379
27 1380
27 1381
28 1382
28 1383
28 1384
28 1385
28 1386
29 1387
29 1388
29 1389
30 1390
30 1391
30 1392
31 1393
31 1394
32 1395
33 1396
34 1397
35 1397
36 1398
37 1398
38 1399
39 1399
40 1400
41 1400
42 1400
43 1401
44 1401
45 1401
46 1401
47 1401
48 1401
49 1402
50 1402
51 1402
52 1402
53 1402
54 1402
55 1402
56 1403
57 1403
58 1403
59 1403
60 1403
61 1403
62 1403
63 1403
64 1404
65 1404
66 1404
67 1404
68 1404
69 1404
70 1404
71 1404
72 1404
73 1404
74 1404
75 1404
76 1404
77 1404
78 1404
79 1404
80 1404
81 1405
82 1405
83 1405
84 1405
85 1405
86 1405
87 1405
88 1405
89 1405
90 1405
91 1404
92 1404
93 1404
94 1404
95 1404
96 1404
97 1404
98 1404
99 1405
100 1405
101 1405
102 1405
103 1405
104 1405
105 1405
106 1405
107 1405
108 1405
109 1405
110 1405
111 1405
112 1405
113 1405
114 1405
115 1405
116 1405
117 1405
118 1405
119 1405
120 1405
121 1405
122 1405
123 1405
124 1406
125 1406
126 1406
127 1406
128 1406
129 1406
130 1406
131 1407
132 1407
133 1407
134 1407
135 1408
136 1408
137 1408
138 1408
139 1409
140 1410
141 1410
142 1410
143 1410
144 1410
145 1410
146 1411
147 1411
148 1410
149 1410
150 1410
151 1410
152 1410
153 1410
154 1410
155 1410
156 1410
157 1410
158 1410
159 1410
160 1410
161 1410
162 1411
163 1411
164 1411
165 1411
166 1411
167 1411
168 1412
169 1412
170 1412
171 1412
172 1412
173 1411
174 1411
175 1411
176 1411
177 1411
178 1410
179 1410
180 1410
181 1410
182 1411
183 1410
184 1410
185 1410
186 1410
187 1410
188 1410
189 1409
190 1409
191 1409
192 1409
193 1408
194 1408
195 1408
196 1407
197 1407
198 1407
199 1407
200 1407
201 1407
202 1407
203 1407
204 1407
205 1407
206 1407
207 1407
208 1407
209 1406
210 1406
211 1406
212 1406
213 1406
214 1407
215 1407
216 1407
217 1407
218 1407
219 1408
220 1408
221 1408
222 1409
223 1409
224 1409
225 1409
226 1410
227 1410
228 1410
229 1410
230 1410
231 1410
232 1410
233 1410
234 1410
235 1410
236 1410
237 1410
238 1410
239 1410
240 1410
241 1410
242 1411
243 1410
244 1410
245 1410
246 1410
247 1411
248 1411
249 1410
250 1410
251 1410
252 1411
253 1410
254 1411
255 1411
256 1411
257 1411
258 1411
259 1411
260 1411
261 1411
262 1412
263 1412
264 1412
265 1412
266 1412
267 1412
268 1411
269 1411
270 1411
271 1411
272 1411
273 1410
274 1410
275 1410
276 1411
277 1411
278 1411
279 1411
280 1410
281 1410
282 1410
283 1410
284 1410
285 1410
286 1410
287 1410
288 1410
289 1411
290 1411
291 1411
292 1411
293 1411
294 1411
295 1411
296 1411
297 1411
298 1412
299 1412
300 1412
301 1412
302 1412
303 1412
304 1412
305 1412
306 1412
307 1412
308 1412
309 1412
310 1412
311 1412
312 1412
313 1412
314 1412
315 1412
316 1412
317 1412
318 1412
319 1413
320 1413
321 1413
322 1413
323 1413
324 1413
325 1413
326 1413
327 1413
328 1413
329 1413
330 1412
331 1412
332 1412
333 1412
334 1412
335 1412
336 1413
337 1413
338 1413
339 1413
340 1413
341 1413
342 1413
343 1413
344 1413
345 1413
346 1413
347 1413
348 1413
349 1413
350 1413
351 1413
352 1413
353 1413
354 1413
355 1413
356 1413
357 1413
358 1413
359 1413
360 1413
361 1413
362 1413
363 1413
364 1414
365 1414
366 1414
367 1414
368 1414
369 1414
370 1413
371 1413
372 1413
373 1413
374 1413
375 1413
376 1413
377 1413
378 1413
379 1413
380 1413
381 1413
382 1413
383 1413
384 1413
385 1413
386 1413
387 1413
388 1413
389 1413
390 1413
391 1413
392 1413
393 1413
394 1413
395 1413
396 1413
397 1413
398 1413
399 1413
400 1414
401 1414
402 1414
403 1414
404 1414
405 1414
406 1414
407 1414
408 1414
409 1414
410 1415
411 1415
412 1415
413 1414
414 1414
415 1414
416 1414
417 1414
418 1414
419 1414
420 1414
421 1414
422 1414
423 1414
424 1414
425 1414
426 1414
427 1414
428 1414
429 1414
430 1414
431 1414
432 1414
433 1414
434 1414
435 1414
436 1414
437 1414
438 1414
439 1414
440 1414
441 1414
442 1414
443 1414
444 1414
445 1414
446 1414
447 1414
448 1414
449 1414
450 1414
451 1414
452 1414
453 1414
454 1414
455 1414
456 1414
457 1414
458 1414
459 1414
460 1414
461 1414
462 1414
463 1414
464 1414
465 1414
466 1414
467 1414
468 1414
469 1414
470 1414
471 1414
472 1414
473 1414
474 1414
475 1414
476 1414
477 1414
478 1414
479 1414
480 1414
481 1414
482 1414
483 1414
484 1414
485 1414
486 1414
487 1414
488 1414
489 1415
490 1415
491 1415
492 1415
493 1415
494 1415
495 1415
496 1415
497 1415
498 1415
499 1415
500 1415
501 1415
502 1415
503 1415
504 1415
505 1415
506 1416
507 1416
508 1416
509 1416
510 1416
511 1416
512 1416
513 1416
514 1416
515 1416
516 1416
517 1416
518 1416
519 1416
520 1416
521 1416
522 1416
523 1416
524 1416
525 1416
526 1416
527 1416
528 1416
529 1416
530 1416
531 1416
532 1416
533 1416
534 1416
535 1416
536 1416
537 1416
538 1416
539 1416
540 1416
541 1416
542 1416
543 1417
544 1417
545 1417
546 1417
547 1417
548 1417
549 1417
550 1417
551 1417
552 1417
553 1417
554 1417
555 1417
556 1417
557 1417
558 1417
559 1417
560 1417
561 1417
562 1417
563 1417
564 1417
565 1417
566 1417
567 1417
568 1417
569 1417
570 1417
571 1417
572 1417
573 1417
574 1417
575 1417
576 1416
577 1416
578 1416
579 1416
580 1416
581 1415
582 1415
583 1415
584 1415
585 1415
586 1415
587 1415
588 1414
589 1414
590 1414
591 1414
592 1414
593 1414
594 1414
595 1413
596 1413
597 1413
598 1413
599 1412
600 1412
601 1412
602 1411
603 1410
604 1410
605 1409
606 1409
607 1408
608 1407
609 1407
610 1406
611 1406
612 1405
613 1405
614 1404
615 1404
616 1403
617 1403
618 1402
619 1401
620 1401
621 1400
622 1399
623 1399
624 1398
625 1397
626 1396
627 1396
628 1395
629 1394
630 1393
631 1392
632 1391
632 1390
633 1389
634 1388
635 1387
635 1386
636 1385
636 1384
637 1383
637 1382
638 1381
638 1380
639 1379
639 1378
639 1377
639 1376
640 1375
640 1374
640 1373
641 1372
641 1371
641 1370
641 1369
640 1368
640 1367
640 1366
639 1365
638 1364
637 1363
636 1362
635 1361
634 1360
633 1359
632 1359
631 1359
630 1358
629 1358
628 1357
627 1356
626 1356
625 1356
624 1355
623 1355
622 1355
621 1354
620 1354
619 1354
618 1353
617 1353
616 1352
615 1352
614 1352
613 1351
612 1351
611 1351
610 1351
609 1350
608 1350
607 1349
606 1349
605 1348
605 1347
604 1346
603 1346
602 1345
601 1345
600 1345
599 1344
598 1344
597 1343
596 1342
595 1341
595 1340
595 1339
595 1338
595 1337
595 1336
595 1335
594 1334
594 1333
593 1332
592 1331
591 1330
590 1330
589 1329
588 1329
587 1329
586 1329
