267 1480
266 1481
265 1481
264 1481
263 1481
262 1482
261 1482
260 1482
259 1482
258 1482
257 1482
256 1482
255 1482
254 1483
253 1483
252 1483
251 1483
250 1483
249 1483
248 1483
247 1483
246 1483
245 1483
244 1483
243 1483
242 1483
241 1483
240 1483
239 1483
238 1483
237 1482
236 1482
235 1482
234 1482
233 1482
232 1482
231 1482
230 1482
229 1482
228 1482
227 1482
226 1482
225 1482
224 1483
223 1483
222 1483
221 1484
220 1484
219 1485
218 1485
217 1486
216 1487
215 1488
214 1488
213 1489
212 1489
211 1490
210 1490
209 1491
208 1491
207 1491
206 1492
205 1492
204 1492
203 1493
202 1493
201 1493
200 1493
199 1494
198 1494
197 1494
196 1494
195 1495
194 1495
193 1495
192 1495
191 1495
190 1495
189 1495
188 1495
187 1495
186 1495
185 1495
184 1495
183 1496
182 1496
181 1496
180 1496
179 1496
178 1497
177 1497
176 1497
175 1498
174 1498
173 1498
172 1499
171 1499
170 1499
169 1499
168 1499
167 1499
166 1499
165 1500
164 1500
163 1500
162 1500
161 1500
160 1500
159 1500
158 1500
157 1500
156 1500
155 1500
154 1500
153 1500
152 1500
151 1500
150 1500
149 1500
148 1500
147 1500
146 1500
145 1500
144 1499
143 1499
142 1499
141 1499
140 1499
139 1499
138 1500
137 1500
136 1500
135 1500
134 1500
133 1501
132 1501
131 1501
130 1501
129 1501
128 1501
127 1501
126 1502
125 1502
124 1502
123 1502
122 1503
121 1503
120 1503
119 1504
118 1504
117 1504
116 1504
115 1504
114 1505
113 1505
112 1505
111 1505
110 1505
109 1505
108 1505
107 1506
106 1506
105 1506
104 1506
103 1506
102 1507
101 1507
100 1507
99 1507
98 1508
97 1508
96 1508
95 1509
94 1509
93 1509
92 1509
91 1509
90 1509
89 1509
88 1509
87 1509
86 1509
85 1509
84 1509
83 1509
82 1509
81 1509
80 1510
79 1510
78 1510
77 1511
76 1511
75 1512
74 1512
73 1513
72 1513
71 1513
70 1513
69 1513
68 1513
67 1514
66 1514
65 1514
64 1514
63 1515
62 1515
61 1515
60 1516
59 1516
58 1516
57 1516
56 1516
55 1517
54 1517
53 1518
52 1518
51 1519
50 1519
49 1520
48 1520
47 1520
46 1520
45 1521
44 1521
43 1521
42 1522
41 1522
40 1523
39 1523
38 1524
37 1525
36 1525
35 1526
34 1526
33 1527
32 1527
31 1527
30 1528
29 1528
28 1529
27 1529
26 1530
25 1530
24 1531
23 1531
22 1532
21 1533
20 1534
20 1535
20 1536
20 1537
20 1538
21 1539
21 1540
21 1541
21 1542
21 1543
21 1544
22 1545
22 1546
22 1547
22 1548
23 1549
23 1550
24 1551
25 1551
26 1552
27 1552
28 1553
29 1553
30 1554
31 1554
32 1554
33 1554
34 1555
35 1555
36 1555
37 1555
38 1555
39 1555
40 1555
41 1556
42 1556
43 1556
44 1556
45 1555
46 1555
47 1555
48 1555
49 1555
50 1555
51 1554
52 1554
53 1554
54 1553
55 1552
56 1552
57 1552
58 1551
59 1551
60 1551
61 1551
62 1551
63 1551
64 1551
65 1551
66 1551
67 1551
68 1552
69 1552
70 1552
71 1552
72 1552
73 1552
74 1552
75 1552
76 1552
77 1552
78 1553
79 1553
80 1553
81 1553
82 1553
83 1553
84 1553
85 1553
86 1553
87 1553
88 1553
89 1553
90 1553
91 1553
92 1553
93 1553
94 1553
95 1553
96 1553
97 1554
98 1554
99 1554
100 1554
101 1554
102 1555
103 1555
104 1556
105 1557
106 1557
107 1558
108 1558
109 1558
110 1559
111 1559
112 1559
113 1560
114 1560
115 1560
116 1560
117 1561
118 1561
119 1561
120 1561
121 1561
122 1562
123 1562
124 1563
125 1563
126 1564
127 1564
128 1565
129 1565
130 1566
131 1567
132 1568
133 1568
134 1569
135 1570
136 1571
137 1571
138 1572
139 1572
140 1572
141 1573
142 1573
143 1573
144 1573
145 1574
146 1574
147 1574
148 1574
149 1574
150 1574
151 1574
152 1574
153 1574
154 1574
155 1574
156 1574
157 1574
158 1574
159 1574
160 1574
161 1574
162 1573
163 1573
164 1573
165 1573
166 1573
167 1573
168 1573
169 1573
170 1573
171 1573
172 1573
173 1573
174 1573
175 1573
176 1574
177 1574
178 1574
179 1574
180 1574
181 1574
182 1574
183 1574
184 1574
185 1575
186 1575
187 1575
188 1575
189 1575
190 1575
191 1575
192 1575
193 1575
194 1575
195 1575
196 1575
197 1576
198 1576
199 1576
200 1576
201 1577
202 1577
203 1578
204 1578
205 1578
206 1579
207 1579
208 1579
209 1580
210 1580
211 1581
212 1581
213 1581
214 1581
215 1581
216 1582
217 1582
218 1582
219 1583
220 1583
221 1584
222 1584
223 1584
224 1585
225 1585
226 1586
227 1586
228 1587
229 1587
230 1588
231 1588
232 1589
233 1589
234 1590
235 1591
236 1591
237 1592
238 1592
239 1593
240 1594
241 1594
242 1595
243 1595
244 1596
245 1596
246 1596
247 1597
248 1597
249 1598
250 1599
251 1599
252 1600
253 1600
254 1600
255 1601
256 1601
257 1601
258 1601
259 1601
260 1602
261 1602
262 1602
263 1602
264 1602
265 1602
266 1602
267 1602
268 1602
269 1602
270 1602
271 1602
272 1602
273 1603
274 1603
275 1603
276 1603
277 1603
278 1603
279 1603
280 1604
281 1604
282 1604
283 1605
284 1605
285 1606
286 1606
287 1606
288 1607
289 1607
290 1607
291 1607
292 1607
293 1608
294 1608
295 1608
296 1608
297 1609
298 1609
299 1609
300 1610
301 1611
302 1611
303 1612
304 1612
305 1613
306 1613
307 1614
308 1614
309 1614
310 1614
311 1614
312 1614
313 1613
314 1613
315 1613
316 1613
317 1613
318 1613
319 1613
320 1613
321 1613
322 1613
323 1613
324 1613
325 1613
326 1613
327 1614
328 1614
329 1614
330 1614
331 1614
332 1614
333 1614
334 1614
335 1614
336 1613
337 1613
338 1613
339 1612
340 1612
341 1612
342 1612
343 1611
344 1611
345 1611
346 1611
347 1610
348 1610
349 1610
350 1609
351 1609
352 1609
353 1608
354 1608
355 1607
356 1607
357 1607
358 1607
359 1606
360 1606
361 1606
362 1605
363 1605
364 1604
365 1604
366 1604
367 1603
368 1603
369 1603
370 1603
371 1602
372 1602
373 1602
374 1602
375 1602
376 1602
377 1602
378 1602
379 1602
380 1601
381 1601
382 1601
383 1601
384 1601
385 1601
386 1600
387 1600
388 1600
389 1600
390 1600
391 1600
392 1600
393 1600
394 1601
395 1601
396 1601
397 1602
398 1602
399 1602
400 1603
401 1604
402 1604
403 1605
404 1605
405 1605
406 1606
407 1606
408 1606
409 1607
410 1607
411 1607
412 1608
413 1608
414 1608
415 1608
416 1608
417 1608
418 1608
419 1607
420 1607
421 1607
422 1607
423 1607
424 1607
425 1607
426 1607
427 1607
428 1607
429 1607
430 1607
431 1607
432 1607
433 1607
434 1607
435 1607
436 1607
437 1607
438 1607
439 1607
440 1607
441 1607
442 1607
443 1607
444 1607
445 1607
446 1607
447 1607
448 1608
449 1608
450 1608
451 1609
452 1609
453 1609
454 1609
455 1610
456 1610
457 1611
458 1611
459 1611
460 1611
461 1612
462 1612
463 1612
464 1613
465 1613
466 1613
467 1614
468 1614
469 1614
470 1614
471 1614
472 1615
473 1615
474 1615
475 1615
476 1615
477 1615
478 1615
479 1615
480 1615
481 1615
482 1615
483 1615
484 1615
485 1615
486 1615
487 1615
488 1614
489 1614
490 1614
491 1614
492 1614
493 1613
494 1613
495 1613
496 1613
497 1612
498 1612
499 1612
500 1611
501 1611
502 1611
503 1610
504 1610
505 1610
506 1610
507 1610
508 1609
509 1609
510 1609
511 1609
512 1609
513 1609
514 1609
515 1609
516 1609
517 1609
518 1610
519 1610
520 1610
521 1610
522 1610
523 1609
524 1609
525 1609
526 1609
527 1609
528 1609
529 1609
530 1609
531 1609
532 1609
533 1609
534 1609
535 1609
536 1609
537 1609
538 1609
539 1609
540 1609
541 1609
542 1609
543 1610
544 1610
545 1610
546 1609
547 1609
548 1609
549 1609
550 1609
551 1609
552 1609
553 1608
554 1608
555 1607
556 1607
557 1607
558 1606
559 1606
560 1605
561 1605
562 1605
563 1605
564 1604
565 1604
566 1604
567 1604
568 1604
569 1604
570 1604
571 1604
572 1604
573 1604
574 1604
575 1604
576 1604
577 1603
578 1603
579 1603
580 1603
581 1602
582 1602
583 1602
584 1601
585 1601
586 1600
587 1599
588 1599
589 1598
590 1598
591 1598
592 1597
593 1597
594 1597
595 1596
596 1596
597 1596
598 1596
599 1595
600 1595
601 1595
602 1594
603 1594
604 1594
605 1593
606 1593
607 1592
608 1592
608 1591
609 1590
610 1589
611 1588
612 1587
613 1586
614 1585
615 1584
616 1583
617 1582
618 1582
619 1581
620 1580
620 1579
621 1578
621 1577
622 1576
623 1575
624 1574
625 1573
626 1572
627 1571
628 1570
629 1569
630 1568
630 1567
631 1566
632 1565
633 1564
634 1563
635 1562
636 1561
637 1560
638 1559
639 1558
640 1557
641 1556
642 1555
643 1554
644 1553
645 1552
645 1551
646 1550
646 1549
646 1548
647 1547
647 1546
647 1545
647 1544
647 1543
647 1542
647 1541
647 1540
647 1539
647 1538
646 1537
646 1536
646 1535
646 1534
646 1533
646 1532
646 1531
646 1530
646 1529
646 1528
646 1527
646 1526
646 1525
646 1524
647 1523
646 1522
646 1521
645 1520
644 1519
643 1518
642 1517
641 1516
640 1516
639 1515
638 1514
637 1513
636 1513
635 1512
634 1512
633 1512
632 1511
631 1511
630 1511
629 1511
628 1511
627 1511
626 1511
625 1511
624 1511
623 1511
622 1511
621 1511
620 1510
619 1510
618 1510
617 1509
616 1509
615 1509
614 1509
613 1509
612 1509
611 1509
610 1509
609 1509
608 1509
607 1509
606 1509
605 1509
604 1509
603 1509
602 1509
601 1509
600 1509
599 1509
598 1509
597 1509
596 1509
595 1509
594 1508
593 1508
592 1508
591 1508
590 1508
589 1508
588 1507
587 1507
586 1507
585 1507
584 1506
583 1506
582 1506
581 1506
580 1506
579 1506
578 1506
577 1506
576 1505
575 1505
574 1505
573 1505
572 1505
571 1504
570 1504
569 1504
568 1504
567 1504
566 1504
565 1503
564 1503
563 1503
562 1503
561 1503
560 1503
559 1503
558 1502
557 1502
556 1501
555 1501
554 1501
553 1500
552 1500
551 1500
550 1500
549 1500
548 1500
547 1500
546 1500
545 1500
544 1500
543 1500
542 1500
541 1500
540 1500
539 1500
538 1500
537 1499
536 1499
535 1498
534 1498
533 1498
532 1497
531 1497
530 1497
529 1496
528 1496
527 1496
526 1496
525 1496
524 1496
523 1496
522 1495
521 1495
520 1495
519 1494
518 1494
517 1493
516 1493
515 1492
514 1492
513 1492
512 1492
511 1492
510 1491
509 1491
508 1491
507 1491
506 1491
505 1491
504 1491
503 1491
502 1491
501 1491
500 1491
499 1490
498 1490
497 1490
496 1489
495 1489
494 1489
493 1488
492 1488
491 1488
490 1488
489 1488
488 1487
487 1487
486 1487
485 1487
484 1487
483 1487
482 1487
481 1487
480 1487
479 1487
478 1487
477 1487
476 1487
475 1487
474 1487
473 1487
472 1487
471 1487
470 1486
469 1486
468 1486
467 1486
466 1486
465 1486
464 1486
463 1486
462 1486
461 1486
460 1486
459 1486
458 1486
457 1486
456 1486
455 1486
454 1486
453 1486
452 1486
451 1486
450 1485
449 1485
448 1485
447 1485
446 1485
445 1485
444 1485
443 1485
442 1485
441 1485
440 1485
439 1485
438 1485
437 1485
436 1485
435 1485
434 1485
433 1485
432 1485
431 1485
430 1485
429 1485
428 1485
427 1485
426 1485
425 1485
424 1485
423 1485
422 1485
421 1485
420 1484
419 1484
418 1484
417 1484
416 1484
415 1484
414 1484
413 1484
412 1484
411 1484
410 1484
409 1484
408 1484
407 1484
406 1484
405 1484
404 1484
403 1484
402 1484
401 1484
400 1484
399 1484
398 1484
397 1484
396 1484
395 1484
394 1484
393 1484
392 1484
391 1484
390 1484
389 1484
388 1484
387 1484
386 1484
385 1484
384 1484
383 1484
382 1484
381 1484
380 1484
379 1484
378 1484
377 1484
376 1484
375 1484
374 1484
373 1484
372 1484
371 1484
370 1484
369 1484
368 1484
367 1484
366 1484
365 1484
364 1484
363 1484
362 1484
361 1484
360 1483
359 1483
358 1483
357 1483
356 1483
355 1483
354 1483
353 1483
352 1483
351 1483
350 1483
349 1483
348 1483
347 1483
346 1482
345 1482
344 1482
343 1482
342 1482
341 1482
340 1482
339 1482
338 1482
337 1482
336 1482
335 1482
334 1482
333 1482
332 1482
331 1482
330 1481
329 1481
328 1481
327 1481
326 1482
325 1482
324 1482
323 1482
322 1482
321 1482
320 1482
319 1482
318 1482
317 1482
316 1482
315 1482
314 1482
313 1482
312 1481
311 1481
310 1481
309 1481
308 1480
307 1480
306 1480
305 1480
304 1480
303 1480
302 1480
301 1480
300 1480
299 1481
298 1481
297 1481
296 1481
295 1481
294 1481
293 1481
292 1481
291 1481
290 1481
289 1481
288 1481
287 1481
286 1481
285 1481
284 1481
283 1480
282 1480
281 1480
280 1480
279 1480
278 1480
277 1480
276 1480
275 1480
274 1480
273 1480
272 1480
271 1480
270 1480
269 1480
268 1480
267 1480
