543 1646
542 1647
541 1647
540 1648
539 1648
538 1648
537 1649
536 1649
535 1649
534 1649
533 1649
532 1649
531 1649
530 1650
529 1650
528 1650
527 1650
526 1650
525 1650
524 1650
523 1650
522 1650
521 1650
520 1651
519 1651
518 1651
517 1651
516 1651
515 1652
514 1652
513 1652
512 1652
511 1652
510 1652
509 1652
508 1652
507 1652
506 1652
505 1652
504 1652
503 1652
502 1653
501 1653
500 1653
499 1653
498 1653
497 1653
496 1654
495 1654
494 1654
493 1654
492 1654
491 1654
490 1654
489 1654
488 1654
487 1654
486 1654
485 1654
484 1654
483 1654
482 1654
481 1655
480 1655
479 1655
478 1655
477 1655
476 1655
475 1655
474 1655
473 1655
472 1655
471 1655
470 1655
469 1655
468 1655
467 1655
466 1655
465 1655
464 1655
463 1655
462 1655
461 1656
460 1656
459 1656
458 1657
457 1657
456 1657
455 1657
454 1657
453 1658
452 1658
451 1658
450 1658
449 1659
448 1659
447 1659
446 1659
445 1660
444 1660
443 1660
442 1660
441 1660
440 1660
439 1660
438 1660
437 1660
436 1660
435 1660
434 1660
433 1660
432 1660
431 1660
430 1660
429 1660
428 1660
427 1659
426 1659
425 1659
424 1659
423 1660
422 1660
421 1660
420 1660
419 1660
418 1660
417 1661
416 1661
415 1661
414 1661
413 1661
412 1662
411 1662
410 1662
409 1662
408 1662
407 1662
406 1662
405 1663
404 1663
403 1663
402 1663
401 1663
400 1663
399 1663
398 1663
397 1663
396 1664
395 1664
394 1664
393 1664
392 1664
391 1664
390 1664
389 1664
388 1664
387 1664
386 1665
385 1665
384 1665
383 1665
382 1665
381 1665
380 1665
379 1666
378 1666
377 1666
376 1666
375 1666
374 1666
373 1666
372 1666
371 1666
370 1666
369 1666
368 1666
367 1666
366 1666
365 1666
364 1666
363 1666
362 1666
361 1665
360 1665
359 1665
358 1665
357 1665
356 1665
355 1665
354 1665
353 1666
352 1666
351 1667
350 1667
349 1667
348 1668
347 1668
346 1668
345 1668
344 1669
343 1669
342 1669
341 1670
340 1670
339 1670
338 1670
337 1670
336 1670
335 1670
334 1670
333 1671
332 1671
331 1671
330 1671
329 1672
328 1672
327 1672
326 1672
325 1672
324 1672
323 1672
322 1672
321 1672
320 1672
319 1672
318 1672
317 1673
316 1673
315 1673
314 1673
313 1673
312 1673
311 1673
310 1673
309 1673
308 1673
307 1673
306 1673
305 1673
304 1673
303 1674
302 1674
301 1674
300 1674
299 1674
298 1675
297 1674
296 1674
295 1674
294 1674
293 1674
292 1674
291 1674
290 1674
289 1675
288 1675
287 1675
286 1675
285 1675
284 1676
283 1676
282 1676
281 1676
280 1676
279 1676
278 1676
277 1676
276 1677
275 1677
274 1677
273 1677
272 1677
271 1677
270 1677
269 1677
268 1677
267 1677
266 1677
265 1677
264 1677
263 1677
262 1677
261 1677
260 1677
259 1677
258 1677
257 1677
256 1677
255 1677
254 1677
253 1677
252 1677
251 1677
250 1677
249 1677
248 1677
247 1677
246 1677
245 1677
244 1677
243 1677
242 1677
241 1677
240 1677
239 1677
238 1677
237 1677
236 1677
235 1677
234 1677
233 1677
232 1677
231 1677
230 1677
229 1677
228 1677
227 1677
226 1677
225 1677
224 1677
223 1678
222 1678
221 1678
220 1678
219 1678
218 1678
217 1678
216 1678
215 1679
214 1679
213 1679
212 1679
211 1679
210 1679
209 1679
208 1679
207 1679
206 1679
205 1679
204 1679
203 1679
202 1679
201 1679
200 1679
199 1679
198 1679
197 1680
196 1680
195 1680
194 1680
193 1680
192 1680
191 1680
190 1680
189 1680
188 1680
187 1680
186 1680
185 1681
184 1681
183 1681
182 1681
181 1681
180 1681
179 1681
178 1681
177 1681
176 1681
175 1681
174 1681
173 1682
172 1682
171 1683
170 1683
169 1683
168 1683
167 1683
166 1683
165 1683
164 1683
163 1683
162 1683
161 1683
160 1683
159 1683
158 1683
157 1683
156 1683
155 1684
154 1684
153 1685
152 1685
151 1685
150 1686
149 1686
148 1686
147 1686
146 1686
145 1686
144 1686
143 1686
142 1686
141 1686
140 1686
139 1686
138 1686
137 1686
136 1686
135 1686
134 1686
133 1686
132 1686
131 1686
130 1686
129 1686
128 1686
127 1686
126 1686
125 1685
124 1685
123 1685
122 1685
121 1685
120 1685
119 1684
118 1684
117 1684
116 1684
115 1684
114 1684
113 1684
112 1684
111 1683
110 1683
109 1683
108 1683
107 1683
106 1683
105 1683
104 1683
103 1683
102 1683
101 1682
100 1682
99 1682
98 1682
97 1682
96 1682
95 1682
94 1682
93 1682
92 1682
91 1682
90 1682
89 1682
88 1682
87 1682
86 1682
85 1682
84 1682
83 1682
82 1682
81 1682
80 1682
79 1682
78 1682
77 1682
76 1682
75 1682
74 1681
73 1681
72 1681
71 1681
70 1681
69 1681
68 1681
67 1681
66 1681
65 1681
64 1682
63 1682
62 1682
61 1683
60 1683
59 1683
58 1683
57 1684
56 1684
55 1684
54 1684
53 1685
52 1685
51 1685
50 1685
49 1685
48 1686
47 1686
46 1686
45 1686
44 1686
43 1686
42 1687
41 1687
40 1687
39 1687
38 1687
37 1687
36 1687
35 1687
34 1687
33 1688
32 1688
31 1688
30 1689
29 1689
28 1689
27 1690
26 1690
25 1690
24 1691
23 1691
22 1692
21 1693
20 1694
20 1695
19 1696
19 1697
19 1698
19 1699
19 1700
19 1701
19 1702
19 1703
19 1704
19 1705
19 1706
20 1707
20 1708
20 1709
20 1710
20 1711
20 1712
20 1713
20 1714
21 1715
21 1716
21 1717
22 1718
23 1719
24 1720
25 1720
26 1721
27 1721
28 1722
29 1722
30 1722
31 1722
32 1723
33 1723
34 1723
35 1724
36 1724
37 1724
38 1724
39 1724
40 1724
41 1724
42 1725
43 1726
44 1727
45 1727
46 1728
47 1729
48 1730
49 1731
50 1732
51 1733
52 1734
53 1735
54 1736
55 1737
56 1738
57 1739
58 1740
59 1741
60 1742
61 1743
62 1744
62 1745
63 1746
63 1747
64 1748
65 1749
66 1750
66 1751
67 1752
68 1753
69 1754
70 1755
71 1756
72 1757
73 1758
74 1758
75 1758
76 1758
77 1759
78 1760
79 1761
80 1762
80 1763
81 1764
81 1765
81 1766
82 1767
83 1768
84 1769
85 1770
86 1771
87 1772
88 1773
89 1774
90 1775
90 1776
91 1777
92 1778
92 1779
93 1780
94 1781
94 1782
94 1783
95 1784
96 1785
97 1786
98 1787
99 1787
100 1788
101 1788
102 1788
103 1789
104 1789
105 1789
106 1790
107 1790
108 1790
109 1791
110 1791
111 1792
112 1792
113 1792
114 1793
115 1794
116 1794
117 1795
118 1796
119 1796
120 1796
121 1797
122 1797
123 1798
124 1798
125 1798
126 1799
127 1799
128 1800
129 1800
130 1801
131 1801
132 1801
133 1801
134 1801
135 1801
136 1801
137 1801
138 1801
139 1801
140 1801
141 1801
142 1801
143 1801
144 1801
145 1801
146 1801
147 1801
148 1801
149 1801
150 1801
151 1802
152 1802
153 1802
154 1802
155 1802
156 1803
157 1803
158 1803
159 1803
160 1804
161 1804
162 1804
163 1805
164 1805
165 1805
166 1805
167 1805
168 1806
169 1806
170 1806
171 1806
172 1807
173 1807
174 1807
175 1807
176 1807
177 1807
178 1806
179 1806
180 1806
181 1806
182 1806
183 1806
184 1807
185 1807
186 1807
187 1807
188 1807
189 1807
190 1807
191 1807
192 1807
193 1807
194 1807
195 1807
196 1807
197 1807
198 1807
199 1807
200 1807
201 1807
202 1808
203 1808
204 1808
205 1808
206 1809
207 1809
208 1809
209 1810
210 1810
211 1810
212 1810
213 1810
214 1810
215 1810
216 1810
217 1810
218 1810
219 1810
220 1810
221 1811
222 1811
223 1811
224 1811
225 1812
226 1812
227 1812
228 1813
229 1813
230 1813
231 1814
232 1814
233 1814
234 1814
235 1814
236 1814
237 1815
238 1815
239 1815
240 1815
241 1815
242 1815
243 1815
244 1815
245 1816
246 1816
247 1816
248 1816
249 1817
250 1817
251 1817
252 1818
253 1818
254 1818
255 1818
256 1818
257 1818
258 1818
259 1818
260 1818
261 1818
262 1818
263 1818
264 1818
265 1818
266 1818
267 1818
268 1817
269 1817
270 1817
271 1817
272 1817
273 1817
274 1817
275 1817
276 1817
277 1817
278 1817
279 1817
280 1817
281 1817
282 1817
283 1817
284 1817
285 1817
286 1817
287 1818
288 1818
289 1818
290 1818
291 1818
292 1818
293 1818
294 1818
295 1818
296 1819
297 1819
298 1819
299 1819
300 1819
301 1819
302 1819
303 1819
304 1819
305 1819
306 1819
307 1819
308 1819
309 1819
310 1819
311 1819
312 1819
313 1820
314 1820
315 1820
316 1820
317 1820
318 1821
319 1821
320 1821
321 1821
322 1821
323 1821
324 1821
325 1821
326 1821
327 1822
328 1822
329 1822
330 1823
331 1823
332 1824
333 1824
334 1824
335 1825
336 1825
337 1825
338 1826
339 1826
340 1826
341 1826
342 1826
343 1826
344 1826
345 1826
346 1826
347 1825
348 1825
349 1825
350 1824
351 1824
352 1824
353 1824
354 1823
355 1823
356 1823
357 1822
358 1822
359 1822
360 1822
361 1822
362 1822
363 1821
364 1821
365 1821
366 1821
367 1821
368 1821
369 1821
370 1821
371 1821
372 1821
373 1821
374 1821
375 1821
376 1821
377 1821
378 1821
379 1821
380 1821
381 1821
382 1821
383 1821
384 1821
385 1820
386 1820
387 1820
388 1820
389 1820
390 1820
391 1820
392 1819
393 1819
394 1819
395 1819
396 1819
397 1819
398 1819
399 1819
400 1818
401 1818
402 1818
403 1818
404 1818
405 1818
406 1818
407 1817
408 1817
409 1817
410 1817
411 1817
412 1817
413 1817
414 1816
415 1816
416 1816
417 1816
418 1816
419 1816
420 1816
421 1816
422 1816
423 1816
424 1816
425 1815
426 1815
427 1815
428 1815
429 1814
430 1814
431 1814
432 1814
433 1814
434 1813
435 1813
436 1813
437 1812
438 1812
439 1812
440 1812
441 1811
442 1811
443 1811
444 1810
445 1810
446 1810
447 1810
448 1810
449 1810
450 1810
451 1810
452 1809
453 1809
454 1809
455 1808
456 1808
457 1808
458 1808
459 1808
460 1808
461 1808
462 1808
463 1808
464 1808
465 1808
466 1808
467 1808
468 1808
469 1808
470 1808
471 1807
472 1807
473 1807
474 1807
475 1806
476 1806
477 1806
478 1805
479 1805
480 1805
481 1805
482 1804
483 1804
484 1804
485 1804
486 1804
487 1803
488 1803
489 1803
490 1803
491 1802
492 1802
493 1801
494 1801
495 1801
496 1801
497 1800
498 1800
499 1800
500 1800
501 1800
502 1800
503 1800
504 1800
505 1800
506 1800
507 1800
508 1800
509 1800
510 1800
511 1800
512 1800
513 1800
514 1800
515 1799
516 1799
517 1799
518 1798
519 1798
520 1798
521 1797
522 1797
523 1797
524 1796
525 1796
526 1796
527 1795
528 1795
529 1795
530 1795
531 1795
532 1795
533 1795
534 1795
535 1795
536 1795
537 1795
538 1795
539 1796
540 1796
541 1796
542 1796
543 1796
544 1796
545 1795
546 1795
547 1795
548 1794
549 1794
550 1793
551 1792
552 1792
553 1791
554 1791
555 1791
556 1791
557 1791
558 1791
559 1790
560 1790
561 1790
562 1790
563 1790
564 1790
565 1789
566 1789
567 1789
568 1789
569 1789
570 1789
571 1789
572 1789
573 1789
574 1789
575 1790
576 1790
577 1790
578 1790
579 1790
580 1790
581 1790
582 1790
583 1790
584 1789
585 1789
586 1788
587 1788
588 1788
589 1788
590 1787
591 1787
592 1787
593 1787
594 1786
595 1786
596 1785
597 1785
598 1784
599 1783
600 1783
601 1782
602 1782
603 1781
604 1781
605 1780
606 1780
607 1779
608 1778
609 1778
610 1778
611 1777
612 1777
613 1776
614 1776
615 1776
616 1776
617 1775
618 1775
619 1775
620 1775
621 1774
622 1774
623 1774
624 1774
625 1773
626 1773
627 1773
628 1772
629 1772
630 1771
631 1771
632 1771
633 1770
634 1770
635 1769
636 1768
637 1767
638 1766
639 1766
640 1765
641 1764
641 1763
642 1762
643 1761
644 1760
644 1759
645 1758
645 1757
645 1756
645 1755
645 1754
645 1753
645 1752
645 1751
644 1750
644 1749
644 1748
644 1747
644 1746
644 1745
644 1744
643 1743
643 1742
643 1741
643 1740
643 1739
643 1738
643 1737
643 1736
643 1735
643 1734
643 1733
643 1732
643 1731
643 1730
643 1729
643 1728
643 1727
643 1726
643 1725
643 1724
643 1723
643 1722
643 1721
643 1720
643 1719
643 1718
643 1717
642 1716
642 1715
642 1714
642 1713
642 1712
642 1711
642 1710
641 1709
641 1708
640 1707
640 1706
639 1705
639 1704
638 1703
637 1702
637 1701
636 1700
636 1699
635 1698
635 1697
634 1696
633 1695
633 1694
632 1693
631 1692
631 1691
630 1690
629 1689
629 1688
628 1687
628 1686
627 1685
626 1684
626 1683
625 1682
624 1681
623 1680
623 1679
623 1678
622 1677
622 1676
621 1675
621 1674
621 1673
620 1672
620 1671
619 1670
619 1669
618 1668
618 1667
617 1666
617 1665
616 1664
616 1663
615 1662
615 1661
614 1660
614 1659
613 1658
613 1657
613 1656
612 1655
611 1654
610 1653
609 1653
608 1652
607 1651
606 1651
605 1651
604 1650
603 1650
602 1650
601 1650
600 1649
599 1649
598 1649
597 1649
596 1649
595 1649
594 1649
593 1649
592 1649
591 1649
590 1649
589 1649
588 1649
587 1649
586 1648
585 1648
584 1648
583 1648
582 1648
581 1647
580 1647
579 1647
578 1647
577 1646
576 1646
575 1646
574 1646
573 1646
572 1646
571 1646
570 1646
569 1646
568 1646
567 1646
566 1646
565 1647
564 1647
563 1647
562 1647
561 1647
560 1647
559 1647
558 1647
557 1646
556 1646
555 1646
554 1646
553 1646
552 1646
551 1646
550 1646
549 1646
548 1646
547 1646
546 1646
545 1646
544 1646
543 1646
