497 1851
496 1852
495 1852
494 1852
493 1852
492 1852
491 1852
490 1852
489 1852
488 1852
487 1852
486 1852
485 1852
484 1852
483 1852
482 1852
481 1852
480 1852
479 1852
478 1852
477 1852
476 1852
475 1852
474 1852
473 1852
472 1852
471 1852
470 1853
469 1853
468 1853
467 1853
466 1853
465 1853
464 1853
463 1853
462 1853
461 1853
460 1853
459 1853
458 1853
457 1853
456 1853
455 1853
454 1853
453 1853
452 1853
451 1853
450 1853
449 1853
448 1853
447 1853
446 1853
445 1853
444 1853
443 1853
442 1853
441 1853
440 1853
439 1853
438 1854
437 1854
436 1854
435 1854
434 1854
433 1854
432 1854
431 1854
430 1854
429 1854
428 1854
427 1854
426 1854
425 1854
424 1854
423 1854
422 1854
421 1854
420 1854
419 1854
418 1854
417 1855
416 1855
415 1855
414 1855
413 1855
412 1855
411 1855
410 1855
409 1855
408 1855
407 1855
406 1855
405 1855
404 1855
403 1855
402 1855
401 1855
400 1855
399 1855
398 1855
397 1855
396 1855
395 1856
394 1856
393 1856
392 1856
391 1856
390 1856
389 1857
388 1857
387 1857
386 1857
385 1857
384 1857
383 1857
382 1857
381 1857
380 1857
379 1857
378 1857
377 1857
376 1857
375 1857
374 1857
373 1857
372 1857
371 1857
370 1857
369 1857
368 1857
367 1857
366 1857
365 1857
364 1857
363 1857
362 1857
361 1857
360 1857
359 1857
358 1857
357 1857
356 1857
355 1857
354 1857
353 1857
352 1858
351 1858
350 1859
349 1859
348 1859
347 1859
346 1860
345 1860
344 1860
343 1860
342 1861
341 1860
340 1860
339 1860
338 1860
337 1860
336 1861
335 1861
334 1861
333 1861
332 1862
331 1862
330 1862
329 1862
328 1862
327 1862
326 1862
325 1862
324 1863
323 1863
322 1863
321 1863
320 1862
319 1862
318 1862
317 1862
316 1862
315 1862
314 1862
313 1862
312 1862
311 1862
310 1862
309 1862
308 1862
307 1863
306 1863
305 1863
304 1863
303 1863
302 1864
301 1864
300 1864
299 1864
298 1865
297 1865
296 1865
295 1865
294 1865
293 1865
292 1866
291 1866
290 1866
289 1867
288 1867
287 1867
286 1867
285 1867
284 1868
283 1868
282 1868
281 1868
280 1868
279 1868
278 1868
277 1868
276 1868
275 1869
274 1869
273 1869
272 1869
271 1869
270 1869
269 1870
268 1870
267 1870
266 1871
265 1871
264 1871
263 1871
262 1872
261 1872
260 1872
259 1872
258 1872
257 1873
256 1873
255 1873
254 1873
253 1874
252 1874
251 1874
250 1874
249 1875
248 1875
247 1875
246 1876
245 1876
244 1876
243 1876
242 1877
241 1877
240 1877
239 1877
238 1878
237 1878
236 1878
235 1878
234 1878
233 1879
232 1879
231 1879
230 1879
229 1880
228 1880
227 1880
226 1881
225 1881
224 1881
223 1882
222 1882
221 1882
220 1883
219 1883
218 1883
217 1883
216 1884
215 1884
214 1885
213 1885
212 1886
211 1886
210 1887
209 1887
208 1888
207 1888
206 1889
205 1889
204 1890
203 1891
202 1891
201 1892
200 1892
199 1893
198 1893
197 1894
196 1894
195 1895
194 1895
193 1896
192 1896
191 1897
190 1897
189 1898
188 1898
187 1899
186 1899
185 1900
184 1900
183 1900
182 1901
181 1901
180 1902
179 1902
178 1902
177 1903
176 1903
175 1903
174 1904
173 1904
172 1904
171 1905
170 1905
169 1906
168 1906
167 1906
166 1907
165 1907
164 1908
163 1908
162 1909
161 1909
160 1909
159 1910
158 1910
157 1910
156 1911
155 1911
154 1911
153 1912
152 1912
151 1912
150 1913
149 1913
148 1913
147 1914
146 1914
145 1914
144 1915
143 1915
142 1916
141 1916
140 1916
139 1917
138 1917
137 1918
136 1918
135 1918
134 1919
133 1919
132 1919
131 1920
130 1920
129 1921
128 1921
127 1922
126 1922
125 1922
124 1923
123 1923
122 1924
121 1924
120 1924
119 1924
118 1925
117 1925
116 1926
115 1926
114 1926
113 1927
112 1927
111 1927
110 1928
109 1928
108 1929
107 1929
106 1929
105 1930
104 1930
103 1931
102 1931
101 1932
100 1932
99 1933
98 1933
97 1934
96 1934
95 1935
94 1935
93 1936
92 1936
91 1937
90 1937
89 1938
88 1938
87 1939
86 1939
85 1940
84 1940
83 1941
82 1942
81 1942
80 1943
79 1943
78 1944
77 1944
76 1945
75 1946
74 1946
73 1947
72 1947
71 1948
70 1948
69 1949
68 1950
67 1950
66 1951
65 1952
64 1952
63 1953
62 1953
61 1954
60 1955
59 1955
58 1956
57 1956
56 1957
55 1957
54 1958
53 1959
52 1959
51 1960
50 1961
49 1961
48 1962
47 1962
46 1963
45 1964
44 1965
43 1965
42 1966
41 1967
40 1968
39 1968
38 1969
37 1970
36 1970
35 1971
34 1972
33 1972
32 1973
31 1974
30 1975
29 1975
28 1976
27 1977
26 1978
25 1978
24 1979
23 1980
22 1981
21 1981
20 1982
19 1983
18 1983
17 1984
16 1985
15 1986
14 1986
13 1987
12 1988
11 1989
11 1990
12 1991
12 1992
13 1993
14 1994
15 1995
16 1996
17 1997
18 1998
19 1999
20 1999
21 2000
22 2000
23 2001
24 2002
25 2002
26 2003
27 2003
28 2004
29 2004
30 2005
31 2005
32 2006
33 2006
34 2007
35 2007
36 2008
37 2008
38 2009
39 2009
40 2010
41 2010
42 2011
43 2011
44 2012
45 2012
46 2013
47 2014
48 2014
49 2015
50 2015
51 2016
52 2016
53 2017
54 2017
55 2017
56 2017
57 2018
58 2018
59 2018
60 2018
61 2018
62 2018
63 2018
64 2018
65 2018
66 2018
67 2018
68 2018
69 2018
70 2018
71 2018
72 2018
73 2018
74 2018
75 2018
76 2018
77 2018
78 2018
79 2018
80 2018
81 2018
82 2018
83 2019
84 2019
85 2019
86 2020
87 2020
88 2020
89 2021
90 2021
91 2021
92 2022
93 2022
94 2022
95 2022
96 2022
97 2023
98 2023
99 2023
100 2023
101 2023
102 2023
103 2023
104 2024
105 2024
106 2024
107 2025
108 2025
109 2025
110 2026
111 2026
112 2026
113 2027
114 2027
115 2027
116 2027
117 2027
118 2027
119 2027
120 2027
121 2027
122 2027
123 2027
124 2027
125 2027
126 2027
127 2028
128 2028
129 2028
130 2028
131 2028
132 2029
133 2029
134 2030
135 2030
136 2030
137 2030
138 2030
139 2031
140 2031
141 2032
142 2032
143 2032
144 2032
145 2032
146 2033
147 2033
148 2033
149 2033
150 2033
151 2033
152 2033
153 2033
154 2033
155 2033
156 2033
157 2033
158 2033
159 2033
160 2033
161 2033
162 2033
163 2033
164 2033
165 2033
166 2033
167 2033
168 2033
169 2033
170 2033
171 2033
172 2033
173 2033
174 2033
175 2033
176 2033
177 2033
178 2033
179 2033
180 2033
181 2033
182 2033
183 2034
184 2034
185 2034
186 2034
187 2034
188 2034
189 2034
190 2034
191 2034
192 2034
193 2034
194 2035
195 2035
196 2035
197 2035
198 2035
199 2035
200 2035
201 2035
202 2035
203 2035
204 2035
205 2035
206 2035
207 2035
208 2035
209 2035
210 2035
211 2035
212 2035
213 2035
214 2034
215 2034
216 2034
217 2034
218 2035
219 2035
220 2035
221 2035
222 2035
223 2035
224 2035
225 2035
226 2035
227 2035
228 2036
229 2036
230 2036
231 2036
232 2036
233 2036
234 2036
235 2036
236 2036
237 2036
238 2036
239 2036
240 2036
241 2036
242 2036
243 2036
244 2037
245 2037
246 2037
247 2037
248 2037
249 2038
250 2038
251 2038
252 2038
253 2038
254 2038
255 2038
256 2038
257 2038
258 2038
259 2038
260 2038
261 2037
262 2037
263 2037
264 2037
265 2037
266 2037
267 2037
268 2037
269 2037
270 2037
271 2037
272 2037
273 2037
274 2037
275 2037
276 2037
277 2038
278 2038
279 2038
280 2038
281 2038
282 2038
283 2038
284 2038
285 2038
286 2038
287 2038
288 2037
289 2037
290 2037
291 2037
292 2037
293 2037
294 2037
295 2037
296 2037
297 2037
298 2037
299 2037
300 2037
301 2037
302 2037
303 2037
304 2037
305 2037
306 2037
307 2037
308 2036
309 2036
310 2036
311 2036
312 2036
313 2036
314 2036
315 2036
316 2036
317 2036
318 2036
319 2036
320 2036
321 2036
322 2036
323 2037
324 2037
325 2037
326 2037
327 2037
328 2037
329 2037
330 2037
331 2037
332 2037
333 2037
334 2037
335 2037
336 2037
337 2037
338 2038
339 2038
340 2038
341 2038
342 2038
343 2038
344 2038
345 2038
346 2038
347 2038
348 2038
349 2038
350 2038
351 2038
352 2038
353 2038
354 2038
355 2038
356 2038
357 2038
358 2038
359 2038
360 2038
361 2038
362 2038
363 2038
364 2038
365 2038
366 2038
367 2038
368 2038
369 2038
370 2038
371 2038
372 2038
373 2038
374 2038
375 2038
376 2038
377 2038
378 2038
379 2038
380 2038
381 2038
382 2038
383 2037
384 2037
385 2037
386 2038
387 2038
388 2038
389 2038
390 2038
391 2038
392 2038
393 2038
394 2038
395 2039
396 2039
397 2039
398 2039
399 2039
400 2039
401 2039
402 2039
403 2039
404 2039
405 2038
406 2038
407 2038
408 2038
409 2038
410 2038
411 2038
412 2038
413 2038
414 2038
415 2038
416 2038
417 2038
418 2038
419 2038
420 2038
421 2038
422 2038
423 2038
424 2038
425 2038
426 2039
427 2039
428 2039
429 2039
430 2039
431 2039
432 2040
433 2040
434 2040
435 2040
436 2040
437 2040
438 2040
439 2040
440 2041
441 2041
442 2041
443 2040
444 2040
445 2040
446 2040
447 2040
448 2040
449 2040
450 2040
451 2040
452 2040
453 2040
454 2040
455 2040
456 2040
457 2040
458 2040
459 2041
460 2041
461 2041
462 2041
463 2041
464 2041
465 2041
466 2041
467 2041
468 2041
469 2041
470 2041
471 2041
472 2041
473 2041
474 2041
475 2041
476 2041
477 2041
478 2041
479 2041
480 2041
481 2041
482 2041
483 2042
484 2042
485 2042
486 2042
487 2042
488 2043
489 2043
490 2043
491 2043
492 2043
493 2044
494 2044
495 2044
496 2044
497 2045
498 2045
499 2045
500 2045
501 2045
502 2045
503 2045
504 2045
505 2046
506 2046
507 2046
508 2046
509 2046
510 2046
511 2046
512 2046
513 2046
514 2046
515 2046
516 2046
517 2046
518 2046
519 2046
520 2046
521 2046
522 2046
523 2046
524 2046
525 2047
526 2047
527 2047
528 2047
529 2047
530 2047
531 2047
532 2047
533 2047
534 2048
535 2048
536 2048
537 2048
538 2048
539 2048
540 2048
541 2048
542 2047
543 2047
544 2047
545 2047
546 2047
547 2047
548 2047
549 2046
550 2046
551 2046
552 2046
553 2046
554 2046
555 2046
556 2046
557 2046
558 2046
559 2046
560 2046
561 2046
562 2046
563 2046
564 2047
565 2047
566 2047
567 2048
568 2048
569 2048
570 2048
571 2049
572 2049
573 2049
574 2049
575 2049
576 2049
577 2049
578 2049
579 2049
580 2049
581 2049
582 2049
583 2049
584 2049
585 2050
586 2050
587 2050
588 2050
589 2050
590 2050
591 2050
592 2050
593 2050
594 2050
595 2051
596 2051
597 2051
598 2051
599 2051
600 2051
601 2051
602 2051
603 2051
604 2050
605 2050
606 2049
607 2048
607 2047
608 2046
608 2045
609 2044
610 2043
611 2042
611 2041
612 2040
612 2039
613 2038
614 2037
614 2036
615 2035
616 2034
616 2033
617 2032
617 2031
618 2030
618 2029
619 2028
619 2027
619 2026
620 2025
620 2024
621 2023
621 2022
621 2021
621 2020
621 2019
621 2018
621 2017
622 2016
622 2015
622 2014
622 2013
622 2012
623 2011
623 2010
623 2009
623 2008
623 2007
623 2006
624 2005
624 2004
625 2003
626 2002
627 2001
628 2000
629 1999
630 1998
631 1997
632 1996
632 1995
633 1994
634 1993
634 1992
635 1991
635 1990
635 1989
635 1988
635 1987
635 1986
636 1985
636 1984
636 1983
637 1982
637 1981
637 1980
638 1979
638 1978
638 1977
638 1976
638 1975
638 1974
638 1973
638 1972
638 1971
638 1970
638 1969
637 1968
637 1967
637 1966
637 1965
637 1964
636 1963
636 1962
636 1961
636 1960
636 1959
635 1958
635 1957
635 1956
635 1955
634 1954
634 1953
634 1952
633 1951
633 1950
633 1949
633 1948
632 1947
632 1946
631 1945
631 1944
630 1943
630 1942
629 1941
629 1940
628 1939
628 1938
627 1937
627 1936
626 1935
626 1934
625 1933
625 1932
624 1931
623 1931
622 1931
621 1930
620 1929
619 1929
618 1928
617 1928
616 1927
615 1927
614 1926
613 1926
612 1925
611 1925
610 1924
609 1924
608 1923
607 1923
606 1922
605 1921
604 1920
603 1919
602 1919
601 1918
600 1917
599 1916
598 1915
597 1914
596 1914
595 1913
594 1912
593 1911
592 1910
591 1910
590 1909
589 1908
588 1908
587 1907
587 1906
586 1905
585 1904
584 1904
583 1903
582 1902
581 1901
580 1900
579 1899
579 1898
578 1897
577 1896
576 1895
575 1894
574 1893
574 1892
573 1891
572 1890
571 1889
570 1888
569 1887
568 1886
567 1885
566 1884
565 1883
564 1882
563 1881
563 1880
562 1879
561 1878
560 1877
559 1877
558 1876
557 1875
556 1874
555 1873
554 1872
553 1872
552 1871
551 1870
550 1869
549 1868
548 1867
547 1866
546 1866
545 1865
544 1864
543 1864
542 1863
541 1863
540 1862
539 1862
538 1861
537 1861
536 1860
535 1860
534 1860
533 1859
532 1859
531 1859
530 1858
529 1857
528 1857
527 1856
526 1856
525 1855
524 1855
523 1854
522 1854
521 1853
520 1853
519 1853
518 1852
517 1852
516 1852
515 1852
514 1851
513 1851
512 1851
511 1851
510 1851
509 1851
508 1851
507 1851
506 1851
505 1851
504 1851
503 1851
502 1851
501 1851
500 1851
499 1851
498 1851
497 1851
