501 2120
500 2121
499 2121
498 2121
497 2122
496 2122
495 2122
494 2123
493 2123
492 2123
491 2123
490 2123
489 2124
488 2124
487 2124
486 2124
485 2124
484 2124
483 2124
482 2124
481 2124
480 2124
479 2124
478 2124
477 2124
476 2124
475 2124
474 2123
473 2123
472 2123
471 2123
470 2123
469 2123
468 2123
467 2123
466 2123
465 2123
464 2123
463 2123
462 2123
461 2123
460 2123
459 2123
458 2124
457 2124
456 2124
455 2124
454 2124
453 2124
452 2125
451 2125
450 2125
449 2125
448 2125
447 2125
446 2125
445 2125
444 2126
443 2126
442 2126
441 2126
440 2126
439 2126
438 2126
437 2126
436 2126
435 2126
434 2127
433 2127
432 2127
431 2127
430 2127
429 2128
428 2128
427 2128
426 2128
425 2128
424 2129
423 2129
422 2129
421 2129
420 2129
419 2129
418 2129
417 2130
416 2130
415 2130
414 2130
413 2130
412 2130
411 2130
410 2130
409 2130
408 2130
407 2130
406 2130
405 2130
404 2130
403 2130
402 2130
401 2130
400 2130
399 2130
398 2130
397 2130
396 2130
395 2130
394 2130
393 2130
392 2130
391 2130
390 2131
389 2131
388 2131
387 2132
386 2132
385 2133
384 2134
383 2135
382 2136
381 2137
380 2138
380 2139
380 2140
380 2141
380 2142
379 2143
379 2144
379 2145
378 2146
378 2147
377 2148
376 2149
375 2150
374 2151
373 2152
372 2153
371 2154
370 2155
369 2156
368 2156
367 2157
366 2157
365 2158
364 2159
363 2159
362 2160
361 2160
360 2161
359 2161
358 2161
357 2161
356 2162
355 2162
354 2162
353 2162
352 2163
351 2163
350 2163
349 2163
348 2164
347 2164
346 2164
345 2165
344 2165
343 2165
342 2165
341 2166
340 2166
339 2166
338 2166
337 2166
336 2167
335 2167
334 2167
333 2167
332 2167
331 2167
330 2168
329 2168
328 2168
327 2168
326 2168
325 2168
324 2168
323 2168
322 2168
321 2168
320 2168
319 2168
318 2168
317 2168
316 2167
315 2167
314 2167
313 2167
312 2167
311 2167
310 2167
309 2167
308 2166
307 2166
306 2166
305 2165
304 2165
303 2165
302 2165
301 2164
300 2164
299 2164
298 2163
297 2163
296 2162
295 2162
294 2161
293 2161
292 2160
291 2160
290 2159
289 2158
288 2158
287 2157
286 2156
285 2156
284 2155
283 2154
282 2153
281 2152
280 2152
279 2151
278 2150
277 2149
276 2149
275 2148
274 2147
273 2146
272 2146
271 2145
270 2144
269 2144
268 2143
267 2142
266 2142
265 2142
264 2142
263 2142
262 2142
261 2142
260 2142
259 2142
258 2142
257 2142
256 2142
255 2142
254 2142
253 2142
252 2142
251 2142
250 2143
249 2143
248 2143
247 2143
246 2143
245 2143
244 2143
243 2143
242 2143
241 2143
240 2143
239 2143
238 2143
237 2143
236 2143
235 2143
234 2143
233 2144
232 2144
231 2144
230 2143
229 2143
228 2143
227 2143
226 2143
225 2143
224 2143
223 2143
222 2143
221 2143
220 2143
219 2143
218 2143
217 2143
216 2143
215 2144
214 2144
213 2144
212 2144
211 2144
210 2144
209 2144
208 2144
207 2144
206 2145
205 2145
204 2145
203 2146
202 2146
201 2146
200 2146
199 2147
198 2147
197 2147
196 2147
195 2147
194 2147
193 2147
192 2147
191 2147
190 2148
189 2148
188 2148
187 2148
186 2148
185 2148
184 2148
183 2149
182 2149
181 2149
180 2149
179 2150
178 2150
177 2150
176 2151
175 2151
174 2151
173 2151
172 2151
171 2151
170 2152
169 2152
168 2152
167 2152
166 2152
165 2153
164 2153
163 2153
162 2153
161 2153
160 2153
159 2154
158 2154
157 2154
156 2155
155 2155
154 2155
153 2155
152 2155
151 2155
150 2155
149 2155
148 2156
147 2156
146 2155
145 2156
144 2156
143 2156
142 2156
141 2156
140 2156
139 2157
138 2157
137 2157
136 2157
135 2157
134 2157
133 2158
132 2158
131 2158
130 2159
129 2159
128 2159
127 2159
126 2159
125 2160
124 2160
123 2160
122 2161
121 2161
120 2161
119 2161
118 2161
117 2161
116 2161
115 2162
114 2162
113 2162
112 2162
111 2162
110 2162
109 2163
108 2163
107 2163
106 2163
105 2163
104 2163
103 2164
102 2164
101 2164
100 2164
99 2164
98 2164
97 2165
96 2165
95 2165
94 2165
93 2165
92 2165
91 2165
90 2166
89 2166
88 2166
87 2166
86 2166
85 2166
84 2166
83 2166
82 2167
81 2167
80 2167
79 2167
78 2167
77 2167
76 2167
75 2167
74 2168
73 2168
72 2168
71 2168
70 2168
69 2168
68 2168
67 2169
66 2169
65 2169
64 2169
63 2169
62 2169
61 2169
60 2169
59 2169
58 2169
57 2169
56 2169
55 2170
54 2170
53 2170
52 2170
51 2171
50 2171
49 2171
48 2171
47 2172
46 2172
45 2172
44 2172
43 2173
42 2173
41 2173
40 2173
39 2173
38 2173
37 2173
36 2173
35 2173
34 2173
33 2174
32 2174
31 2174
30 2174
29 2174
28 2174
27 2174
26 2174
25 2175
24 2175
23 2175
22 2176
21 2176
20 2176
19 2176
18 2176
17 2177
16 2177
15 2178
14 2179
13 2180
13 2181
13 2182
13 2183
13 2184
12 2185
12 2186
12 2187
12 2188
12 2189
12 2190
12 2191
12 2192
13 2193
13 2194
14 2195
14 2196
15 2197
15 2198
16 2199
17 2200
18 2201
19 2201
20 2202
21 2202
22 2203
23 2203
24 2204
25 2204
26 2204
27 2204
28 2204
29 2205
30 2205
31 2205
32 2205
33 2205
34 2205
35 2205
36 2205
37 2205
38 2206
39 2206
40 2206
41 2206
42 2206
43 2207
44 2207
45 2208
46 2208
47 2208
48 2208
49 2208
50 2209
51 2209
52 2209
53 2210
54 2210
55 2210
56 2210
57 2211
58 2211
59 2212
60 2212
61 2212
62 2212
63 2213
64 2213
65 2213
66 2213
67 2214
68 2214
69 2214
70 2214
71 2214
72 2215
73 2215
74 2216
75 2217
76 2217
77 2218
78 2218
79 2219
80 2219
81 2219
82 2220
83 2220
84 2220
85 2221
85 2222
86 2223
87 2224
88 2224
89 2225
90 2225
91 2225
92 2226
93 2227
94 2227
95 2228
96 2229
97 2230
98 2230
99 2231
100 2231
101 2231
102 2231
103 2231
104 2231
105 2231
106 2231
107 2231
108 2232
109 2232
110 2232
111 2232
112 2233
113 2232
114 2233
115 2233
116 2233
117 2233
118 2233
119 2234
120 2234
121 2234
122 2234
123 2234
124 2234
125 2234
126 2234
127 2235
128 2235
129 2235
130 2235
131 2235
132 2235
133 2235
134 2235
135 2235
136 2235
137 2235
138 2235
139 2235
140 2235
141 2235
142 2235
143 2235
144 2236
145 2236
146 2236
147 2236
148 2237
149 2237
150 2237
151 2237
152 2238
153 2238
154 2238
155 2238
156 2239
157 2239
158 2239
159 2239
160 2239
161 2240
162 2240
163 2240
164 2240
165 2240
166 2239
167 2239
168 2239
169 2239
170 2239
171 2239
172 2239
173 2239
174 2239
175 2239
176 2239
177 2239
178 2239
179 2239
180 2239
181 2239
182 2239
183 2239
184 2239
185 2239
186 2240
187 2240
188 2240
189 2240
190 2241
191 2241
192 2241
193 2241
194 2241
195 2241
196 2241
197 2242
198 2242
199 2242
200 2242
201 2242
202 2243
203 2243
204 2243
205 2243
206 2244
207 2244
208 2244
209 2244
210 2245
211 2245
212 2245
213 2245
214 2245
215 2245
216 2245
217 2244
218 2244
219 2244
220 2244
221 2244
222 2244
223 2244
224 2244
225 2244
226 2244
227 2244
228 2244
229 2244
230 2245
231 2245
232 2245
233 2246
234 2246
235 2246
236 2247
237 2247
238 2247
239 2248
240 2248
241 2248
242 2249
243 2249
244 2250
245 2250
246 2250
247 2250
248 2250
249 2251
250 2251
251 2251
252 2251
253 2251
254 2251
255 2251
256 2251
257 2251
258 2251
259 2251
260 2251
261 2251
262 2251
263 2251
264 2251
265 2251
266 2251
267 2251
268 2251
269 2251
270 2251
271 2251
272 2252
273 2252
274 2252
275 2252
276 2252
277 2253
278 2253
279 2254
280 2254
281 2254
282 2255
283 2255
284 2255
285 2255
286 2255
287 2256
288 2256
289 2256
290 2256
291 2256
292 2256
293 2256
294 2256
295 2256
296 2256
297 2255
298 2255
299 2255
300 2255
301 2255
302 2255
303 2255
304 2255
305 2255
306 2255
307 2254
308 2254
309 2254
310 2254
311 2254
312 2254
313 2254
314 2254
315 2254
316 2254
317 2254
318 2254
319 2254
320 2254
321 2254
322 2254
323 2254
324 2254
325 2254
326 2254
327 2255
328 2255
329 2255
330 2255
331 2255
332 2256
333 2256
334 2256
335 2257
336 2257
337 2258
338 2258
339 2259
340 2259
341 2259
342 2260
343 2260
344 2260
345 2260
346 2260
347 2261
348 2261
349 2261
350 2261
351 2261
352 2261
353 2261
354 2261
355 2261
356 2261
357 2262
358 2262
359 2262
360 2262
361 2262
362 2262
363 2262
364 2263
365 2263
366 2263
367 2263
368 2263
369 2263
370 2264
371 2264
372 2264
373 2265
374 2265
375 2265
376 2266
377 2266
378 2267
379 2267
380 2268
381 2268
382 2268
383 2269
384 2269
385 2269
386 2269
387 2270
388 2270
389 2270
390 2270
391 2270
392 2270
393 2270
394 2270
395 2270
396 2270
397 2270
398 2270
399 2269
400 2269
401 2269
402 2269
403 2269
404 2269
405 2269
406 2269
407 2269
408 2269
409 2270
410 2270
411 2270
412 2270
413 2270
414 2270
415 2270
416 2271
417 2271
418 2271
419 2271
420 2271
421 2271
422 2271
423 2271
424 2271
425 2271
426 2270
427 2270
428 2270
429 2270
430 2269
431 2269
432 2269
433 2269
434 2268
435 2268
436 2268
437 2268
438 2267
439 2267
440 2267
441 2267
442 2267
443 2266
444 2266
445 2266
446 2265
447 2265
448 2265
449 2265
450 2265
451 2265
452 2265
453 2265
454 2265
455 2265
456 2265
457 2265
458 2264
459 2264
460 2264
461 2264
462 2264
463 2264
464 2264
465 2264
466 2264
467 2264
468 2264
469 2264
470 2263
471 2263
472 2263
473 2263
474 2263
475 2262
476 2262
477 2262
478 2261
479 2261
480 2261
481 2260
482 2260
483 2260
484 2259
485 2259
486 2259
487 2258
488 2258
489 2257
490 2257
491 2257
492 2257
493 2256
494 2256
495 2256
496 2255
497 2255
498 2255
499 2255
500 2255
501 2254
502 2254
503 2254
504 2254
505 2254
506 2254
507 2254
508 2253
509 2253
510 2252
511 2252
512 2252
513 2251
514 2251
515 2250
516 2250
517 2249
518 2249
519 2249
520 2249
521 2248
522 2248
523 2248
524 2247
525 2247
526 2247
527 2246
528 2246
529 2245
530 2244
531 2244
532 2243
533 2243
534 2243
535 2242
536 2242
537 2242
538 2241
539 2241
540 2241
541 2240
542 2240
543 2240
544 2239
545 2239
546 2239
547 2239
548 2239
549 2238
550 2238
551 2238
552 2238
553 2238
554 2238
555 2238
556 2237
557 2237
558 2237
559 2237
560 2237
561 2237
562 2237
563 2237
564 2237
565 2237
566 2237
567 2237
568 2237
569 2237
570 2237
571 2237
572 2236
573 2236
574 2236
575 2236
576 2235
577 2234
578 2234
579 2234
580 2233
581 2232
582 2231
583 2230
584 2229
585 2229
585 2228
586 2227
587 2226
588 2226
589 2225
590 2224
591 2223
592 2222
593 2221
594 2220
595 2219
596 2218
597 2217
598 2216
599 2216
600 2215
601 2214
602 2214
603 2213
604 2212
605 2212
606 2211
607 2210
608 2210
609 2209
610 2208
611 2208
612 2207
613 2207
614 2206
615 2206
616 2205
617 2205
618 2204
619 2203
620 2203
621 2202
622 2202
623 2201
624 2200
624 2199
625 2198
625 2197
626 2196
627 2195
628 2194
628 2193
629 2192
630 2191
630 2190
631 2189
632 2188
632 2187
633 2186
633 2185
634 2184
634 2183
635 2182
635 2181
636 2180
636 2179
637 2178
637 2177
638 2176
638 2175
638 2174
638 2173
638 2172
638 2171
638 2170
638 2169
637 2168
637 2167
637 2166
637 2165
636 2164
636 2163
636 2162
635 2161
635 2160
634 2159
633 2158
632 2157
631 2156
631 2155
630 2154
630 2153
629 2152
628 2151
627 2150
627 2149
626 2148
626 2147
625 2146
625 2145
624 2144
624 2143
624 2142
623 2141
623 2140
622 2139
622 2138
621 2137
621 2136
620 2135
620 2134
619 2133
618 2132
617 2131
616 2130
615 2129
614 2128
613 2128
612 2127
611 2127
610 2126
609 2126
608 2125
607 2125
606 2125
605 2124
604 2124
603 2124
602 2124
601 2124
600 2124
599 2124
598 2124
597 2124
596 2124
595 2124
594 2124
593 2124
592 2124
591 2124
590 2124
589 2124
588 2124
587 2124
586 2124
585 2125
584 2125
583 2125
582 2125
581 2125
580 2125
579 2125
578 2126
577 2126
576 2126
575 2126
574 2126
573 2126
572 2126
571 2126
570 2126
569 2126
568 2126
567 2126
566 2126
565 2126
564 2126
563 2126
562 2126
561 2126
560 2126
559 2126
558 2126
557 2126
556 2126
555 2126
554 2126
553 2126
552 2126
551 2126
550 2126
549 2126
548 2126
547 2126
546 2126
545 2125
544 2125
543 2125
542 2125
541 2125
540 2125
539 2125
538 2125
537 2125
536 2124
535 2123
534 2123
533 2123
532 2123
531 2122
530 2122
529 2122
528 2122
527 2122
526 2122
525 2122
524 2122
523 2121
522 2121
521 2121
520 2121
519 2121
518 2121
517 2121
516 2121
515 2121
514 2120
513 2120
512 2120
511 2120
510 2120
509 2120
508 2120
507 2120
506 2120
505 2120
504 2120
503 2120
502 2120
501 2120
