314 2325
313 2326
312 2326
311 2326
310 2326
309 2326
308 2326
307 2326
306 2326
305 2326
304 2326
303 2326
302 2326
301 2326
300 2326
299 2326
298 2326
297 2326
296 2326
295 2326
294 2326
293 2326
292 2326
291 2326
290 2326
289 2326
288 2326
287 2326
286 2326
285 2326
284 2326
283 2326
282 2326
281 2326
280 2326
279 2326
278 2326
277 2326
276 2327
275 2327
274 2327
273 2327
272 2327
271 2327
270 2327
269 2327
268 2327
267 2327
266 2327
265 2327
264 2327
263 2327
262 2327
261 2327
260 2327
259 2327
258 2327
257 2326
256 2326
255 2326
254 2326
253 2326
252 2326
251 2327
250 2327
249 2327
248 2327
247 2328
246 2328
245 2328
244 2328
243 2328
242 2328
241 2328
240 2328
239 2328
238 2328
237 2328
236 2329
235 2329
234 2329
233 2329
232 2329
231 2330
230 2330
229 2330
228 2330
227 2330
226 2330
225 2330
224 2330
223 2330
222 2330
221 2330
220 2330
219 2330
218 2330
217 2330
216 2330
215 2330
214 2330
213 2330
212 2331
211 2331
210 2331
209 2331
208 2332
207 2332
206 2332
205 2332
204 2332
203 2333
202 2333
201 2333
200 2333
199 2333
198 2334
197 2334
196 2334
195 2335
194 2335
193 2335
192 2335
191 2335
190 2335
189 2335
188 2335
187 2335
186 2335
185 2335
184 2335
183 2335
182 2335
181 2335
180 2335
179 2335
178 2335
177 2335
176 2335
175 2335
174 2335
173 2336
172 2336
171 2336
170 2336
169 2336
168 2336
167 2336
166 2336
165 2336
164 2336
163 2336
162 2337
161 2337
160 2338
159 2338
158 2338
157 2338
156 2338
155 2339
154 2339
153 2339
152 2339
151 2339
150 2340
149 2340
148 2340
147 2341
146 2341
145 2342
144 2342
143 2342
142 2342
141 2342
140 2342
139 2342
138 2342
137 2342
136 2342
135 2342
134 2342
133 2342
132 2342
131 2343
130 2343
129 2343
128 2343
127 2343
126 2344
125 2344
124 2344
123 2345
122 2345
121 2345
120 2346
119 2346
118 2346
117 2346
116 2346
115 2346
114 2346
113 2346
112 2346
111 2346
110 2346
109 2346
108 2346
107 2347
106 2347
105 2347
104 2347
103 2347
102 2347
101 2347
100 2347
99 2347
98 2347
97 2347
96 2347
95 2347
94 2347
93 2348
92 2348
91 2348
90 2348
89 2348
88 2348
87 2348
86 2349
85 2349
84 2349
83 2350
82 2350
81 2351
80 2352
79 2352
78 2352
77 2352
76 2353
75 2353
74 2353
73 2354
72 2354
71 2354
70 2354
69 2355
68 2355
67 2355
66 2355
65 2356
64 2356
63 2356
62 2356
61 2356
60 2356
59 2356
58 2356
57 2356
56 2356
55 2356
54 2356
53 2356
52 2356
51 2357
50 2357
49 2357
48 2358
47 2358
46 2358
45 2358
44 2359
43 2359
42 2359
41 2359
40 2359
39 2359
38 2360
37 2360
36 2360
35 2361
34 2361
33 2361
32 2362
31 2362
30 2362
29 2362
28 2362
27 2363
26 2363
25 2363
24 2364
23 2364
22 2365
21 2366
21 2367
20 2368
20 2369
20 2370
19 2371
19 2372
19 2373
19 2374
19 2375
19 2376
19 2377
19 2378
18 2379
18 2380
18 2381
18 2382
18 2383
18 2384
18 2385
18 2386
17 2387
17 2388
17 2389
17 2390
17 2391
17 2392
17 2393
16 2394
16 2395
16 2396
16 2397
16 2398
16 2399
16 2400
15 2401
15 2402
15 2403
15 2404
15 2405
16 2406
17 2407
18 2408
19 2409
20 2410
21 2410
22 2411
23 2411
24 2412
25 2412
26 2413
27 2413
28 2414
29 2414
30 2414
31 2415
32 2415
33 2416
34 2416
35 2416
36 2417
37 2417
38 2417
39 2418
40 2418
41 2418
42 2418
43 2419
44 2419
45 2419
46 2419
47 2419
48 2419
49 2419
50 2419
51 2419
52 2419
53 2419
54 2420
55 2420
56 2420
57 2421
58 2421
59 2421
60 2421
61 2422
62 2422
63 2422
64 2422
65 2423
66 2423
67 2423
68 2424
69 2424
70 2424
71 2425
72 2425
73 2425
74 2426
75 2426
76 2426
77 2427
78 2427
79 2427
80 2427
81 2427
82 2428
83 2428
84 2428
85 2428
86 2428
87 2429
88 2429
89 2429
90 2429
91 2430
92 2430
93 2430
94 2430
95 2430
96 2430
97 2430
98 2431
99 2431
100 2431
101 2431
102 2431
103 2432
104 2432
105 2432
106 2432
107 2433
108 2433
109 2433
110 2433
111 2434
112 2434
113 2434
114 2435
115 2435
116 2435
117 2435
118 2435
119 2436
120 2436
121 2436
122 2436
123 2436
124 2437
125 2437
126 2437
127 2437
128 2437
129 2437
130 2437
131 2437
132 2437
133 2437
134 2437
135 2437
136 2437
137 2437
138 2438
139 2438
140 2438
141 2438
142 2439
143 2439
144 2439
145 2439
146 2439
147 2440
148 2440
149 2440
150 2440
151 2440
152 2440
153 2441
154 2441
155 2441
156 2441
157 2441
158 2441
159 2442
160 2441
161 2442
162 2442
163 2442
164 2442
165 2442
166 2443
167 2443
168 2443
169 2443
170 2443
171 2444
172 2444
173 2444
174 2445
175 2445
176 2445
177 2445
178 2445
179 2445
180 2445
181 2445
182 2445
183 2446
184 2446
185 2446
186 2446
187 2446
188 2446
189 2446
190 2446
191 2446
192 2446
193 2447
194 2447
195 2447
196 2447
197 2447
198 2447
199 2448
200 2448
201 2448
202 2449
203 2449
204 2449
205 2449
206 2449
207 2450
208 2450
209 2450
210 2450
211 2450
212 2450
213 2450
214 2450
215 2450
216 2450
217 2450
218 2450
219 2450
220 2450
221 2450
222 2450
223 2450
224 2450
225 2451
226 2451
227 2451
228 2452
229 2452
230 2453
231 2453
232 2453
233 2453
234 2453
235 2453
236 2453
237 2453
238 2453
239 2453
240 2453
241 2453
242 2453
243 2453
244 2453
245 2453
246 2453
247 2453
248 2453
249 2453
250 2454
251 2454
252 2454
253 2454
254 2454
255 2455
256 2455
257 2455
258 2455
259 2455
260 2455
261 2455
262 2455
263 2455
264 2455
265 2455
266 2455
267 2455
268 2455
269 2455
270 2455
271 2455
272 2455
273 2456
274 2456
275 2456
276 2456
277 2456
278 2456
279 2457
280 2457
281 2457
282 2457
283 2457
284 2457
285 2458
286 2458
287 2458
288 2458
289 2457
290 2457
291 2457
292 2457
293 2457
294 2457
295 2457
296 2457
297 2457
298 2457
299 2457
300 2457
301 2457
302 2457
303 2457
304 2457
305 2457
306 2457
307 2457
308 2457
309 2457
310 2457
311 2457
312 2457
313 2457
314 2457
315 2457
316 2456
317 2456
318 2456
319 2456
320 2456
321 2456
322 2456
323 2456
324 2456
325 2456
326 2457
327 2457
328 2457
329 2457
330 2458
331 2458
332 2458
333 2458
334 2458
335 2458
336 2458
337 2458
338 2458
339 2458
340 2458
341 2458
342 2458
343 2458
344 2458
345 2458
346 2458
347 2458
348 2458
349 2458
350 2458
351 2458
352 2458
353 2458
354 2458
355 2458
356 2458
357 2458
358 2458
359 2458
360 2458
361 2458
362 2458
363 2457
364 2457
365 2457
366 2457
367 2457
368 2457
369 2457
370 2457
371 2457
372 2457
373 2457
374 2457
375 2457
376 2457
377 2458
378 2458
379 2458
380 2458
381 2458
382 2458
383 2458
384 2458
385 2457
386 2457
387 2457
388 2457
389 2457
390 2456
391 2457
392 2457
393 2457
394 2457
395 2457
396 2457
397 2457
398 2458
399 2458
400 2458
401 2458
402 2458
403 2458
404 2458
405 2458
406 2458
407 2457
408 2457
409 2457
410 2457
411 2457
412 2457
413 2457
414 2457
415 2457
416 2457
417 2457
418 2457
419 2457
420 2457
421 2456
422 2456
423 2456
424 2456
425 2456
426 2456
427 2457
428 2456
429 2456
430 2456
431 2456
432 2456
433 2456
434 2456
435 2456
436 2456
437 2456
438 2456
439 2455
440 2455
441 2455
442 2455
443 2455
444 2455
445 2455
446 2455
447 2455
448 2454
449 2454
450 2454
451 2454
452 2454
453 2454
454 2454
455 2454
456 2454
457 2453
458 2453
459 2453
460 2453
461 2453
462 2452
463 2452
464 2452
465 2451
466 2451
467 2451
468 2451
469 2451
470 2451
471 2450
472 2450
473 2450
474 2450
475 2450
476 2450
477 2450
478 2449
479 2449
480 2449
481 2449
482 2449
483 2449
484 2449
485 2449
486 2449
487 2449
488 2449
489 2449
490 2449
491 2449
492 2449
493 2449
494 2449
495 2449
496 2450
497 2450
498 2450
499 2450
500 2450
501 2450
502 2450
503 2449
504 2449
505 2449
506 2448
507 2448
508 2448
509 2447
510 2447
511 2446
512 2446
513 2446
514 2446
515 2445
516 2445
517 2445
518 2445
519 2445
520 2445
521 2445
522 2445
523 2445
524 2445
525 2444
526 2444
527 2444
528 2444
529 2444
530 2444
531 2444
532 2444
533 2444
534 2443
535 2443
536 2443
537 2443
538 2443
539 2443
540 2443
541 2443
542 2443
543 2443
544 2443
545 2442
546 2442
547 2442
548 2442
549 2442
550 2442
551 2441
552 2441
553 2441
554 2441
555 2441
556 2440
557 2440
558 2440
559 2439
560 2439
561 2439
562 2439
563 2438
564 2438
565 2438
566 2438
567 2437
568 2437
569 2437
570 2437
571 2436
572 2436
573 2436
574 2435
575 2435
576 2435
577 2434
578 2434
579 2434
580 2434
581 2434
582 2434
583 2434
584 2434
585 2433
586 2433
587 2433
588 2433
589 2433
590 2432
591 2432
592 2432
593 2431
594 2431
595 2431
596 2430
597 2430
598 2430
599 2429
600 2429
601 2429
602 2428
603 2428
604 2428
605 2427
606 2427
607 2427
608 2427
609 2426
610 2426
611 2426
612 2425
613 2425
614 2424
615 2424
616 2423
617 2423
618 2422
619 2422
620 2421
621 2421
622 2420
623 2419
624 2419
625 2418
626 2418
627 2417
628 2416
629 2416
630 2415
631 2414
632 2414
633 2413
634 2412
635 2411
636 2410
636 2409
637 2408
637 2407
637 2406
638 2405
638 2404
638 2403
638 2402
638 2401
638 2400
638 2399
638 2398
639 2397
639 2396
639 2395
639 2394
639 2393
639 2392
639 2391
639 2390
640 2389
640 2388
640 2387
640 2386
640 2385
640 2384
640 2383
640 2382
640 2381
641 2380
641 2379
641 2378
641 2377
641 2376
641 2375
641 2374
641 2373
641 2372
641 2371
642 2370
642 2369
642 2368
642 2367
642 2366
642 2365
641 2364
641 2363
641 2362
640 2361
640 2360
639 2359
638 2358
637 2358
636 2357
635 2357
634 2356
633 2356
632 2356
631 2356
630 2355
629 2355
628 2355
627 2355
626 2354
625 2353
624 2353
623 2352
622 2352
621 2351
620 2351
619 2350
618 2350
617 2349
616 2348
615 2348
614 2347
613 2347
612 2346
611 2345
610 2344
609 2343
608 2342
607 2342
606 2341
605 2340
604 2340
603 2340
602 2339
601 2339
600 2339
599 2338
598 2338
597 2337
596 2337
595 2337
594 2337
593 2337
592 2336
591 2336
590 2336
589 2336
588 2335
587 2335
586 2335
585 2335
584 2335
583 2335
582 2335
581 2335
580 2335
579 2335
578 2335
577 2335
576 2335
575 2335
574 2336
573 2336
572 2336
571 2336
570 2336
569 2337
568 2337
567 2337
566 2337
565 2337
564 2337
563 2337
562 2337
561 2336
560 2336
559 2336
558 2336
557 2336
556 2336
555 2336
554 2336
553 2336
552 2335
551 2335
550 2335
549 2335
548 2335
547 2335
546 2335
545 2334
544 2334
543 2334
542 2334
541 2334
540 2334
539 2334
538 2333
537 2333
536 2334
535 2333
534 2333
533 2333
532 2333
531 2333
530 2333
529 2332
528 2332
527 2332
526 2332
525 2332
524 2332
523 2331
522 2331
521 2331
520 2331
519 2331
518 2331
517 2331
516 2331
515 2331
514 2331
513 2331
512 2331
511 2331
510 2331
509 2331
508 2331
507 2331
506 2331
505 2331
504 2331
503 2331
502 2331
501 2331
500 2331
499 2331
498 2331
497 2331
496 2331
495 2331
494 2331
493 2331
492 2331
491 2331
490 2330
489 2330
488 2330
487 2330
486 2329
485 2329
484 2328
483 2328
482 2328
481 2328
480 2328
479 2328
478 2328
477 2328
476 2328
475 2328
474 2328
473 2328
472 2328
471 2328
470 2328
469 2328
468 2328
467 2328
466 2328
465 2328
464 2327
463 2327
462 2327
461 2327
460 2327
459 2327
458 2327
457 2327
456 2327
455 2326
454 2326
453 2326
452 2326
451 2326
450 2326
449 2326
448 2326
447 2326
446 2326
445 2326
444 2326
443 2326
442 2326
441 2326
440 2326
439 2326
438 2326
437 2326
436 2326
435 2326
434 2326
433 2326
432 2326
431 2326
430 2326
429 2326
428 2326
427 2326
426 2326
425 2326
424 2326
423 2326
422 2326
421 2326
420 2326
419 2326
418 2326
417 2326
416 2325
415 2325
414 2325
413 2325
412 2325
411 2325
410 2325
409 2325
408 2325
407 2325
406 2326
405 2326
404 2326
403 2326
402 2326
401 2326
400 2327
399 2327
398 2327
397 2327
396 2327
395 2327
394 2327
393 2327
392 2327
391 2327
390 2327
389 2327
388 2327
387 2327
386 2327
385 2326
384 2326
383 2326
382 2326
381 2326
380 2326
379 2326
378 2326
377 2326
376 2326
375 2326
374 2326
373 2326
372 2326
371 2326
370 2326
369 2326
368 2326
367 2326
366 2326
365 2326
364 2326
363 2326
362 2327
361 2327
360 2327
359 2327
358 2327
357 2327
356 2326
355 2326
354 2326
353 2326
352 2326
351 2326
350 2326
349 2326
348 2326
347 2326
346 2326
345 2326
344 2326
343 2326
342 2326
341 2326
340 2326
339 2326
338 2326
337 2326
336 2326
335 2326
334 2326
333 2326
332 2326
331 2326
330 2326
329 2326
328 2326
327 2326
326 2326
325 2326
324 2325
323 2325
322 2325
321 2325
320 2325
319 2325
318 2325
317 2325
316 2325
315 2325
314 2325
