336 24
335 25
334 25
333 25
332 25
331 25
330 25
329 25
328 25
327 25
326 25
325 25
324 25
323 25
322 25
321 25
320 25
319 25
318 25
317 25
316 25
315 25
314 25
313 25
312 25
311 25
310 25
309 25
308 25
307 26
306 26
305 26
304 26
303 26
302 26
301 26
300 26
299 26
298 27
297 27
296 27
295 27
294 27
293 27
292 28
291 28
290 28
289 28
288 28
287 29
286 29
285 30
284 31
283 32
282 33
281 33
280 34
279 34
278 35
277 35
276 36
275 36
274 37
273 37
272 37
271 37
270 37
269 37
268 37
267 37
266 37
265 37
264 37
263 37
262 37
261 37
260 37
259 37
258 37
257 37
256 37
255 37
254 37
253 38
252 38
251 38
250 38
249 38
248 38
247 38
246 38
245 38
244 38
243 38
242 38
241 38
240 38
239 38
238 38
237 38
236 39
235 39
234 39
233 39
232 39
231 39
230 40
229 40
228 40
227 40
226 40
225 40
224 40
223 40
222 40
221 40
220 41
219 41
218 41
217 41
216 41
215 41
214 41
213 41
212 42
211 42
210 42
209 42
208 42
207 42
206 42
205 42
204 42
203 42
202 42
201 42
200 42
199 42
198 42
197 42
196 42
195 42
194 42
193 42
192 41
191 41
190 41
189 41
188 41
187 41
186 41
185 41
184 41
183 41
182 41
181 41
180 41
179 41
178 41
177 41
176 41
175 42
174 42
173 42
172 42
171 42
170 43
169 43
168 44
167 44
166 45
165 46
164 46
163 47
162 48
161 48
160 49
160 50
159 51
158 52
157 53
157 54
156 55
155 56
154 57
154 58
153 59
152 60
151 61
150 62
149 63
148 64
147 65
146 66
145 67
144 68
143 68
142 69
141 70
140 71
139 71
138 72
137 72
136 72
135 73
134 73
133 73
132 73
131 74
130 74
129 74
128 74
127 75
126 75
125 76
124 76
123 76
122 77
121 77
120 78
119 78
118 79
117 79
116 80
115 80
114 81
113 82
112 82
111 82
110 83
109 83
108 83
107 84
106 84
105 84
104 85
103 85
102 85
101 86
100 86
99 86
98 86
97 87
96 87
95 87
94 88
93 88
92 88
91 88
90 88
89 89
88 89
87 89
86 89
85 89
84 90
83 90
82 90
81 90
80 90
79 91
78 91
77 91
76 92
75 92
74 92
73 93
72 93
71 93
70 94
69 94
68 94
67 94
66 94
65 95
64 95
63 95
62 96
61 96
60 96
59 96
58 96
57 96
56 97
55 97
54 97
53 98
52 98
51 98
50 99
49 100
48 100
47 100
46 101
45 101
44 102
43 102
42 102
41 103
40 103
39 103
38 103
37 104
36 104
35 104
34 104
33 105
32 105
31 106
30 106
29 106
28 107
27 107
26 108
25 109
24 110
23 111
22 112
22 113
22 114
21 115
21 116
21 117
22 118
22 119
22 120
22 121
22 122
22 123
22 124
22 125
22 126
22 127
23 128
23 129
23 130
23 131
24 132
25 133
26 134
27 134
28 135
29 135
30 136
31 136
32 137
33 138
34 138
35 139
36 140
37 141
38 142
39 143
40 143
41 144
42 144
43 145
44 146
45 146
46 147
47 147
48 147
49 148
50 148
51 149
52 149
53 150
54 150
55 151
56 151
57 152
58 152
59 152
60 153
61 153
62 154
63 154
64 154
65 154
66 154
67 154
68 154
69 154
70 154
71 154
72 154
73 154
74 154
75 154
76 153
77 153
78 153
79 153
80 153
81 153
82 153
83 153
84 152
85 152
86 152
87 152
88 152
89 152
90 152
91 152
92 152
93 152
94 152
95 152
96 151
97 151
98 151
99 151
100 151
101 151
102 151
103 151
104 151
105 151
106 151
107 151
108 151
109 152
110 152
111 152
112 151
113 151
114 151
115 151
116 151
117 151
118 151
119 151
120 151
121 151
122 151
123 151
124 151
125 151
126 151
127 151
128 151
129 151
130 150
131 150
132 150
133 150
134 150
135 150
136 150
137 150
138 150
139 150
140 150
141 150
142 150
143 150
144 149
145 149
146 149
147 149
148 149
149 148
150 148
151 148
152 148
153 148
154 147
155 147
156 147
157 147
158 147
159 146
160 146
161 146
162 146
163 147
164 147
165 147
166 147
167 147
168 147
169 147
170 147
171 147
172 147
173 147
174 147
175 147
176 147
177 147
178 146
179 146
180 146
181 146
182 146
183 145
184 145
185 145
186 145
187 145
188 145
189 146
190 146
191 146
192 146
193 146
194 146
195 147
196 147
197 147
198 147
199 147
200 147
201 147
202 147
203 147
204 147
205 147
206 147
207 147
208 147
209 147
210 147
211 147
212 147
213 147
214 147
215 147
216 147
217 147
218 147
219 148
220 148
221 148
222 148
223 148
224 148
225 148
226 149
227 149
228 149
229 149
230 149
231 149
232 149
233 149
234 149
235 149
236 150
237 150
238 150
239 151
240 151
241 151
242 151
243 152
244 152
245 152
246 152
247 152
248 152
249 152
250 152
251 152
252 152
253 152
254 152
255 151
256 151
257 151
258 151
259 151
260 152
261 152
262 152
263 152
264 152
265 152
266 152
267 152
268 152
269 152
270 152
271 151
272 151
273 151
274 151
275 151
276 151
277 151
278 151
279 151
280 151
281 151
282 151
283 151
284 151
285 151
286 151
287 151
288 151
289 151
290 151
291 151
292 151
293 151
294 150
295 150
296 150
297 150
298 151
299 151
300 151
301 151
302 151
303 151
304 151
305 151
306 151
307 151
308 151
309 151
310 151
311 151
312 151
313 151
314 151
315 151
316 151
317 151
318 152
319 152
320 152
321 152
322 152
323 152
324 152
325 151
326 151
327 151
328 151
329 151
330 151
331 151
332 151
333 151
334 151
335 151
336 151
337 151
338 151
339 151
340 151
341 151
342 151
343 151
344 151
345 151
346 151
347 151
348 151
349 151
350 151
351 150
352 150
353 150
354 149
355 150
356 150
357 149
358 149
359 149
360 149
361 149
362 149
363 149
364 149
365 150
366 150
367 150
368 150
369 151
370 151
371 151
372 151
373 151
374 151
375 151
376 151
377 151
378 151
379 151
380 151
381 151
382 151
383 151
384 151
385 151
386 151
387 151
388 151
389 151
390 151
391 151
392 151
393 152
394 152
395 152
396 152
397 152
398 152
399 153
400 153
401 153
402 153
403 153
404 153
405 154
406 154
407 154
408 154
409 154
410 154
411 155
412 155
413 155
414 155
415 155
416 156
417 156
418 156
419 156
420 156
421 156
422 156
423 156
424 156
425 156
426 156
427 156
428 156
429 155
430 155
431 155
432 155
433 155
434 155
435 155
436 155
437 155
438 155
439 154
440 154
441 154
442 154
443 154
444 154
445 153
446 153
447 153
448 153
449 153
450 153
451 153
452 153
453 153
454 153
455 153
456 153
457 153
458 153
459 153
460 153
461 153
462 153
463 153
464 153
465 153
466 153
467 153
468 153
469 153
470 153
471 153
472 153
473 154
474 154
475 154
476 154
477 154
478 154
479 154
480 154
481 155
482 155
483 155
484 155
485 155
486 155
487 155
488 155
489 155
490 156
491 156
492 156
493 156
494 156
495 156
496 156
497 156
498 156
499 156
500 156
501 156
502 156
503 156
504 156
505 156
506 156
507 156
508 156
509 156
510 157
511 157
512 157
513 157
514 157
515 157
516 157
517 157
518 157
519 157
520 156
521 156
522 156
523 156
524 156
525 156
526 156
527 156
528 156
529 156
530 156
531 156
532 156
533 156
534 157
535 157
536 157
537 157
538 158
539 158
540 158
541 158
542 159
543 159
544 159
545 159
546 159
547 159
548 159
549 159
550 159
551 159
552 159
553 159
554 159
555 159
556 159
557 158
558 158
559 158
560 158
561 158
562 158
563 158
564 157
565 157
566 157
567 157
568 157
569 157
570 157
571 157
572 157
573 157
574 157
575 157
576 157
577 157
578 157
579 157
580 157
581 157
582 157
583 157
584 157
585 157
586 157
587 157
588 156
589 156
590 156
591 156
592 156
593 156
594 155
595 155
596 155
597 154
598 154
599 154
600 154
601 154
602 154
603 154
604 153
605 153
606 153
607 153
608 153
609 153
610 153
611 153
612 153
613 153
614 153
615 153
616 153
617 152
618 152
619 151
620 151
621 151
622 150
623 149
624 148
625 147
626 146
627 145
628 144
629 143
630 142
631 141
632 140
633 139
634 138
635 137
636 137
637 136
638 136
639 135
640 135
641 134
642 133
643 132
644 132
645 131
646 130
647 129
648 128
648 127
649 126
650 125
651 124
652 123
652 122
653 121
654 120
654 119
655 118
655 117
655 116
656 115
656 114
656 113
656 112
656 111
656 110
656 109
655 108
655 107
655 106
655 105
655 104
655 103
655 102
655 101
655 100
655 99
655 98
655 97
655 96
655 95
655 94
654 93
654 92
654 91
654 90
654 89
653 88
652 87
651 86
650 85
650 84
649 83
648 82
647 81
647 80
646 79
645 78
644 77
643 76
642 75
641 74
640 73
639 72
638 71
638 70
637 69
636 68
636 67
635 66
634 65
633 64
632 64
631 63
630 63
629 62
628 62
627 61
626 60
625 60
624 59
623 58
622 58
621 57
620 56
619 55
618 54
617 53
616 52
615 52
614 51
613 50
612 50
611 49
610 49
609 48
608 48
607 47
606 46
605 45
604 44
603 44
602 43
601 42
600 42
599 41
598 40
597 39
596 39
595 38
594 38
593 37
592 36
591 36
590 35
589 34
588 34
587 34
586 33
585 33
584 33
583 32
582 32
581 32
580 32
579 31
578 31
577 31
576 31
575 31
574 31
573 30
572 30
571 30
570 30
569 30
568 30
567 30
566 30
565 30
564 30
563 30
562 31
561 31
560 31
559 31
558 31
557 31
556 31
555 31
554 31
553 31
552 32
551 32
550 32
549 32
548 33
547 33
546 33
545 33
544 33
543 33
542 33
541 34
540 34
539 34
538 34
537 34
536 34
535 34
534 34
533 34
532 34
531 34
530 34
529 34
528 34
527 34
526 33
525 33
524 33
523 33
522 32
521 32
520 32
519 32
518 32
517 31
516 31
515 31
514 31
513 30
512 30
511 30
510 30
509 30
508 30
507 29
506 29
505 29
504 29
503 28
502 28
501 28
500 27
499 27
498 26
497 26
496 26
495 26
494 26
493 26
492 26
491 26
490 26
489 26
488 26
487 26
486 27
485 27
484 27
483 28
482 28
481 28
480 28
479 28
478 28
477 27
476 27
475 27
474 27
473 27
472 26
471 26
470 26
469 26
468 26
467 26
466 26
465 26
464 26
463 26
462 26
461 26
460 26
459 26
458 26
457 26
456 26
455 26
454 26
453 25
452 25
451 25
450 25
449 25
448 25
447 25
446 25
445 25
444 26
443 26
442 26
441 26
440 26
439 26
438 26
437 26
436 26
435 26
434 26
433 26
432 27
431 27
430 27
429 28
428 28
427 29
426 29
425 29
424 29
423 30
422 30
421 30
420 30
419 30
418 30
417 30
416 30
415 30
414 30
413 30
412 30
411 30
410 30
409 30
408 30
407 30
406 29
405 29
404 29
403 29
402 29
401 29
400 29
399 29
398 29
397 29
396 29
395 29
394 29
393 29
392 30
391 30
390 30
389 30
388 30
387 30
386 30
385 30
384 30
383 30
382 30
381 30
380 30
379 30
378 30
377 30
376 30
375 30
374 30
373 30
372 31
371 31
370 31
369 31
368 31
367 31
366 31
365 30
364 30
363 29
362 29
361 28
360 28
359 27
358 27
357 26
356 26
355 26
354 25
353 25
352 25
351 25
350 24
349 24
348 24
347 24
346 24
345 24
344 24
343 24
342 24
341 24
340 24
339 24
338 24
337 24
336 24
