244 216
243 217
242 217
241 217
240 218
239 218
238 218
237 219
236 219
235 219
234 219
233 220
232 220
231 220
230 221
229 221
228 222
227 222
226 222
225 222
224 222
223 222
222 223
221 223
220 223
219 223
218 224
217 224
216 224
215 225
214 225
213 225
212 225
211 225
210 225
209 226
208 226
207 226
206 226
205 226
204 227
203 227
202 227
201 227
200 228
199 228
198 228
197 228
196 229
195 229
194 229
193 230
192 230
191 231
190 232
189 232
188 232
187 233
186 233
185 234
184 235
183 236
182 236
181 237
180 237
179 237
178 238
177 238
176 238
175 238
174 238
173 238
172 238
171 238
170 239
169 239
168 239
167 239
166 240
165 240
164 240
163 241
162 241
161 241
160 241
159 241
158 241
157 241
156 241
155 242
154 242
153 242
152 242
151 242
150 242
149 242
148 241
147 241
146 241
145 241
144 241
143 242
142 242
141 242
140 242
139 242
138 242
137 243
136 243
135 243
134 243
133 244
132 244
131 244
130 244
129 245
128 245
127 245
126 245
125 245
124 245
123 246
122 246
121 246
120 246
119 246
118 246
117 246
116 246
115 246
114 246
113 246
112 246
111 246
110 246
109 246
108 247
107 247
106 247
105 247
104 247
103 247
102 247
101 247
100 247
99 247
98 247
97 247
96 247
95 247
94 247
93 247
92 246
91 246
90 246
89 245
88 245
87 244
86 244
85 244
84 244
83 244
82 244
81 244
80 244
79 244
78 244
77 244
76 244
75 244
74 244
73 244
72 244
71 244
70 244
69 244
68 244
67 244
66 244
65 244
64 244
63 245
62 245
61 246
60 247
59 247
58 247
57 248
56 248
55 248
54 249
53 249
52 249
51 250
50 250
49 250
48 250
47 251
46 251
45 252
44 252
43 253
42 254
41 254
40 255
39 255
38 256
37 256
36 257
35 258
34 258
33 258
32 259
31 260
30 260
29 261
28 262
27 262
26 263
25 264
25 265
24 266
24 267
23 268
23 269
23 270
24 271
24 272
25 273
26 273
27 274
28 274
29 275
30 275
31 276
32 276
33 276
34 277
35 277
36 278
37 278
38 279
39 279
40 280
41 280
42 281
43 282
44 283
45 283
46 284
47 284
48 285
49 285
50 286
51 286
52 286
53 287
54 287
55 288
56 288
57 288
58 289
59 289
60 290
61 290
62 291
63 291
64 292
65 292
66 292
67 293
68 293
69 294
70 295
71 295
72 296
73 296
74 297
75 298
76 298
77 299
78 299
79 300
80 301
81 301
82 302
83 302
84 303
85 303
86 304
87 304
88 305
89 305
90 306
91 307
92 307
93 308
94 308
95 308
96 309
97 309
98 310
99 310
100 310
101 311
102 311
103 312
104 312
105 312
106 313
107 313
108 314
109 314
110 314
111 315
112 315
113 316
114 316
115 316
116 317
117 317
118 317
119 318
120 318
121 318
122 319
123 319
124 319
125 320
126 320
127 321
128 321
129 321
130 322
131 322
132 323
133 323
134 323
135 323
136 324
137 324
138 324
139 325
140 325
141 325
142 325
143 325
144 326
145 326
146 326
147 326
148 326
149 326
150 326
151 326
152 327
153 327
154 327
155 328
156 328
157 328
158 328
159 329
160 329
161 329
162 330
163 330
164 330
165 330
166 330
167 330
168 330
169 330
170 330
171 330
172 330
173 331
174 331
175 331
176 331
177 331
178 331
179 331
180 331
181 332
182 332
183 332
184 332
185 332
186 332
187 333
188 333
189 333
190 333
191 334
192 334
193 334
194 334
195 334
196 334
197 334
198 334
199 334
200 335
201 335
202 335
203 335
204 335
205 335
206 336
207 336
208 336
209 336
210 336
211 336
212 336
213 337
214 337
215 337
216 337
217 337
218 338
219 338
220 338
221 338
222 339
223 339
224 339
225 340
226 340
227 340
228 340
229 340
230 340
231 341
232 341
233 342
234 342
235 342
236 343
237 343
238 344
239 344
240 344
241 344
242 345
243 345
244 345
245 346
246 346
247 346
248 346
249 347
250 347
251 347
252 347
253 347
254 348
255 348
256 348
257 349
258 349
259 349
260 349
261 350
262 350
263 351
264 351
265 351
266 351
267 351
268 351
269 351
270 351
271 351
272 351
273 351
274 351
275 351
276 351
277 351
278 351
279 350
280 350
281 349
282 348
283 347
284 347
285 347
286 346
287 346
288 346
289 345
290 345
291 345
292 345
293 345
294 345
295 345
296 346
297 346
298 346
299 347
300 347
301 347
302 346
303 346
304 346
305 346
306 346
307 346
308 345
309 345
310 345
311 345
312 344
313 345
314 344
315 344
316 344
317 344
318 343
319 343
320 343
321 343
322 343
323 342
324 342
325 342
326 342
327 342
328 341
329 341
330 341
331 341
332 341
333 341
334 341
335 341
336 341
337 341
338 341
339 341
340 341
341 340
342 340
343 340
344 339
345 339
346 339
347 340
348 340
349 340
350 340
351 340
352 340
353 340
354 340
355 340
356 340
357 340
358 340
359 340
360 339
361 339
362 339
363 339
364 339
365 338
366 338
367 338
368 337
369 337
370 337
371 337
372 337
373 337
374 337
375 337
376 337
377 337
378 337
379 337
380 337
381 337
382 337
383 337
384 337
385 336
386 336
387 336
388 336
389 336
390 336
391 336
392 336
393 335
394 335
395 335
396 334
397 334
398 334
399 334
400 334
401 334
402 334
403 334
404 333
405 333
406 333
407 333
408 333
409 332
410 332
411 332
412 332
413 332
414 332
415 332
416 332
417 332
418 332
419 332
420 332
421 332
422 332
423 332
424 332
425 332
426 332
427 333
428 333
429 333
430 333
431 333
432 333
433 333
434 333
435 333
436 333
437 333
438 333
439 333
440 333
441 333
442 333
443 332
444 332
445 332
446 331
447 331
448 330
449 330
450 330
451 329
452 329
453 329
454 329
455 329
456 329
457 329
458 329
459 329
460 328
461 328
462 328
463 328
464 328
465 329
466 329
467 329
468 329
469 329
470 329
471 329
472 329
473 329
474 329
475 329
476 329
477 329
478 329
479 329
480 329
481 329
482 329
483 330
484 330
485 330
486 330
487 330
488 330
489 330
490 330
491 329
492 329
493 329
494 328
495 328
496 327
497 327
498 327
499 327
500 326
501 326
502 326
503 326
504 326
505 326
506 326
507 326
508 326
509 327
510 327
511 327
512 326
513 326
514 326
515 326
516 325
517 325
518 325
519 324
520 324
521 324
522 324
523 324
524 324
525 324
526 324
527 324
528 324
529 324
530 324
531 324
532 324
533 324
534 324
535 324
536 324
537 324
538 324
539 324
540 324
541 325
542 325
543 325
544 325
545 325
546 325
547 325
548 325
549 325
550 324
551 324
552 324
553 324
554 323
555 323
556 323
557 323
558 322
559 322
560 322
561 322
562 321
563 321
564 320
565 320
566 320
567 319
568 319
569 318
570 318
571 317
572 317
573 317
574 316
575 316
576 316
577 315
578 315
579 314
580 314
581 313
582 313
583 312
584 312
585 312
586 311
587 311
588 310
589 310
590 310
591 309
592 309
593 308
594 308
595 307
596 307
597 306
598 306
599 306
600 305
601 305
602 305
603 305
604 304
605 304
606 304
607 304
608 304
609 303
610 303
611 303
612 303
613 302
614 302
615 301
616 301
617 301
618 301
619 301
620 301
621 301
622 301
623 301
624 301
625 301
626 301
627 301
628 301
629 301
630 301
631 301
632 300
633 300
634 299
635 299
636 299
637 298
638 297
639 297
640 296
641 296
642 295
643 295
644 294
645 294
646 293
647 292
648 292
649 291
649 290
650 289
651 288
652 287
652 286
653 285
654 284
655 283
655 282
655 281
655 280
655 279
655 278
655 277
655 276
655 275
655 274
655 273
655 272
656 271
656 270
656 269
657 268
657 267
657 266
657 265
657 264
657 263
657 262
657 261
656 260
656 259
656 258
655 257
655 256
654 255
654 254
654 253
654 252
653 251
653 250
652 249
651 248
650 247
649 246
648 245
647 244
646 244
645 243
644 243
643 242
642 241
641 240
640 239
639 239
638 238
637 238
636 238
635 238
634 238
633 238
632 237
631 237
630 237
629 237
628 236
627 236
626 236
625 236
624 235
623 235
622 235
621 235
620 234
619 234
618 234
617 234
616 234
615 234
614 234
613 233
612 233
611 233
610 233
609 233
608 232
607 232
606 232
605 232
604 231
603 231
602 231
601 231
600 231
599 231
598 231
597 231
596 231
595 231
594 230
593 230
592 230
591 231
590 230
589 230
588 230
587 230
586 230
585 230
584 230
583 230
582 230
581 230
580 230
579 230
578 230
577 230
576 230
575 230
574 230
573 230
572 230
571 230
570 230
569 230
568 230
567 229
566 228
565 228
564 227
563 227
562 227
561 227
560 227
559 227
558 227
557 227
556 227
555 227
554 227
553 227
552 228
551 228
550 228
549 228
548 228
547 228
546 228
545 228
544 228
543 228
542 228
541 227
540 227
539 227
538 227
537 227
536 227
535 227
534 227
533 227
532 227
531 227
530 228
529 228
528 228
527 228
526 228
525 228
524 228
523 228
522 228
521 228
520 228
519 229
518 229
517 230
516 230
515 230
514 230
513 230
512 229
511 229
510 229
509 229
508 229
507 229
506 229
505 228
504 228
503 227
502 227
501 227
500 227
499 227
498 227
497 227
496 227
495 227
494 227
493 227
492 227
491 227
490 227
489 227
488 226
487 226
486 226
485 225
484 225
483 225
482 225
481 225
480 224
479 224
478 224
477 224
476 224
475 224
474 224
473 224
472 224
471 224
470 224
469 224
468 224
467 224
466 224
465 224
464 224
463 224
462 224
461 224
460 224
459 224
458 224
457 224
456 224
455 224
454 224
453 224
452 224
451 224
450 224
449 225
448 225
447 225
446 226
445 226
444 226
443 226
442 227
441 227
440 227
439 227
438 227
437 227
436 227
435 227
434 226
433 226
432 226
431 226
430 226
429 225
428 225
427 225
426 225
425 225
424 225
423 225
422 225
421 225
420 225
419 225
418 225
417 225
416 225
415 225
414 225
413 225
412 225
411 225
410 225
409 225
408 225
407 225
406 225
405 225
404 224
403 224
402 224
401 224
400 224
399 224
398 223
397 223
396 223
395 223
394 223
393 224
392 224
391 224
390 224
389 224
388 223
387 223
386 223
385 223
384 223
383 223
382 223
381 223
380 223
379 223
378 223
377 223
376 223
375 223
374 223
373 223
372 223
371 223
370 223
369 223
368 223
367 223
366 223
365 222
364 222
363 222
362 222
361 222
360 222
359 222
358 222
357 222
356 222
355 222
354 221
353 221
352 221
351 221
350 221
349 221
348 221
347 221
346 221
345 221
344 221
343 221
342 221
341 221
340 221
339 221
338 221
337 221
336 221
335 221
334 221
333 221
332 221
331 221
330 221
329 221
328 221
327 221
326 221
325 221
324 221
323 221
322 221
321 221
320 221
319 221
318 221
317 220
316 220
315 220
314 220
313 220
312 220
311 220
310 220
309 221
308 220
307 220
306 220
305 220
304 220
303 220
302 220
301 220
300 220
299 220
298 220
297 220
296 219
295 220
294 219
293 219
292 219
291 219
290 218
289 218
288 218
287 218
286 218
285 218
284 218
283 218
282 218
281 218
280 218
279 218
278 218
277 218
276 218
275 218
274 218
273 218
272 218
271 217
270 217
269 217
268 217
267 217
266 217
265 217
264 217
263 217
262 217
261 217
260 217
259 217
258 217
257 217
256 216
255 216
254 216
253 216
252 216
251 216
250 216
249 216
248 216
247 216
246 216
245 216
244 216
