517 384
516 385
515 385
514 385
513 385
512 385
511 385
510 386
509 386
508 386
507 386
506 386
505 386
504 386
503 386
502 387
501 387
500 387
499 387
498 387
497 387
496 387
495 388
494 388
493 388
492 389
491 389
490 389
489 389
488 389
487 390
486 390
485 390
484 391
483 391
482 391
481 391
480 391
479 392
478 392
477 392
476 391
475 392
474 392
473 392
472 393
471 393
470 394
469 394
468 394
467 394
466 394
465 394
464 394
463 394
462 394
461 395
460 395
459 395
458 395
457 395
456 396
455 396
454 396
453 396
452 396
451 397
450 397
449 397
448 397
447 397
446 397
445 397
444 398
443 398
442 398
441 398
440 398
439 399
438 399
437 399
436 399
435 399
434 399
433 399
432 400
431 400
430 400
429 400
428 400
427 400
426 400
425 400
424 400
423 400
422 400
421 400
420 400
419 400
418 400
417 400
416 400
415 400
414 400
413 400
412 400
411 401
410 401
409 401
408 401
407 401
406 402
405 402
404 402
403 402
402 402
401 402
400 402
399 402
398 402
397 402
396 402
395 402
394 402
393 402
392 402
391 402
390 402
389 402
388 402
387 402
386 402
385 402
384 403
383 403
382 403
381 403
380 403
379 403
378 403
377 403
376 403
375 403
374 403
373 403
372 403
371 403
370 403
369 403
368 403
367 403
366 403
365 403
364 403
363 402
362 402
361 402
360 402
359 402
358 402
357 402
356 402
355 402
354 402
353 403
352 403
351 403
350 403
349 404
348 404
347 404
346 405
345 405
344 405
343 405
342 405
341 405
340 405
339 405
338 405
337 406
336 406
335 406
334 407
333 407
332 407
331 407
330 407
329 407
328 407
327 407
326 407
325 408
324 408
323 408
322 408
321 408
320 408
319 408
318 408
317 408
316 408
315 408
314 408
313 408
312 408
311 408
310 408
309 408
308 408
307 408
306 408
305 408
304 408
303 407
302 407
301 407
300 407
299 407
298 407
297 406
296 406
295 406
294 406
293 406
292 406
291 406
290 406
289 406
288 405
287 405
286 405
285 405
284 405
283 405
282 405
281 405
280 405
279 405
278 405
277 405
276 404
275 404
274 404
273 403
272 403
271 403
270 403
269 403
268 403
267 403
266 403
265 402
264 402
263 402
262 403
261 402
260 402
259 402
258 402
257 402
256 402
255 402
254 402
253 402
252 402
251 402
250 402
249 402
248 402
247 402
246 402
245 402
244 402
243 402
242 402
241 402
240 402
239 402
238 401
237 401
236 401
235 401
234 401
233 401
232 401
231 401
230 401
229 401
228 401
227 400
226 400
225 400
224 400
223 400
222 400
221 400
220 400
219 400
218 400
217 399
216 399
215 399
214 399
213 399
212 399
211 399
210 399
209 399
208 399
207 399
206 399
205 399
204 399
203 399
202 399
201 399
200 399
199 399
198 399
197 399
196 398
195 398
194 398
193 398
192 398
191 398
190 398
189 398
188 399
187 399
186 399
185 399
184 399
183 399
182 399
181 399
180 399
179 399
178 398
177 398
176 398
175 398
174 398
173 398
172 398
171 398
170 398
169 398
168 398
167 398
166 398
165 399
164 399
163 399
162 399
161 399
160 399
159 399
158 398
157 398
156 398
155 398
154 397
153 397
152 397
151 397
150 397
149 397
148 397
147 397
146 397
145 398
144 398
143 398
142 398
141 398
140 398
139 398
138 398
137 398
136 398
135 398
134 398
133 398
132 398
131 398
130 398
129 398
128 398
127 398
126 398
125 398
124 399
123 399
122 399
121 399
120 400
119 400
118 400
117 400
116 400
115 400
114 400
113 400
112 400
111 400
110 400
109 400
108 400
107 400
106 400
105 400
104 400
103 400
102 400
101 400
100 400
99 401
98 401
97 401
96 401
95 401
94 401
93 401
92 401
91 401
90 401
89 401
88 401
87 401
86 401
85 402
84 402
83 402
82 402
81 403
80 403
79 403
78 404
77 404
76 404
75 404
74 405
73 405
72 405
71 405
70 405
69 405
68 405
67 405
66 405
65 406
64 406
63 406
62 406
61 407
60 407
59 407
58 407
57 407
56 407
55 407
54 407
53 407
52 407
51 407
50 407
49 408
48 408
47 408
46 409
45 409
44 410
43 410
42 411
41 411
40 411
39 411
38 411
37 412
36 412
35 413
34 413
33 414
32 414
31 414
30 415
29 415
28 416
27 416
26 416
25 417
24 418
23 419
22 420
22 421
22 422
21 423
21 424
21 425
22 426
22 427
22 428
22 429
23 430
23 431
23 432
24 433
24 434
24 435
25 436
25 437
25 438
26 439
26 440
26 441
27 442
27 443
27 444
27 445
28 446
28 447
29 448
29 449
29 450
30 451
30 452
30 453
31 454
31 455
31 456
31 457
32 458
32 459
32 460
33 461
33 462
33 463
34 464
35 465
36 466
37 466
38 467
39 468
40 468
41 469
42 469
43 470
44 470
45 471
46 471
47 472
48 473
49 473
50 474
51 474
52 475
53 475
54 476
55 476
56 477
57 477
58 478
59 478
60 479
61 479
62 480
63 480
64 481
65 482
66 482
67 483
68 483
69 484
70 484
71 485
72 486
73 486
74 487
75 487
76 488
77 489
78 489
79 490
80 490
81 491
82 491
83 492
84 493
85 493
86 494
87 494
88 495
89 496
90 496
91 497
92 497
93 498
94 499
95 499
96 500
97 500
98 501
99 502
100 502
101 503
102 503
103 504
104 505
105 505
106 506
107 506
108 507
109 508
110 508
111 509
112 510
113 510
114 511
115 512
116 512
117 513
118 513
119 514
120 515
121 515
122 516
123 517
124 517
125 518
126 519
127 520
128 520
129 521
130 522
131 522
132 523
133 523
134 524
135 525
136 525
137 526
138 526
139 527
140 527
141 528
142 528
143 529
144 529
145 530
146 530
147 531
148 531
149 532
150 532
151 533
152 533
153 533
154 533
155 533
156 534
157 534
158 534
159 534
160 534
161 535
162 535
163 536
164 536
165 536
166 537
167 537
168 538
169 539
170 539
171 540
172 540
173 540
174 541
175 541
176 541
177 541
178 541
179 541
180 542
181 542
182 542
183 542
184 542
185 542
186 542
187 542
188 543
189 543
190 543
191 543
192 544
193 544
194 545
195 545
196 545
197 546
198 546
199 547
200 547
201 547
202 548
203 548
204 548
205 548
206 548
207 548
208 548
209 548
210 548
211 548
212 548
213 548
214 548
215 548
216 548
217 548
218 548
219 549
220 549
221 549
222 550
223 550
224 550
225 551
226 551
227 552
228 552
229 553
230 553
231 553
232 554
233 554
234 555
235 555
236 556
237 556
238 556
239 557
240 557
241 557
242 557
243 558
244 558
245 559
246 559
247 560
248 560
249 561
250 561
251 561
252 562
253 562
254 562
255 562
256 562
257 562
258 563
259 563
260 563
261 563
262 563
263 563
264 564
265 564
266 564
267 565
268 565
269 565
270 565
271 566
272 566
273 566
274 567
275 567
276 567
277 567
278 568
279 568
280 568
281 568
282 568
283 569
284 569
285 569
286 569
287 569
288 569
289 569
290 569
291 569
292 569
293 569
294 569
295 569
296 569
297 569
298 569
299 569
300 569
301 569
302 568
303 568
304 568
305 568
306 567
307 567
308 567
309 567
310 567
311 567
312 567
313 567
314 566
315 566
316 566
317 566
318 566
319 566
320 566
321 565
322 565
323 565
324 565
325 564
326 564
327 564
328 564
329 564
330 564
331 564
332 564
333 564
334 564
335 565
336 565
337 565
338 565
339 565
340 565
341 565
342 565
343 565
344 565
345 565
346 565
347 565
348 565
349 565
350 564
351 564
352 564
353 564
354 564
355 564
356 564
357 564
358 563
359 563
360 563
361 563
362 563
363 563
364 563
365 563
366 563
367 563
368 563
369 563
370 563
371 563
372 563
373 563
374 563
375 563
376 562
377 562
378 562
379 562
380 562
381 563
382 562
383 562
384 562
385 562
386 562
387 562
388 562
389 562
390 562
391 562
392 562
393 562
394 562
395 562
396 562
397 562
398 561
399 561
400 561
401 561
402 561
403 561
404 561
405 561
406 561
407 561
408 561
409 561
410 560
411 560
412 560
413 560
414 560
415 560
416 560
417 560
418 560
419 560
420 559
421 559
422 559
423 559
424 559
425 558
426 558
427 558
428 558
429 558
430 558
431 558
432 558
433 558
434 558
435 558
436 558
437 558
438 558
439 558
440 558
441 558
442 558
443 558
444 558
445 558
446 558
447 558
448 558
449 558
450 558
451 558
452 558
453 558
454 558
455 558
456 558
457 558
458 558
459 558
460 558
461 558
462 558
463 558
464 558
465 559
466 559
467 559
468 559
469 559
470 559
471 559
472 559
473 558
474 558
475 558
476 558
477 558
478 558
479 559
480 559
481 559
482 559
483 559
484 558
485 558
486 558
487 558
488 558
489 558
490 557
491 557
492 557
493 557
494 557
495 557
496 557
497 557
498 557
499 557
500 557
501 557
502 557
503 557
504 557
505 557
506 557
507 557
508 557
509 557
510 557
511 557
512 557
513 557
514 557
515 558
516 558
517 558
518 558
519 558
520 558
521 558
522 558
523 558
524 558
525 557
526 557
527 557
528 557
529 557
530 557
531 557
532 557
533 557
534 557
535 557
536 557
537 557
538 557
539 557
540 557
541 557
542 557
543 557
544 557
545 557
546 557
547 556
548 556
549 556
550 556
551 556
552 556
553 556
554 556
555 556
556 556
557 556
558 556
559 556
560 556
561 556
562 556
563 556
564 555
565 555
566 555
567 555
568 555
569 555
570 555
571 554
572 554
573 553
574 552
575 551
576 550
577 550
578 549
579 548
580 548
581 547
582 547
583 546
584 546
585 545
586 545
587 544
588 543
589 542
590 541
591 540
592 539
593 539
594 538
595 538
596 537
597 536
598 536
599 535
600 534
601 534
602 533
603 532
604 531
605 530
606 529
607 528
608 527
609 526
610 525
611 524
612 523
612 522
613 521
614 520
615 519
616 518
617 517
618 516
619 515
620 514
621 513
622 512
623 511
624 510
625 509
626 508
626 507
627 506
628 505
629 504
630 503
631 502
632 501
633 500
634 499
635 498
636 497
637 496
638 495
639 494
640 494
641 493
642 492
643 491
644 490
645 489
646 489
647 488
648 488
649 487
650 486
651 485
651 484
652 483
652 482
652 481
652 480
653 479
653 478
654 477
654 476
654 475
655 474
655 473
655 472
655 471
655 470
656 469
656 468
656 467
656 466
656 465
656 464
656 463
656 462
655 461
655 460
655 459
654 458
654 457
653 456
653 455
653 454
652 453
652 452
651 451
651 450
650 449
650 448
650 447
649 446
649 445
648 444
648 443
647 442
647 441
647 440
647 439
646 438
646 437
646 436
646 435
645 434
645 433
645 432
645 431
644 430
644 429
644 428
643 427
643 426
642 425
642 424
642 423
641 422
641 421
641 420
640 419
640 418
639 417
639 416
638 415
638 414
637 413
636 412
636 411
635 410
634 409
633 408
632 408
631 407
630 406
629 406
628 405
627 404
626 404
625 403
624 403
623 403
622 402
621 402
620 401
619 401
618 401
617 400
616 400
615 400
614 400
613 400
612 400
611 400
610 400
609 400
608 400
607 400
606 400
605 400
604 399
603 399
602 399
601 399
600 399
599 399
598 399
597 398
596 398
595 398
594 398
593 398
592 398
591 398
590 397
589 397
588 397
587 397
586 397
585 397
584 397
583 397
582 397
581 397
580 397
579 397
578 396
577 396
576 395
575 395
574 395
573 395
572 395
571 394
570 394
569 393
568 393
567 393
566 393
565 392
564 392
563 391
562 391
561 390
560 390
559 389
558 389
557 389
556 389
555 389
554 389
553 389
552 389
551 389
550 388
549 388
548 388
547 388
546 388
545 388
544 388
543 388
542 388
541 387
540 387
539 387
538 386
537 385
536 385
535 385
534 384
533 384
532 384
531 384
530 384
529 384
528 384
527 384
526 384
525 384
524 384
523 384
522 384
521 384
520 384
519 384
518 384
517 384
