442 602
441 603
440 603
439 603
438 603
437 603
436 603
435 603
434 603
433 603
432 603
431 603
430 603
429 603
428 603
427 603
426 603
425 603
424 603
423 603
422 603
421 603
420 603
419 603
418 603
417 603
416 604
415 604
414 604
413 604
412 604
411 604
410 604
409 604
408 604
407 604
406 604
405 604
404 604
403 604
402 605
401 605
400 605
399 605
398 605
397 606
396 606
395 606
394 607
393 607
392 607
391 607
390 607
389 608
388 608
387 608
386 608
385 608
384 608
383 608
382 608
381 608
380 609
379 609
378 609
377 609
376 609
375 610
374 610
373 611
372 611
371 611
370 612
369 612
368 612
367 613
366 613
365 613
364 613
363 613
362 613
361 614
360 614
359 614
358 615
357 615
356 615
355 616
354 616
353 616
352 617
351 617
350 617
349 617
348 618
347 618
346 618
345 618
344 618
343 618
342 618
341 618
340 618
339 618
338 618
337 619
336 619
335 619
334 620
334 621
334 622
333 623
332 623
331 623
330 623
329 623
328 623
327 623
326 623
325 623
324 623
323 623
322 623
321 623
320 623
319 623
318 624
317 624
316 624
315 624
314 624
313 624
312 624
311 624
310 624
309 625
308 625
307 625
306 626
305 626
304 626
303 626
302 626
301 626
300 626
299 626
298 626
297 626
296 626
295 626
294 626
293 626
292 626
291 625
290 625
289 625
288 625
287 625
286 625
285 625
284 624
283 624
282 624
281 624
280 624
279 624
278 624
277 624
276 623
275 623
274 623
273 623
272 623
271 623
270 623
269 623
268 623
267 623
266 623
265 622
264 622
263 622
262 622
261 622
260 622
259 622
258 622
257 622
256 622
255 622
254 622
253 622
252 622
251 622
250 622
249 622
248 622
247 622
246 621
245 621
244 621
243 621
242 621
241 621
240 621
239 621
238 621
237 621
236 621
235 621
234 620
233 620
232 620
231 620
230 620
229 620
228 620
227 620
226 620
225 619
224 619
223 619
222 618
221 618
220 618
219 618
218 618
217 618
216 618
215 618
214 618
213 618
212 618
211 618
210 618
209 618
208 618
207 618
206 618
205 618
204 618
203 618
202 618
201 617
200 617
199 616
198 615
197 615
196 615
195 615
194 614
193 614
192 614
191 614
190 614
189 614
188 614
187 614
186 614
185 614
184 614
183 614
182 614
181 614
180 614
179 614
178 614
177 614
176 614
175 614
174 614
173 614
172 614
171 614
170 614
169 615
168 615
167 615
166 615
165 615
164 615
163 616
162 616
161 616
160 616
159 616
158 616
157 616
156 616
155 616
154 616
153 616
152 617
151 617
150 617
149 618
148 618
147 618
146 618
145 618
144 618
143 618
142 618
141 618
140 619
139 619
138 619
137 619
136 619
135 619
134 620
133 620
132 620
131 621
130 621
129 621
128 621
127 621
126 622
125 623
124 623
123 624
122 624
121 625
120 625
119 626
118 626
117 626
116 627
115 627
114 628
113 628
112 628
111 628
110 629
109 629
108 629
107 629
106 629
105 630
104 630
103 630
102 630
101 631
100 631
99 631
98 632
97 632
96 632
95 633
94 633
93 633
92 634
91 634
90 635
89 635
88 636
87 636
86 637
85 638
84 638
83 639
82 639
81 639
80 639
79 639
78 639
77 639
76 640
75 640
74 641
73 641
72 642
71 642
70 643
69 643
68 643
67 644
66 644
65 644
64 644
63 645
62 645
61 646
60 646
59 647
58 647
57 648
56 648
55 648
54 649
53 649
52 650
51 650
50 651
49 652
49 653
48 654
47 655
46 655
45 656
44 656
43 657
42 658
41 659
41 660
40 661
39 662
39 663
38 664
37 665
37 666
36 667
36 668
35 669
35 670
34 671
34 672
33 673
33 674
32 675
31 676
31 677
30 678
30 679
29 680
29 681
28 682
27 683
27 684
26 685
25 686
25 687
24 688
23 689
22 690
22 691
22 692
22 693
22 694
22 695
22 696
21 697
22 698
23 698
24 699
25 700
25 701
24 702
24 703
25 704
26 704
27 705
28 705
29 705
30 706
31 707
31 708
31 709
32 710
33 710
34 711
35 711
36 712
37 713
38 714
39 715
40 716
41 717
42 718
43 719
44 720
45 721
46 722
47 723
48 724
49 724
50 724
51 724
52 724
53 725
54 725
55 726
56 726
57 727
58 727
59 728
60 729
61 729
62 730
63 731
64 731
65 732
66 732
67 733
68 733
69 734
69 735
69 736
70 737
70 738
71 739
72 740
73 741
74 742
75 743
76 744
77 744
78 745
79 746
80 747
80 748
81 749
82 750
83 751
84 752
85 753
86 754
87 754
88 755
89 755
90 756
91 756
92 757
93 757
94 757
95 757
96 758
97 758
98 759
99 759
100 759
101 760
102 760
103 760
104 760
105 761
106 762
107 762
108 763
109 763
110 764
111 764
112 765
113 765
114 765
115 765
116 766
117 766
118 766
119 766
120 766
121 766
122 766
123 767
124 767
125 768
126 769
127 769
128 769
129 770
130 770
131 770
132 771
133 771
134 771
135 771
136 771
137 771
138 772
139 772
140 772
141 772
142 772
143 773
144 773
145 773
146 774
147 774
148 775
149 775
150 775
151 775
152 776
153 776
154 776
155 777
156 777
157 777
158 777
159 777
160 778
161 778
162 778
163 779
164 779
165 780
166 780
167 780
168 781
169 781
170 781
171 781
172 782
173 782
174 782
175 782
176 782
177 783
178 783
179 783
180 783
181 783
182 784
183 784
184 784
185 784
186 784
187 784
188 785
189 785
190 785
191 785
192 785
193 785
194 786
195 786
196 786
197 786
198 786
199 786
200 787
201 787
202 787
203 787
204 787
205 788
206 788
207 788
208 788
209 788
210 789
211 789
212 789
213 789
214 789
215 789
216 790
217 790
218 790
219 790
220 790
221 790
222 790
223 790
224 790
225 790
226 791
227 791
228 791
229 791
230 791
231 791
232 791
233 791
234 791
235 791
236 791
237 791
238 791
239 791
240 791
241 792
242 792
243 792
244 792
245 792
246 792
247 792
248 793
249 792
250 793
251 793
252 793
253 794
254 794
255 794
256 795
257 795
258 795
259 795
260 796
261 796
262 796
263 796
264 797
265 797
266 797
267 797
268 797
269 797
270 797
271 797
272 797
273 797
274 797
275 797
276 797
277 797
278 797
279 797
280 797
281 797
282 797
283 797
284 797
285 797
286 797
287 797
288 797
289 797
290 797
291 797
292 797
293 797
294 797
295 797
296 797
297 797
298 797
299 797
300 797
301 797
302 798
303 798
304 798
305 798
306 798
307 798
308 799
309 799
310 799
311 799
312 799
313 799
314 799
315 799
316 799
317 799
318 799
319 799
320 799
321 799
322 799
323 799
324 799
325 799
326 799
327 799
328 799
329 799
330 799
331 799
332 799
333 798
334 798
335 798
336 798
337 798
338 798
339 798
340 798
341 798
342 798
343 798
344 798
345 798
346 798
347 798
348 798
349 798
350 798
351 798
352 798
353 798
354 798
355 798
356 798
357 798
358 798
359 798
360 798
361 798
362 798
363 798
364 798
365 798
366 798
367 798
368 798
369 798
370 798
371 798
372 798
373 798
374 798
375 798
376 798
377 798
378 798
379 798
380 798
381 798
382 799
383 799
384 799
385 799
386 799
387 799
388 799
389 799
390 799
391 799
392 799
393 799
394 799
395 799
396 799
397 799
398 799
399 799
400 799
401 799
402 799
403 799
404 799
405 799
406 799
407 799
408 799
409 799
410 799
411 799
412 798
413 798
414 798
415 798
416 798
417 798
418 798
419 798
420 798
421 798
422 798
423 798
424 798
425 798
426 798
427 798
428 798
429 798
430 798
431 798
432 798
433 798
434 797
435 797
436 797
437 797
438 797
439 797
440 797
441 797
442 797
443 797
444 797
445 797
446 797
447 797
448 797
449 796
450 796
451 796
452 796
453 796
454 796
455 796
456 796
457 796
458 796
459 796
460 795
461 795
462 795
463 795
464 794
465 794
466 794
467 794
468 793
469 793
470 793
471 793
472 793
473 792
474 792
475 792
476 792
477 792
478 792
479 792
480 792
481 791
482 791
483 791
484 791
485 791
486 791
487 790
488 790
489 789
490 789
491 789
492 789
493 789
494 789
495 789
496 789
497 789
498 789
499 789
500 789
501 788
502 788
503 788
504 787
505 787
506 787
507 787
508 787
509 787
510 787
511 787
512 787
513 787
514 787
515 787
516 786
517 786
518 786
519 786
520 786
521 786
522 786
523 786
524 785
525 785
526 785
527 785
528 786
529 786
530 786
531 786
532 785
533 785
534 785
535 785
536 785
537 785
538 785
539 785
540 785
541 785
542 785
543 785
544 784
545 784
546 784
547 784
548 784
549 784
550 784
551 784
552 783
553 783
554 783
555 783
556 783
557 783
558 783
559 783
560 783
561 783
562 783
563 783
564 783
565 782
566 782
567 781
568 781
569 781
570 781
571 781
572 781
573 781
574 781
575 781
576 780
577 781
578 780
579 780
580 780
581 779
582 779
583 779
584 778
585 778
586 777
587 777
588 776
589 776
590 775
591 775
592 774
593 773
594 773
595 772
596 772
597 771
598 771
599 771
600 770
601 770
602 769
603 769
604 768
605 768
606 767
607 767
608 767
609 767
610 766
611 766
612 765
613 764
614 764
615 763
616 763
617 762
618 762
619 761
619 760
620 759
620 758
621 757
621 756
621 755
622 754
622 753
622 752
623 751
623 750
623 749
624 748
624 747
624 746
625 745
626 744
627 743
627 742
628 741
629 740
630 739
631 738
632 737
633 736
634 735
635 734
636 734
637 733
638 732
639 732
640 731
641 731
642 730
643 729
644 728
645 727
646 726
647 725
648 724
649 723
650 722
651 721
652 720
652 719
653 718
653 717
654 716
655 715
655 714
655 713
655 712
655 711
655 710
655 709
655 708
655 707
655 706
655 705
655 704
656 703
656 702
656 701
656 700
656 699
656 698
656 697
655 696
655 695
655 694
655 693
655 692
655 691
655 690
654 689
654 688
654 687
654 686
654 685
654 684
653 683
653 682
653 681
652 680
652 679
652 678
652 677
651 676
651 675
651 674
650 673
650 672
650 671
650 670
649 669
648 668
648 667
647 666
647 665
647 664
646 663
646 662
645 661
645 660
644 659
644 658
643 657
643 656
642 655
642 654
641 653
641 652
640 651
639 650
639 649
638 648
638 647
637 646
637 645
636 644
635 643
634 642
633 641
632 640
631 639
630 638
629 637
628 636
627 635
626 634
625 633
624 632
623 631
622 631
621 630
620 630
619 629
618 628
617 627
616 626
615 626
614 626
613 625
612 625
611 624
610 624
609 624
608 624
607 624
606 623
605 623
604 623
603 622
602 622
601 622
600 621
599 621
598 621
597 621
596 620
595 620
594 620
593 619
592 619
591 619
590 619
589 618
588 618
587 617
586 617
585 616
584 616
583 616
582 616
581 615
580 615
579 615
578 615
577 615
576 614
575 614
574 614
573 614
572 614
571 614
570 614
569 614
568 613
567 613
566 613
565 613
564 613
563 613
562 613
561 613
560 613
559 613
558 613
557 613
556 613
555 613
554 613
553 612
552 612
551 612
550 612
549 611
548 611
547 611
546 610
545 610
544 610
543 610
542 610
541 610
540 610
539 610
538 610
537 609
536 609
535 609
534 609
533 609
532 609
531 609
530 610
529 609
528 609
527 609
526 609
525 609
524 609
523 608
522 608
521 608
520 608
519 608
518 608
517 608
516 608
515 608
514 608
513 608
512 608
511 608
510 609
509 609
508 609
507 609
506 609
505 609
504 609
503 609
502 609
501 608
500 608
499 608
498 608
497 608
496 608
495 607
494 607
493 607
492 607
491 606
490 606
489 606
488 606
487 605
486 605
485 605
484 605
483 605
482 606
481 606
480 606
479 606
478 606
477 606
476 606
475 606
474 606
473 606
472 606
471 606
470 606
469 606
468 606
467 606
466 605
465 605
464 605
463 605
462 605
461 605
460 604
459 604
458 604
457 604
456 603
455 603
454 603
453 603
452 602
451 602
450 602
449 602
448 602
447 602
446 602
445 602
444 602
443 602
442 602
