520 835
519 836
518 836
517 836
516 836
515 836
514 836
513 836
512 836
511 836
510 836
509 836
508 836
507 836
506 836
505 836
504 836
503 836
502 836
501 836
500 836
499 836
498 836
497 836
496 836
495 837
494 837
493 837
492 837
491 837
490 837
489 838
488 838
487 838
486 838
485 838
484 838
483 838
482 838
481 838
480 838
479 838
478 838
477 838
476 838
475 838
474 838
473 838
472 838
471 838
470 838
469 838
468 838
467 838
466 837
465 837
464 837
463 837
462 837
461 837
460 836
459 836
458 836
457 836
456 836
455 836
454 836
453 836
452 836
451 836
450 836
449 836
448 836
447 836
446 836
445 836
444 836
443 836
442 836
441 836
440 836
439 836
438 836
437 836
436 836
435 837
434 837
433 837
432 837
431 837
430 837
429 838
428 838
427 838
426 838
425 838
424 839
423 839
422 839
421 839
420 839
419 839
418 839
417 839
416 839
415 839
414 839
413 840
412 840
411 840
410 840
409 840
408 840
407 840
406 840
405 840
404 840
403 840
402 840
401 840
400 839
399 839
398 839
397 839
396 839
395 839
394 839
393 839
392 839
391 839
390 839
389 839
388 839
387 839
386 839
385 840
384 840
383 840
382 840
381 840
380 840
379 841
378 841
377 841
376 841
375 841
374 842
373 842
372 842
371 843
370 843
369 843
368 843
367 843
366 844
365 844
364 844
363 844
362 844
361 845
360 845
359 845
358 845
357 845
356 846
355 846
354 846
353 847
352 847
351 847
350 847
349 847
348 847
347 847
346 847
345 847
344 847
343 847
342 847
341 847
340 847
339 847
338 847
337 847
336 847
335 847
334 847
333 848
332 848
331 848
330 848
329 849
328 849
327 849
326 850
325 850
324 850
323 851
322 851
321 851
320 851
319 852
318 852
317 852
316 852
315 852
314 852
313 852
312 853
311 853
310 853
309 853
308 853
307 853
306 853
305 853
304 853
303 853
302 853
301 853
300 853
299 853
298 853
297 853
296 853
295 853
294 853
293 853
292 853
291 853
290 853
289 853
288 853
287 853
286 853
285 853
284 852
283 852
282 852
281 852
280 852
279 852
278 851
277 851
276 851
275 851
274 851
273 851
272 851
271 851
270 851
269 851
268 851
267 852
266 852
265 852
264 852
263 853
262 853
261 853
260 854
259 854
258 854
257 854
256 854
255 854
254 855
253 855
252 855
251 855
250 855
249 855
248 855
247 855
246 855
245 855
244 856
243 856
242 856
241 856
240 856
239 856
238 857
237 857
236 857
235 857
234 857
233 858
232 858
231 859
230 859
229 859
228 860
227 860
226 860
225 860
224 860
223 860
222 861
221 861
220 861
219 861
218 861
217 861
216 861
215 861
214 861
213 861
212 861
211 861
210 861
209 861
208 861
207 861
206 862
205 862
204 862
203 862
202 862
201 862
200 862
199 862
198 862
197 862
196 862
195 862
194 862
193 862
192 862
191 862
190 862
189 862
188 862
187 862
186 862
185 862
184 862
183 862
182 862
181 862
180 862
179 863
178 863
177 863
176 863
175 863
174 863
173 863
172 863
171 863
170 863
169 863
168 862
167 863
166 863
165 863
164 863
163 863
162 863
161 863
160 863
159 864
158 864
157 864
156 864
155 864
154 864
153 865
152 865
151 865
150 865
149 866
148 866
147 866
146 866
145 866
144 867
143 867
142 867
141 867
140 868
139 868
138 868
137 868
136 869
135 869
134 869
133 869
132 869
131 869
130 870
129 870
128 870
127 870
126 870
125 870
124 870
123 870
122 870
121 871
120 871
119 871
118 871
117 871
116 871
115 871
114 871
113 871
112 871
111 871
110 871
109 871
108 871
107 871
106 871
105 871
104 871
103 871
102 871
101 871
100 871
99 871
98 871
97 871
96 872
95 872
94 872
93 872
92 872
91 873
90 873
89 874
88 874
87 874
86 875
85 875
84 876
83 876
82 877
81 877
80 878
79 878
78 879
77 879
76 880
75 880
74 880
73 881
72 881
71 881
70 881
69 882
68 882
67 882
66 883
65 883
64 884
63 884
62 884
61 885
60 885
59 886
58 886
57 886
56 886
55 887
54 887
53 887
52 887
51 888
50 888
49 888
48 888
47 889
46 889
45 889
44 890
43 890
42 891
41 892
40 893
39 893
38 894
37 894
36 895
35 896
34 897
33 897
32 898
31 899
30 899
30 900
29 901
28 902
28 903
27 904
27 905
27 906
27 907
27 908
27 909
27 910
27 911
27 912
27 913
28 914
28 915
28 916
29 917
29 918
29 919
30 920
30 921
30 922
31 923
32 924
33 925
33 926
34 927
35 928
36 928
37 929
38 929
39 930
40 930
41 931
42 932
43 933
44 934
45 934
46 935
47 936
48 937
49 938
50 938
51 939
52 940
53 940
54 941
55 941
56 941
57 942
58 942
59 942
60 942
61 942
62 942
63 942
64 943
65 943
66 943
67 943
68 943
69 944
70 944
71 944
72 944
73 944
74 945
75 945
76 945
77 946
78 946
79 946
80 947
81 947
82 947
83 948
84 948
85 948
86 949
87 949
88 950
89 950
90 951
91 951
92 952
93 952
94 953
95 953
96 953
97 954
98 954
99 954
100 955
101 955
102 956
103 956
104 956
105 957
106 957
107 957
108 957
109 958
110 958
111 958
112 958
113 958
114 959
115 959
116 959
117 959
118 959
119 959
120 959
121 959
122 959
123 960
124 960
125 960
126 960
127 960
128 960
129 960
130 960
131 960
132 960
133 960
134 961
135 961
136 961
137 962
138 962
139 963
140 963
141 964
142 964
143 965
144 965
145 965
146 966
147 966
148 966
149 966
150 967
151 967
152 967
153 967
154 967
155 967
156 968
157 968
158 968
159 968
160 968
161 968
162 968
163 968
164 968
165 968
166 968
167 968
168 968
169 968
170 969
171 969
172 969
173 969
174 969
175 970
176 970
177 970
178 970
179 971
180 971
181 971
182 971
183 971
184 972
185 972
186 972
187 972
188 972
189 972
190 972
191 972
192 972
193 972
194 972
195 972
196 972
197 972
198 972
199 972
200 973
201 973
202 973
203 973
204 973
205 973
206 974
207 974
208 974
209 974
210 974
211 974
212 974
213 974
214 974
215 975
216 975
217 975
218 975
219 975
220 975
221 976
222 976
223 976
224 977
225 977
226 977
227 977
228 978
229 978
230 978
231 978
232 979
233 979
234 979
235 979
236 979
237 980
238 980
239 980
240 980
241 980
242 980
243 980
244 980
245 980
246 981
247 981
248 981
249 981
250 981
251 981
252 982
253 982
254 982
255 982
256 983
257 983
258 984
259 984
260 984
261 985
262 985
263 985
264 986
265 986
266 986
267 987
268 987
269 987
270 987
271 987
272 987
273 987
274 987
275 987
276 987
277 988
278 988
279 988
280 988
281 988
282 988
283 988
284 988
285 987
286 987
287 987
288 987
289 987
290 987
291 987
292 986
293 986
294 986
295 986
296 986
297 986
298 986
299 985
300 985
301 985
302 985
303 985
304 985
305 985
306 985
307 985
308 985
309 985
310 985
311 985
312 985
313 985
314 985
315 985
316 985
317 986
318 986
319 986
320 986
321 986
322 986
323 986
324 986
325 987
326 987
327 987
328 987
329 987
330 988
331 988
332 988
333 988
334 989
335 989
336 989
337 989
338 990
339 990
340 990
341 990
342 990
343 990
344 990
345 991
346 991
347 991
348 991
349 991
350 992
351 992
352 992
353 992
354 993
355 993
356 993
357 994
358 994
359 994
360 995
361 995
362 996
363 996
364 997
365 997
366 998
367 998
368 999
369 999
370 1000
371 1000
372 1001
373 1001
374 1001
375 1001
376 1001
377 1001
378 1001
379 1001
380 1001
381 1001
382 1000
383 1000
384 1000
385 1000
386 999
387 999
388 999
389 999
390 998
391 998
392 998
393 998
394 998
395 998
396 997
397 997
398 997
399 997
400 997
401 997
402 997
403 997
404 997
405 997
406 997
407 997
408 997
409 997
410 997
411 997
412 997
413 997
414 997
415 997
416 997
417 997
418 997
419 997
420 997
421 997
422 997
423 996
424 996
425 996
426 996
427 996
428 996
429 996
430 996
431 996
432 996
433 996
434 996
435 997
436 997
437 997
438 997
439 997
440 997
441 998
442 998
443 998
444 999
445 999
446 999
447 1000
448 1000
449 1000
450 1000
451 1000
452 1000
453 1000
454 1000
455 1000
456 1000
457 1000
458 1000
459 1000
460 1000
461 1000
462 1000
463 1000
464 1000
465 1000
466 1000
467 1000
468 1000
469 1000
470 1000
471 1000
472 1000
473 1000
474 1000
475 1000
476 1000
477 999
478 999
479 999
480 999
481 999
482 999
483 999
484 999
485 999
486 999
487 998
488 998
489 998
490 997
491 997
492 996
493 996
494 995
495 994
496 994
497 993
498 993
499 993
500 992
501 992
502 991
503 991
504 991
505 990
506 990
507 990
508 990
509 990
510 990
511 989
512 989
513 989
514 989
515 988
516 988
517 988
518 988
519 988
520 988
521 988
522 988
523 988
524 989
525 989
526 989
527 989
528 989
529 989
530 989
531 989
532 989
533 989
534 989
535 989
536 989
537 989
538 989
539 989
540 989
541 989
542 989
543 989
544 989
545 989
546 988
547 988
548 988
549 988
550 987
551 987
552 987
553 986
554 986
555 985
556 985
557 984
558 984
559 983
560 983
561 982
562 982
563 981
564 981
565 981
566 980
567 980
568 979
569 979
570 979
571 978
572 978
573 978
574 978
575 978
576 978
577 978
578 977
579 977
580 977
581 977
582 977
583 976
584 976
585 976
586 976
587 976
588 975
589 975
590 975
591 975
592 975
593 975
594 975
595 974
596 974
597 974
598 974
599 974
600 974
601 974
602 974
603 974
604 973
605 973
606 973
607 973
608 972
609 972
610 971
611 971
612 970
613 970
614 969
615 969
616 968
617 968
618 968
619 967
620 967
621 966
622 966
623 966
624 965
625 965
626 965
627 964
628 964
629 963
630 963
631 963
632 962
633 962
634 962
635 961
636 961
637 960
638 960
639 959
640 959
641 958
642 958
643 957
644 956
645 956
646 955
647 954
648 953
649 952
650 951
650 950
651 949
652 948
652 947
653 946
654 945
654 944
655 943
655 942
655 941
656 940
656 939
657 938
657 937
657 936
657 935
657 934
657 933
658 932
658 931
658 930
658 929
658 928
658 927
658 926
658 925
659 924
659 923
659 922
659 921
659 920
660 919
660 918
660 917
660 916
660 915
660 914
660 913
661 912
661 911
661 910
661 909
661 908
661 907
661 906
661 905
661 904
661 903
661 902
661 901
661 900
661 899
661 898
661 897
661 896
661 895
661 894
661 893
661 892
661 891
660 890
660 889
660 888
659 887
659 886
658 885
657 884
657 883
656 882
655 881
654 880
653 879
652 878
651 877
650 876
650 875
649 874
648 873
647 872
646 871
646 870
645 869
645 868
644 867
643 866
642 865
642 864
641 863
640 862
639 861
638 860
637 859
636 859
635 858
634 858
633 857
632 857
631 856
630 856
629 855
628 855
627 855
626 855
625 855
624 855
623 854
622 854
621 853
620 853
619 852
618 852
617 851
616 850
615 850
614 849
613 848
612 848
611 847
610 846
609 846
608 845
607 845
606 845
605 844
604 844
603 844
602 844
601 844
600 843
599 843
598 843
597 843
596 843
595 842
594 842
593 841
592 841
591 841
590 840
589 840
588 839
587 839
586 839
585 838
584 838
583 838
582 838
581 838
580 837
579 837
578 837
577 837
576 837
575 837
574 837
573 837
572 837
571 837
570 837
569 837
568 836
567 836
566 836
565 836
564 836
563 836
562 836
561 836
560 836
559 836
558 836
557 837
556 837
555 837
554 837
553 837
552 837
551 837
550 837
549 837
548 837
547 837
546 837
545 837
544 837
543 837
542 837
541 836
540 836
539 836
538 836
537 836
536 836
535 836
534 836
533 836
532 836
531 835
530 835
529 835
528 835
527 835
526 835
525 835
524 835
523 835
522 835
521 835
520 835
