467 1037
466 1038
465 1038
464 1038
463 1038
462 1039
461 1039
460 1039
459 1039
458 1039
457 1039
456 1039
455 1039
454 1039
453 1039
452 1039
451 1039
450 1038
449 1038
448 1038
447 1038
446 1038
445 1038
444 1038
443 1038
442 1038
441 1038
440 1038
439 1038
438 1038
437 1038
436 1038
435 1038
434 1038
433 1038
432 1038
431 1038
430 1039
429 1039
428 1039
427 1039
426 1039
425 1040
424 1040
423 1040
422 1040
421 1040
420 1040
419 1040
418 1040
417 1041
416 1041
415 1041
414 1041
413 1041
412 1041
411 1041
410 1041
409 1041
408 1041
407 1041
406 1041
405 1041
404 1041
403 1041
402 1041
401 1041
400 1041
399 1041
398 1041
397 1041
396 1041
395 1041
394 1041
393 1041
392 1040
391 1040
390 1040
389 1040
388 1040
387 1039
386 1039
385 1039
384 1039
383 1039
382 1038
381 1038
380 1038
379 1038
378 1038
377 1038
376 1038
375 1038
374 1038
373 1038
372 1038
371 1038
370 1038
369 1038
368 1038
367 1038
366 1038
365 1038
364 1038
363 1038
362 1038
361 1039
360 1039
359 1039
358 1039
357 1039
356 1039
355 1039
354 1039
353 1039
352 1039
351 1039
350 1040
349 1040
348 1040
347 1040
346 1040
345 1040
344 1040
343 1040
342 1040
341 1040
340 1040
339 1039
338 1039
337 1039
336 1039
335 1039
334 1039
333 1039
332 1039
331 1039
330 1039
329 1039
328 1039
327 1039
326 1039
325 1039
324 1039
323 1038
322 1038
321 1038
320 1038
319 1038
318 1038
317 1038
316 1038
315 1038
314 1039
313 1039
312 1039
311 1039
310 1039
309 1040
308 1040
307 1040
306 1040
305 1040
304 1041
303 1041
302 1042
301 1042
300 1042
299 1043
298 1043
297 1044
296 1044
295 1044
294 1045
293 1045
292 1045
291 1046
290 1046
289 1046
288 1047
287 1047
286 1048
285 1048
284 1048
283 1048
282 1049
281 1049
280 1049
279 1050
278 1050
277 1050
276 1050
275 1050
274 1050
273 1050
272 1050
271 1050
270 1050
269 1050
268 1050
267 1050
266 1051
265 1051
264 1051
263 1051
262 1052
261 1052
260 1052
259 1052
258 1053
257 1053
256 1054
255 1054
254 1054
253 1054
252 1055
251 1055
250 1055
249 1056
248 1056
247 1057
246 1057
245 1058
244 1058
243 1059
242 1059
241 1059
240 1060
239 1060
238 1061
237 1061
236 1062
235 1062
234 1062
233 1062
232 1063
231 1063
230 1063
229 1063
228 1063
227 1064
226 1064
225 1064
224 1064
223 1064
222 1064
221 1065
220 1065
219 1065
218 1065
217 1065
216 1065
215 1065
214 1065
213 1065
212 1065
211 1065
210 1065
209 1065
208 1065
207 1065
206 1065
205 1065
204 1065
203 1065
202 1065
201 1065
200 1065
199 1065
198 1065
197 1065
196 1065
195 1065
194 1066
193 1066
192 1066
191 1067
190 1067
189 1067
188 1067
187 1067
186 1067
185 1068
184 1068
183 1068
182 1068
181 1069
180 1069
179 1069
178 1069
177 1069
176 1070
175 1070
174 1070
173 1070
172 1070
171 1070
170 1071
169 1071
168 1071
167 1071
166 1071
165 1071
164 1071
163 1071
162 1071
161 1072
160 1072
159 1072
158 1072
157 1072
156 1072
155 1072
154 1072
153 1072
152 1072
151 1073
150 1073
149 1073
148 1073
147 1073
146 1074
145 1074
144 1074
143 1075
142 1075
141 1075
140 1076
139 1076
138 1077
137 1077
136 1077
135 1077
134 1078
133 1078
132 1078
131 1078
130 1078
129 1078
128 1079
127 1079
126 1079
125 1079
124 1079
123 1079
122 1080
121 1080
120 1080
119 1080
118 1081
117 1081
116 1081
115 1081
114 1082
113 1082
112 1083
111 1083
110 1084
109 1084
108 1084
107 1085
106 1085
105 1085
104 1086
103 1086
102 1087
101 1087
100 1087
99 1087
98 1088
97 1088
96 1089
95 1089
94 1090
93 1090
92 1091
91 1091
90 1091
89 1092
88 1092
87 1093
86 1093
85 1094
84 1094
83 1095
82 1095
81 1095
80 1096
79 1096
78 1096
77 1096
76 1096
75 1096
74 1096
73 1096
72 1096
71 1097
70 1097
69 1097
68 1097
67 1097
66 1097
65 1098
64 1098
63 1098
62 1098
61 1098
60 1099
59 1099
58 1099
57 1099
56 1100
55 1100
54 1100
53 1100
52 1100
51 1100
50 1100
49 1100
48 1101
47 1101
46 1101
45 1101
44 1101
43 1102
42 1102
41 1102
40 1103
39 1103
38 1103
37 1104
36 1104
35 1105
34 1105
33 1106
32 1107
31 1107
30 1108
29 1108
28 1109
27 1109
26 1110
25 1111
24 1112
23 1113
23 1114
23 1115
23 1116
23 1117
24 1117
25 1118
26 1119
26 1120
27 1121
27 1122
28 1123
29 1124
30 1125
31 1125
32 1126
33 1127
34 1128
35 1129
36 1130
37 1130
38 1131
39 1131
40 1132
41 1132
42 1132
43 1133
44 1133
45 1133
46 1134
47 1134
48 1134
49 1135
50 1135
51 1135
52 1135
53 1136
54 1136
55 1136
56 1136
57 1137
58 1136
59 1136
60 1137
61 1137
62 1137
63 1137
64 1137
65 1138
66 1138
67 1138
68 1138
69 1138
70 1138
71 1138
72 1138
73 1138
74 1138
75 1138
76 1138
77 1138
78 1138
79 1138
80 1138
81 1138
82 1139
83 1139
84 1139
85 1139
86 1139
87 1139
88 1140
89 1140
90 1140
91 1140
92 1140
93 1140
94 1141
95 1141
96 1141
97 1141
98 1142
99 1142
100 1143
101 1143
102 1143
103 1143
104 1144
105 1144
106 1144
107 1144
108 1144
109 1144
110 1145
111 1145
112 1145
113 1145
114 1145
115 1146
116 1146
117 1147
118 1147
119 1147
120 1147
121 1148
122 1148
123 1149
124 1149
125 1149
126 1150
127 1150
128 1151
129 1152
130 1152
131 1153
132 1153
133 1154
134 1154
135 1155
136 1156
137 1156
138 1156
139 1156
140 1157
141 1157
142 1158
143 1158
144 1158
145 1159
146 1159
147 1160
148 1160
149 1161
150 1161
151 1161
152 1162
153 1162
154 1163
155 1163
156 1163
157 1163
158 1164
159 1164
160 1164
161 1164
162 1164
163 1165
164 1165
165 1166
166 1166
167 1166
168 1166
169 1167
170 1167
171 1167
172 1167
173 1167
174 1167
175 1167
176 1167
177 1167
178 1167
179 1167
180 1167
181 1167
182 1167
183 1166
184 1166
185 1166
186 1166
187 1166
188 1166
189 1166
190 1166
191 1166
192 1167
193 1167
194 1167
195 1167
196 1167
197 1167
198 1167
199 1166
200 1166
201 1166
202 1166
203 1166
204 1166
205 1166
206 1166
207 1166
208 1167
209 1167
210 1167
211 1167
212 1167
213 1167
214 1168
215 1168
216 1168
217 1168
218 1168
219 1168
220 1168
221 1168
222 1169
223 1169
224 1169
225 1169
226 1169
227 1170
228 1170
229 1170
230 1170
231 1170
232 1170
233 1170
234 1171
235 1171
236 1171
237 1171
238 1171
239 1172
240 1172
241 1172
242 1172
243 1172
244 1171
245 1171
246 1171
247 1171
248 1171
249 1170
250 1170
251 1170
252 1169
253 1169
254 1169
255 1169
256 1168
257 1168
258 1168
259 1168
260 1168
261 1168
262 1168
263 1168
264 1168
265 1168
266 1168
267 1168
268 1168
269 1168
270 1168
271 1168
272 1168
273 1168
274 1168
275 1168
276 1168
277 1168
278 1168
279 1168
280 1168
281 1168
282 1168
283 1168
284 1168
285 1168
286 1167
287 1167
288 1167
289 1167
290 1167
291 1167
292 1167
293 1167
294 1167
295 1167
296 1167
297 1167
298 1167
299 1167
300 1167
301 1167
302 1167
303 1167
304 1168
305 1168
306 1168
307 1168
308 1168
309 1168
310 1168
311 1168
312 1168
313 1168
314 1167
315 1167
316 1167
317 1167
318 1167
319 1167
320 1167
321 1167
322 1167
323 1167
324 1167
325 1167
326 1167
327 1167
328 1167
329 1167
330 1167
331 1167
332 1167
333 1167
334 1167
335 1167
336 1167
337 1167
338 1167
339 1167
340 1167
341 1167
342 1168
343 1168
344 1168
345 1168
346 1169
347 1169
348 1169
349 1169
350 1169
351 1170
352 1170
353 1170
354 1171
355 1171
356 1171
357 1171
358 1171
359 1172
360 1172
361 1172
362 1172
363 1172
364 1172
365 1172
366 1172
367 1171
368 1172
369 1172
370 1171
371 1171
372 1171
373 1171
374 1170
375 1170
376 1170
377 1170
378 1170
379 1170
380 1169
381 1169
382 1169
383 1169
384 1169
385 1169
386 1169
387 1169
388 1169
389 1169
390 1168
391 1168
392 1168
393 1167
394 1167
395 1167
396 1167
397 1167
398 1167
399 1167
400 1166
401 1166
402 1166
403 1166
404 1166
405 1166
406 1166
407 1166
408 1165
409 1165
410 1165
411 1165
412 1165
413 1165
414 1165
415 1165
416 1165
417 1165
418 1165
419 1165
420 1165
421 1165
422 1165
423 1165
424 1166
425 1166
426 1166
427 1166
428 1166
429 1166
430 1166
431 1167
432 1167
433 1167
434 1167
435 1167
436 1167
437 1167
438 1167
439 1167
440 1167
441 1167
442 1167
443 1168
444 1168
445 1168
446 1168
447 1168
448 1168
449 1168
450 1168
451 1168
452 1168
453 1167
454 1167
455 1167
456 1167
457 1167
458 1166
459 1166
460 1166
461 1166
462 1166
463 1166
464 1166
465 1166
466 1166
467 1166
468 1166
469 1166
470 1166
471 1166
472 1166
473 1166
474 1166
475 1166
476 1166
477 1166
478 1166
479 1166
480 1167
481 1167
482 1167
483 1167
484 1167
485 1167
486 1167
487 1167
488 1168
489 1168
490 1168
491 1168
492 1167
493 1167
494 1167
495 1167
496 1167
497 1167
498 1167
499 1167
500 1167
501 1167
502 1167
503 1167
504 1166
505 1166
506 1166
507 1166
508 1166
509 1165
510 1165
511 1165
512 1165
513 1165
514 1165
515 1165
516 1165
517 1165
518 1165
519 1165
520 1165
521 1165
522 1165
523 1165
524 1165
525 1165
526 1165
527 1165
528 1165
529 1165
530 1165
531 1165
532 1165
533 1165
534 1165
535 1165
536 1165
537 1164
538 1164
539 1164
540 1164
541 1164
542 1164
543 1164
544 1164
545 1164
546 1164
547 1164
548 1164
549 1164
550 1164
551 1164
552 1164
553 1163
554 1163
555 1163
556 1163
557 1163
558 1163
559 1163
560 1162
561 1162
562 1162
563 1162
564 1162
565 1161
566 1161
567 1161
568 1161
569 1160
570 1160
571 1160
572 1159
573 1159
574 1159
575 1158
576 1158
577 1158
578 1157
579 1157
580 1157
581 1156
582 1156
583 1156
584 1155
585 1155
586 1154
587 1154
588 1153
589 1153
590 1153
591 1153
592 1152
593 1152
594 1152
595 1152
596 1152
597 1152
598 1152
599 1152
600 1151
601 1151
602 1151
603 1151
604 1151
605 1151
606 1151
607 1151
608 1151
609 1150
610 1150
611 1150
612 1150
613 1150
614 1149
615 1149
616 1149
617 1149
618 1148
619 1149
620 1149
621 1148
622 1148
623 1148
624 1148
625 1148
626 1148
627 1148
628 1147
629 1147
630 1146
631 1146
632 1145
633 1144
634 1143
635 1142
636 1141
637 1140
638 1139
639 1138
640 1137
641 1136
642 1135
643 1135
644 1134
645 1133
646 1132
647 1131
648 1130
649 1129
650 1128
651 1127
652 1126
652 1125
653 1124
654 1123
654 1122
654 1121
655 1120
655 1119
655 1118
656 1117
656 1116
656 1115
656 1114
656 1113
657 1112
657 1111
657 1110
657 1109
657 1108
657 1107
657 1106
657 1105
657 1104
656 1103
656 1102
655 1101
655 1100
654 1099
654 1098
653 1097
652 1096
651 1095
650 1094
649 1093
649 1092
648 1091
647 1090
646 1089
645 1088
644 1087
644 1086
643 1085
642 1084
641 1083
640 1082
639 1081
638 1080
637 1079
636 1078
636 1077
635 1077
634 1076
633 1075
632 1074
631 1073
630 1073
629 1072
628 1071
627 1070
626 1070
625 1069
624 1068
623 1067
622 1066
621 1066
620 1065
619 1064
618 1064
617 1063
616 1062
615 1061
614 1060
613 1059
612 1059
611 1058
610 1057
609 1057
608 1056
607 1055
606 1054
605 1053
604 1053
603 1052
602 1052
601 1051
600 1051
599 1051
598 1050
597 1050
596 1049
595 1048
594 1048
593 1047
592 1047
591 1047
590 1046
589 1046
588 1046
587 1046
586 1046
585 1046
584 1046
583 1045
582 1046
581 1045
580 1045
579 1045
578 1045
577 1044
576 1044
575 1044
574 1044
573 1044
572 1044
571 1044
570 1044
569 1044
568 1044
567 1043
566 1043
565 1043
564 1043
563 1043
562 1043
561 1043
560 1043
559 1043
558 1043
557 1043
556 1043
555 1044
554 1044
553 1044
552 1044
551 1044
550 1044
549 1044
548 1044
547 1044
546 1044
545 1044
544 1044
543 1044
542 1044
541 1043
540 1043
539 1043
538 1043
537 1042
536 1042
535 1042
534 1042
533 1042
532 1041
531 1041
530 1041
529 1041
528 1041
527 1041
526 1041
525 1041
524 1041
523 1041
522 1041
521 1041
520 1041
519 1041
518 1041
517 1041
516 1041
515 1041
514 1041
513 1041
512 1041
511 1041
510 1041
509 1041
508 1041
507 1041
506 1041
505 1041
504 1041
503 1041
502 1041
501 1041
500 1041
499 1041
498 1041
497 1041
496 1041
495 1041
494 1041
493 1041
492 1041
491 1041
490 1041
489 1040
488 1040
487 1040
486 1040
485 1040
484 1039
483 1039
482 1039
481 1039
480 1038
479 1038
478 1038
477 1038
476 1037
475 1037
474 1037
473 1037
472 1037
471 1037
470 1037
469 1037
468 1037
467 1037
