517 1205
516 1206
515 1206
514 1206
513 1206
512 1207
511 1206
510 1207
509 1207
508 1207
507 1208
506 1208
505 1208
504 1209
503 1209
502 1210
501 1210
500 1210
499 1211
498 1211
497 1211
496 1212
495 1212
494 1212
493 1213
492 1213
491 1213
490 1214
489 1214
488 1215
487 1215
486 1216
485 1216
484 1217
483 1217
482 1217
481 1218
480 1218
479 1219
478 1219
477 1219
476 1219
475 1220
474 1220
473 1220
472 1220
471 1220
470 1220
469 1221
468 1221
467 1221
466 1221
465 1221
464 1221
463 1221
462 1221
461 1221
460 1221
459 1221
458 1221
457 1221
456 1221
455 1221
454 1221
453 1221
452 1221
451 1221
450 1221
449 1221
448 1221
447 1221
446 1221
445 1221
444 1221
443 1221
442 1221
441 1221
440 1221
439 1221
438 1221
437 1221
436 1221
435 1221
434 1221
433 1222
432 1222
431 1222
430 1222
429 1222
428 1222
427 1222
426 1223
425 1223
424 1223
423 1223
422 1223
421 1223
420 1223
419 1223
418 1223
417 1223
416 1223
415 1223
414 1223
413 1223
412 1223
411 1223
410 1223
409 1223
408 1223
407 1223
406 1223
405 1223
404 1223
403 1223
402 1223
401 1223
400 1223
399 1223
398 1223
397 1224
396 1224
395 1224
394 1224
393 1224
392 1224
391 1224
390 1224
389 1224
388 1224
387 1224
386 1223
385 1223
384 1223
383 1223
382 1223
381 1223
380 1223
379 1223
378 1223
377 1223
376 1223
375 1223
374 1223
373 1223
372 1223
371 1223
370 1223
369 1223
368 1223
367 1223
366 1224
365 1224
364 1224
363 1224
362 1224
361 1224
360 1225
359 1225
358 1225
357 1225
356 1225
355 1225
354 1225
353 1225
352 1225
351 1225
350 1225
349 1225
348 1225
347 1225
346 1225
345 1225
344 1225
343 1225
342 1225
341 1225
340 1224
339 1224
338 1224
337 1224
336 1224
335 1224
334 1225
333 1225
332 1225
331 1225
330 1225
329 1225
328 1226
327 1226
326 1226
325 1227
324 1227
323 1227
322 1227
321 1227
320 1227
319 1227
318 1227
317 1227
316 1227
315 1228
314 1228
313 1228
312 1228
311 1229
310 1229
309 1229
308 1230
307 1230
306 1231
305 1231
304 1232
303 1232
302 1232
301 1233
300 1233
299 1233
298 1233
297 1233
296 1234
295 1234
294 1234
293 1234
292 1234
291 1234
290 1234
289 1234
288 1234
287 1234
286 1234
285 1234
284 1235
283 1235
282 1235
281 1235
280 1235
279 1235
278 1235
277 1235
276 1235
275 1234
274 1234
273 1234
272 1234
271 1233
270 1233
269 1232
268 1232
267 1232
266 1232
265 1232
264 1232
263 1232
262 1232
261 1232
260 1232
259 1232
258 1232
257 1232
256 1232
255 1233
254 1233
253 1234
252 1234
251 1235
250 1235
249 1235
248 1236
247 1236
246 1236
245 1236
244 1237
243 1237
242 1237
241 1237
240 1237
239 1237
238 1237
237 1237
236 1237
235 1237
234 1236
233 1236
232 1236
231 1236
230 1236
229 1236
228 1236
227 1236
226 1236
225 1236
224 1236
223 1236
222 1236
221 1237
220 1237
219 1237
218 1238
217 1238
216 1238
215 1239
214 1239
213 1240
212 1240
211 1241
210 1241
209 1241
208 1242
207 1242
206 1243
205 1243
204 1244
203 1244
202 1244
201 1244
200 1245
199 1245
198 1245
197 1246
196 1246
195 1246
194 1247
193 1247
192 1247
191 1248
190 1248
189 1248
188 1249
187 1249
186 1249
185 1250
184 1250
183 1250
182 1250
181 1251
180 1251
179 1251
178 1251
177 1252
176 1252
175 1252
174 1252
173 1253
172 1253
171 1254
170 1254
169 1255
168 1255
167 1256
166 1256
165 1257
164 1257
163 1258
162 1258
161 1258
160 1258
159 1259
158 1259
157 1259
156 1259
155 1260
154 1260
153 1260
152 1261
151 1261
150 1261
149 1262
148 1262
147 1262
146 1262
145 1262
144 1262
143 1263
142 1263
141 1263
140 1263
139 1263
138 1263
137 1264
136 1264
135 1265
134 1265
133 1265
132 1265
131 1266
130 1266
129 1266
128 1266
127 1267
126 1267
125 1267
124 1267
123 1267
122 1268
121 1268
120 1268
119 1268
118 1268
117 1268
116 1268
115 1268
114 1268
113 1268
112 1268
111 1268
110 1268
109 1269
108 1269
107 1270
106 1270
105 1271
104 1271
103 1272
102 1272
101 1273
100 1273
99 1274
98 1274
97 1274
96 1274
95 1275
94 1275
93 1276
92 1276
91 1276
90 1277
89 1277
88 1277
87 1278
86 1278
85 1278
84 1279
83 1279
82 1279
81 1279
80 1279
79 1279
78 1280
77 1280
76 1280
75 1280
74 1280
73 1280
72 1281
71 1281
70 1281
69 1281
68 1282
67 1282
66 1283
65 1283
64 1283
63 1284
62 1284
61 1285
60 1285
59 1285
58 1286
57 1286
56 1287
55 1287
54 1288
53 1288
52 1289
51 1289
50 1289
49 1289
48 1290
47 1290
46 1290
45 1291
44 1291
43 1292
42 1292
41 1292
40 1292
39 1293
38 1293
37 1294
36 1294
35 1295
34 1295
33 1296
32 1296
31 1297
30 1297
29 1298
28 1299
27 1300
27 1301
27 1302
27 1303
26 1304
26 1305
26 1306
27 1307
27 1308
28 1309
28 1310
29 1311
29 1312
29 1313
30 1314
30 1315
31 1316
32 1317
33 1318
34 1319
35 1320
36 1320
37 1320
38 1321
39 1321
40 1321
41 1322
42 1322
43 1323
44 1323
45 1323
46 1323
47 1323
48 1324
49 1324
50 1324
51 1324
52 1324
53 1324
54 1324
55 1324
56 1324
57 1324
58 1324
59 1324
60 1324
61 1324
62 1324
63 1324
64 1324
65 1324
66 1324
67 1324
68 1324
69 1325
70 1325
71 1325
72 1325
73 1325
74 1325
75 1325
76 1325
77 1326
78 1326
79 1326
80 1326
81 1326
82 1326
83 1326
84 1326
85 1326
86 1326
87 1326
88 1326
89 1326
90 1326
91 1327
92 1327
93 1327
94 1327
95 1327
96 1327
97 1327
98 1327
99 1327
100 1327
101 1327
102 1327
103 1327
104 1327
105 1327
106 1327
107 1327
108 1327
109 1328
110 1328
111 1328
112 1328
113 1328
114 1328
115 1329
116 1329
117 1329
118 1329
119 1329
120 1330
121 1330
122 1330
123 1330
124 1330
125 1330
126 1330
127 1330
128 1330
129 1330
130 1330
131 1330
132 1330
133 1330
134 1330
135 1330
136 1330
137 1330
138 1330
139 1330
140 1330
141 1331
142 1331
143 1331
144 1331
145 1331
146 1331
147 1331
148 1331
149 1332
150 1332
151 1332
152 1332
153 1332
154 1332
155 1333
156 1333
157 1333
158 1333
159 1333
160 1333
161 1333
162 1333
163 1333
164 1333
165 1333
166 1333
167 1333
168 1333
169 1333
170 1333
171 1333
172 1333
173 1333
174 1333
175 1333
176 1333
177 1334
178 1334
179 1334
180 1334
181 1334
182 1334
183 1334
184 1334
185 1335
186 1335
187 1335
188 1335
189 1335
190 1336
191 1336
192 1336
193 1336
194 1336
195 1336
196 1336
197 1336
198 1337
199 1337
200 1337
201 1337
202 1337
203 1337
204 1338
205 1338
206 1338
207 1338
208 1338
209 1338
210 1338
211 1338
212 1338
213 1338
214 1339
215 1339
216 1339
217 1339
218 1339
219 1339
220 1339
221 1339
222 1339
223 1340
224 1340
225 1340
226 1340
227 1340
228 1340
229 1341
230 1341
231 1341
232 1341
233 1341
234 1341
235 1341
236 1342
237 1342
238 1342
239 1342
240 1342
241 1342
242 1342
243 1343
244 1343
245 1343
246 1343
247 1344
248 1344
249 1344
250 1343
251 1344
252 1344
253 1344
254 1344
255 1344
256 1344
257 1344
258 1344
259 1344
260 1345
261 1345
262 1345
263 1345
264 1346
265 1346
266 1346
267 1346
268 1346
269 1346
270 1346
271 1347
272 1347
273 1347
274 1347
275 1347
276 1347
277 1347
278 1347
279 1347
280 1348
281 1348
282 1348
283 1348
284 1348
285 1348
286 1349
287 1349
288 1349
289 1349
290 1349
291 1349
292 1349
293 1349
294 1349
295 1350
296 1350
297 1350
298 1350
299 1350
300 1350
301 1350
302 1350
303 1350
304 1350
305 1350
306 1350
307 1350
308 1350
309 1350
310 1350
311 1350
312 1350
313 1350
314 1350
315 1351
316 1351
317 1351
318 1351
319 1351
320 1351
321 1352
322 1352
323 1352
324 1352
325 1352
326 1352
327 1353
328 1353
329 1353
330 1354
331 1354
332 1354
333 1354
334 1354
335 1355
336 1354
337 1355
338 1355
339 1355
340 1355
341 1355
342 1356
343 1356
344 1356
345 1356
346 1356
347 1356
348 1356
349 1356
350 1357
351 1357
352 1357
353 1357
354 1357
355 1357
356 1357
357 1357
358 1357
359 1358
360 1358
361 1358
362 1358
363 1358
364 1358
365 1358
366 1358
367 1358
368 1358
369 1358
370 1358
371 1358
372 1358
373 1358
374 1358
375 1358
376 1358
377 1359
378 1359
379 1359
380 1359
381 1359
382 1359
383 1359
384 1359
385 1359
386 1360
387 1360
388 1360
389 1360
390 1360
391 1360
392 1360
393 1360
394 1361
395 1361
396 1361
397 1361
398 1361
399 1362
400 1362
401 1362
402 1362
403 1363
404 1363
405 1363
406 1363
407 1363
408 1364
409 1364
410 1364
411 1364
412 1364
413 1364
414 1364
415 1364
416 1364
417 1364
418 1363
419 1363
420 1363
421 1363
422 1363
423 1363
424 1363
425 1362
426 1362
427 1362
428 1362
429 1362
430 1361
431 1361
432 1361
433 1361
434 1361
435 1361
436 1361
437 1361
438 1361
439 1361
440 1361
441 1361
442 1361
443 1361
444 1361
445 1361
446 1360
447 1360
448 1360
449 1359
450 1359
451 1359
452 1358
453 1358
454 1358
455 1357
456 1357
457 1356
458 1356
459 1355
460 1355
461 1355
462 1355
463 1354
464 1354
465 1354
466 1354
467 1353
468 1353
469 1353
470 1352
471 1352
472 1351
473 1351
474 1351
475 1351
476 1350
477 1350
478 1350
479 1349
480 1349
481 1348
482 1348
483 1348
484 1348
485 1348
486 1348
487 1348
488 1348
489 1348
490 1348
491 1348
492 1348
493 1347
494 1347
495 1347
496 1346
497 1346
498 1346
499 1346
500 1345
501 1345
502 1345
503 1345
504 1345
505 1345
506 1345
507 1345
508 1344
509 1344
510 1344
511 1344
512 1344
513 1343
514 1343
515 1343
516 1343
517 1343
518 1343
519 1342
520 1342
521 1342
522 1342
523 1341
524 1341
525 1341
526 1341
527 1341
528 1341
529 1340
530 1340
531 1340
532 1340
533 1340
534 1340
535 1340
536 1339
537 1339
538 1339
539 1338
540 1338
541 1338
542 1337
543 1337
544 1337
545 1337
546 1337
547 1337
548 1337
549 1336
550 1336
551 1336
552 1336
553 1336
554 1336
555 1335
556 1335
557 1335
558 1335
559 1334
560 1334
561 1333
562 1333
563 1333
564 1332
565 1332
566 1332
567 1332
568 1332
569 1331
570 1331
571 1331
572 1331
573 1331
574 1331
575 1331
576 1331
577 1331
578 1330
579 1330
580 1330
581 1329
582 1329
583 1329
584 1328
585 1328
586 1327
587 1327
588 1327
589 1326
590 1326
591 1326
592 1325
593 1325
594 1325
595 1325
596 1325
597 1325
598 1325
599 1325
600 1324
601 1324
602 1324
603 1324
604 1324
605 1324
606 1324
607 1323
608 1323
609 1323
610 1323
611 1322
612 1322
613 1322
614 1322
615 1321
616 1321
617 1321
618 1321
619 1320
620 1320
621 1320
622 1320
623 1319
624 1319
625 1319
626 1318
627 1318
628 1318
629 1318
630 1317
631 1317
632 1317
633 1317
634 1317
635 1316
636 1316
637 1316
638 1315
639 1315
640 1315
641 1315
642 1314
643 1314
644 1314
645 1313
646 1313
647 1313
648 1312
649 1312
650 1311
651 1311
652 1310
653 1309
654 1308
655 1307
656 1306
657 1305
658 1304
658 1303
659 1302
660 1301
660 1300
660 1299
661 1298
661 1297
661 1296
661 1295
661 1294
661 1293
661 1292
661 1291
660 1290
660 1289
660 1288
660 1287
660 1286
660 1285
659 1284
659 1283
659 1282
658 1281
658 1280
657 1279
656 1278
655 1277
654 1276
653 1276
652 1275
651 1274
650 1273
649 1272
648 1271
648 1270
647 1269
647 1268
646 1267
646 1266
646 1265
645 1264
645 1263
644 1262
644 1261
643 1260
642 1259
641 1258
641 1257
640 1256
640 1255
639 1254
638 1253
637 1252
637 1251
636 1250
635 1249
635 1248
634 1247
633 1246
633 1245
632 1244
631 1243
630 1242
629 1241
628 1240
627 1239
626 1238
625 1237
624 1236
623 1235
622 1234
621 1234
620 1233
619 1233
618 1232
617 1232
616 1231
615 1231
614 1231
613 1231
612 1231
611 1230
610 1230
609 1230
608 1230
607 1229
606 1229
605 1229
604 1228
603 1228
602 1227
601 1227
600 1226
599 1226
598 1226
597 1225
596 1225
595 1224
594 1224
593 1224
592 1223
591 1223
590 1223
589 1223
588 1223
587 1222
586 1221
585 1221
584 1220
583 1219
582 1219
581 1218
580 1218
579 1218
578 1217
577 1217
576 1217
575 1216
574 1216
573 1215
572 1215
571 1214
570 1214
569 1213
568 1212
567 1212
566 1212
565 1212
564 1211
563 1211
562 1211
561 1211
560 1211
559 1211
558 1211
557 1211
556 1210
555 1210
554 1210
553 1210
552 1210
551 1209
550 1209
549 1209
548 1208
547 1208
546 1208
545 1208
544 1208
543 1208
542 1208
541 1208
540 1208
539 1208
538 1208
537 1208
536 1208
535 1207
534 1207
533 1207
532 1207
531 1206
530 1206
529 1205
528 1205
527 1205
526 1205
525 1205
524 1205
523 1205
522 1205
521 1205
520 1205
519 1205
518 1205
517 1205
