282 1398
281 1399
280 1399
279 1399
278 1399
277 1400
276 1400
275 1400
274 1400
273 1400
272 1401
271 1401
270 1401
269 1401
268 1401
267 1402
266 1402
265 1402
264 1402
263 1402
262 1403
261 1403
260 1403
259 1403
258 1403
257 1403
256 1403
255 1403
254 1403
253 1403
252 1403
251 1403
250 1403
249 1403
248 1403
247 1403
246 1403
245 1403
244 1403
243 1403
242 1402
241 1402
240 1402
239 1402
238 1402
237 1402
236 1402
235 1402
234 1402
233 1402
232 1402
231 1402
230 1402
229 1402
228 1402
227 1401
226 1401
225 1401
224 1401
223 1400
222 1400
221 1400
220 1400
219 1400
218 1400
217 1400
216 1400
215 1400
214 1400
213 1400
212 1399
211 1399
210 1399
209 1399
208 1399
207 1400
206 1400
205 1400
204 1400
203 1400
202 1400
201 1401
200 1401
199 1401
198 1402
197 1403
196 1403
195 1404
194 1404
193 1404
192 1405
191 1405
190 1406
189 1406
188 1406
187 1406
186 1406
185 1407
184 1407
183 1407
182 1407
181 1408
180 1408
179 1408
178 1409
177 1409
176 1409
175 1409
174 1410
173 1410
172 1410
171 1410
170 1410
169 1410
168 1410
167 1411
166 1411
165 1411
164 1411
163 1412
162 1412
161 1412
160 1412
159 1412
158 1413
157 1413
156 1413
155 1414
154 1414
153 1415
152 1415
151 1416
150 1417
149 1417
148 1418
147 1418
146 1418
145 1419
144 1420
143 1421
142 1421
141 1422
140 1423
139 1424
138 1425
137 1425
136 1426
135 1427
134 1427
133 1428
132 1429
131 1430
130 1430
129 1430
128 1430
127 1431
126 1431
125 1432
124 1432
123 1433
122 1433
121 1433
120 1434
119 1434
118 1434
117 1435
116 1435
115 1435
114 1436
113 1436
112 1436
111 1436
110 1436
109 1437
108 1437
107 1437
106 1438
105 1438
104 1439
103 1439
102 1439
101 1439
100 1440
99 1440
98 1440
97 1441
96 1441
95 1442
94 1442
93 1442
92 1443
91 1443
90 1443
89 1443
88 1444
87 1444
86 1444
85 1445
84 1445
83 1446
82 1446
81 1446
80 1446
79 1447
78 1447
77 1447
76 1448
75 1448
74 1449
73 1449
72 1449
71 1449
70 1450
69 1450
68 1450
67 1451
66 1451
65 1452
64 1452
63 1452
62 1453
61 1453
60 1453
59 1454
58 1454
57 1454
56 1455
55 1455
54 1455
53 1456
52 1456
51 1456
50 1456
49 1456
48 1457
47 1457
46 1457
45 1458
44 1458
43 1459
42 1459
41 1460
40 1461
39 1462
39 1463
38 1464
38 1465
37 1466
36 1467
35 1468
35 1469
34 1470
34 1471
34 1472
33 1473
33 1474
33 1475
33 1476
33 1477
33 1478
33 1479
33 1480
33 1481
33 1482
33 1483
33 1484
33 1485
33 1486
32 1487
32 1488
32 1489
32 1490
32 1491
32 1492
32 1493
31 1494
31 1495
31 1496
31 1497
31 1498
30 1499
30 1500
30 1501
30 1502
29 1503
29 1504
29 1505
29 1506
29 1507
29 1508
30 1509
30 1510
30 1511
30 1512
31 1513
31 1514
31 1515
32 1516
32 1517
32 1518
33 1519
33 1520
33 1521
33 1522
34 1523
34 1524
34 1525
35 1526
35 1527
36 1528
36 1529
37 1530
38 1531
39 1532
40 1533
41 1534
42 1535
43 1535
44 1536
45 1536
46 1536
47 1537
48 1537
49 1537
50 1537
51 1537
52 1538
53 1538
54 1538
55 1538
56 1538
57 1539
58 1539
59 1539
60 1540
61 1540
62 1540
63 1540
64 1540
65 1540
66 1541
67 1541
68 1541
69 1541
70 1541
71 1541
72 1541
73 1541
74 1541
75 1541
76 1541
77 1542
78 1542
79 1542
80 1542
81 1543
82 1543
83 1543
84 1543
85 1544
86 1544
87 1544
88 1544
89 1544
90 1544
91 1544
92 1544
93 1544
94 1544
95 1544
96 1544
97 1544
98 1544
99 1544
100 1545
101 1545
102 1545
103 1546
104 1546
105 1546
106 1546
107 1547
108 1547
109 1547
110 1547
111 1547
112 1547
113 1547
114 1547
115 1548
116 1548
117 1549
118 1549
119 1549
120 1550
121 1550
122 1550
123 1550
124 1551
125 1551
126 1551
127 1551
128 1551
129 1551
130 1551
131 1552
132 1552
133 1552
134 1552
135 1552
136 1552
137 1552
138 1552
139 1552
140 1552
141 1552
142 1552
143 1552
144 1553
145 1553
146 1554
147 1554
148 1554
149 1554
150 1554
151 1554
152 1554
153 1554
154 1554
155 1555
156 1555
157 1556
158 1556
159 1557
160 1557
161 1557
162 1557
163 1557
164 1557
165 1557
166 1557
167 1558
168 1558
169 1558
170 1558
171 1558
172 1558
173 1558
174 1558
175 1558
176 1558
177 1558
178 1558
179 1559
180 1559
181 1559
182 1559
183 1559
184 1559
185 1559
186 1560
187 1560
188 1560
189 1560
190 1560
191 1561
192 1561
193 1561
194 1562
195 1562
196 1562
197 1562
198 1562
199 1563
200 1562
201 1562
202 1562
203 1562
204 1562
205 1562
206 1562
207 1562
208 1562
209 1562
210 1561
211 1561
212 1561
213 1561
214 1561
215 1561
216 1561
217 1561
218 1562
219 1562
220 1563
221 1563
222 1563
223 1564
224 1564
225 1564
226 1564
227 1564
228 1564
229 1564
230 1564
231 1564
232 1564
233 1564
234 1564
235 1564
236 1564
237 1564
238 1564
239 1564
240 1564
241 1564
242 1564
243 1564
244 1564
245 1564
246 1564
247 1564
248 1564
249 1564
250 1564
251 1564
252 1564
253 1564
254 1564
255 1564
256 1564
257 1564
258 1564
259 1564
260 1564
261 1564
262 1563
263 1563
264 1563
265 1563
266 1563
267 1563
268 1563
269 1564
270 1564
271 1563
272 1563
273 1563
274 1563
275 1563
276 1563
277 1563
278 1563
279 1563
280 1563
281 1563
282 1563
283 1562
284 1562
285 1562
286 1562
287 1562
288 1561
289 1561
290 1561
291 1561
292 1561
293 1561
294 1561
295 1561
296 1561
297 1561
298 1561
299 1561
300 1561
301 1561
302 1561
303 1561
304 1561
305 1561
306 1561
307 1561
308 1561
309 1561
310 1561
311 1561
312 1561
313 1561
314 1561
315 1562
316 1562
317 1562
318 1562
319 1562
320 1562
321 1562
322 1562
323 1562
324 1562
325 1562
326 1562
327 1562
328 1562
329 1562
330 1562
331 1562
332 1562
333 1562
334 1562
335 1562
336 1562
337 1562
338 1561
339 1561
340 1562
341 1562
342 1562
343 1562
344 1562
345 1562
346 1562
347 1563
348 1563
349 1563
350 1563
351 1563
352 1563
353 1563
354 1563
355 1562
356 1562
357 1562
358 1562
359 1562
360 1562
361 1561
362 1562
363 1561
364 1561
365 1561
366 1561
367 1560
368 1560
369 1560
370 1559
371 1559
372 1559
373 1559
374 1558
375 1558
376 1558
377 1558
378 1558
379 1558
380 1558
381 1558
382 1558
383 1558
384 1558
385 1558
386 1558
387 1557
388 1557
389 1557
390 1557
391 1557
392 1557
393 1557
394 1557
395 1557
396 1557
397 1557
398 1557
399 1557
400 1557
401 1557
402 1557
403 1557
404 1557
405 1558
406 1558
407 1558
408 1558
409 1558
410 1558
411 1558
412 1558
413 1558
414 1557
415 1557
416 1557
417 1557
418 1556
419 1556
420 1556
421 1556
422 1556
423 1556
424 1556
425 1556
426 1556
427 1556
428 1556
429 1556
430 1556
431 1557
432 1557
433 1557
434 1556
435 1556
436 1556
437 1556
438 1556
439 1556
440 1555
441 1555
442 1555
443 1555
444 1555
445 1555
446 1555
447 1555
448 1555
449 1555
450 1555
451 1555
452 1555
453 1555
454 1555
455 1555
456 1555
457 1555
458 1555
459 1555
460 1555
461 1556
462 1556
463 1556
464 1556
465 1556
466 1556
467 1556
468 1556
469 1556
470 1556
471 1556
472 1556
473 1556
474 1556
475 1556
476 1556
477 1556
478 1556
479 1556
480 1556
481 1556
482 1556
483 1556
484 1556
485 1556
486 1556
487 1556
488 1556
489 1556
490 1556
491 1556
492 1556
493 1556
494 1556
495 1556
496 1555
497 1555
498 1555
499 1555
500 1555
501 1555
502 1555
503 1555
504 1555
505 1555
506 1555
507 1555
508 1555
509 1555
510 1555
511 1555
512 1555
513 1555
514 1555
515 1555
516 1555
517 1555
518 1555
519 1555
520 1556
521 1556
522 1556
523 1556
524 1556
525 1556
526 1556
527 1556
528 1556
529 1555
530 1555
531 1555
532 1555
533 1555
534 1554
535 1554
536 1554
537 1554
538 1554
539 1554
540 1553
541 1553
542 1553
543 1553
544 1553
545 1553
546 1553
547 1553
548 1553
549 1553
550 1553
551 1553
552 1553
553 1553
554 1553
555 1552
556 1552
557 1552
558 1552
559 1552
560 1552
561 1552
562 1552
563 1552
564 1552
565 1552
566 1552
567 1552
568 1552
569 1552
570 1552
571 1552
572 1552
573 1552
574 1552
575 1552
576 1552
577 1552
578 1552
579 1552
580 1553
581 1553
582 1553
583 1553
584 1553
585 1553
586 1553
587 1553
588 1553
589 1553
590 1553
591 1552
592 1552
593 1551
594 1551
595 1551
596 1550
597 1550
598 1549
599 1549
600 1548
601 1548
602 1547
603 1546
604 1546
605 1545
606 1545
607 1544
608 1543
609 1543
610 1542
611 1542
612 1541
613 1541
614 1540
615 1540
616 1539
617 1538
618 1538
619 1537
620 1536
621 1536
622 1535
623 1534
624 1534
625 1533
626 1533
627 1532
628 1531
629 1531
630 1530
631 1529
632 1529
633 1528
634 1527
635 1527
636 1526
637 1525
638 1524
639 1524
640 1523
641 1523
642 1522
643 1522
644 1521
645 1520
646 1520
647 1520
648 1519
649 1518
650 1518
651 1517
652 1516
653 1515
654 1514
654 1513
654 1512
655 1511
655 1510
655 1509
656 1508
657 1507
658 1506
659 1505
660 1504
660 1503
661 1502
662 1501
662 1500
662 1499
663 1498
663 1497
663 1496
663 1495
664 1494
664 1493
664 1492
664 1491
664 1490
664 1489
664 1488
663 1487
663 1486
663 1485
662 1484
662 1483
662 1482
662 1481
661 1480
661 1479
660 1478
659 1477
658 1476
657 1475
656 1474
655 1473
654 1472
653 1471
652 1470
651 1470
650 1469
649 1468
648 1467
647 1467
646 1466
645 1466
644 1466
643 1465
642 1465
641 1465
640 1464
639 1464
638 1464
637 1464
636 1463
635 1463
634 1463
633 1463
632 1463
631 1462
630 1462
629 1461
628 1461
627 1460
626 1460
625 1459
624 1459
623 1459
622 1459
621 1458
620 1458
619 1458
618 1457
617 1457
616 1457
615 1457
614 1456
613 1456
612 1456
611 1455
610 1455
609 1455
608 1455
607 1455
606 1455
605 1455
604 1454
603 1454
602 1454
601 1453
600 1453
599 1453
598 1452
597 1452
596 1452
595 1451
594 1451
593 1451
592 1451
591 1450
590 1450
589 1450
588 1450
587 1449
586 1449
585 1448
584 1448
583 1447
582 1447
581 1446
580 1446
579 1445
578 1445
577 1444
576 1444
575 1444
574 1443
573 1443
572 1443
571 1442
570 1442
569 1442
568 1442
567 1441
566 1441
565 1441
564 1441
563 1441
562 1441
561 1440
560 1440
559 1440
558 1440
557 1439
556 1439
555 1438
554 1437
553 1437
552 1436
551 1435
550 1435
549 1434
548 1434
547 1433
546 1433
545 1433
544 1432
543 1432
542 1431
541 1431
540 1431
539 1431
538 1430
537 1430
536 1430
535 1430
534 1430
533 1430
532 1430
531 1430
530 1430
529 1430
528 1430
527 1430
526 1429
525 1429
524 1429
523 1429
522 1429
521 1428
520 1427
519 1427
518 1427
517 1427
516 1427
515 1426
514 1426
513 1426
512 1426
511 1426
510 1426
509 1426
508 1426
507 1426
506 1426
505 1426
504 1426
503 1426
502 1426
501 1426
500 1426
499 1426
498 1426
497 1426
496 1426
495 1426
494 1426
493 1426
492 1426
491 1426
490 1426
489 1425
488 1425
487 1425
486 1425
485 1424
484 1424
483 1424
482 1424
481 1424
480 1424
479 1424
478 1424
477 1424
476 1423
475 1423
474 1423
473 1423
472 1423
471 1423
470 1423
469 1423
468 1423
467 1422
466 1422
465 1422
464 1422
463 1422
462 1421
461 1421
460 1421
459 1421
458 1421
457 1421
456 1421
455 1420
454 1420
453 1420
452 1419
451 1419
450 1419
449 1418
448 1418
447 1418
446 1418
445 1417
444 1417
443 1417
442 1417
441 1417
440 1417
439 1416
438 1416
437 1416
436 1416
435 1415
434 1415
433 1415
432 1415
431 1415
430 1415
429 1415
428 1415
427 1414
426 1414
425 1414
424 1414
423 1414
422 1413
421 1413
420 1413
419 1413
418 1412
417 1412
416 1412
415 1411
414 1411
413 1411
412 1411
411 1411
410 1411
409 1411
408 1410
407 1410
406 1410
405 1410
404 1409
403 1409
402 1409
401 1409
400 1409
399 1409
398 1409
397 1409
396 1409
395 1409
394 1409
393 1408
392 1408
391 1408
390 1408
389 1408
388 1408
387 1408
386 1408
385 1408
384 1408
383 1408
382 1408
381 1408
380 1408
379 1408
378 1408
377 1407
376 1407
375 1407
374 1407
373 1407
372 1407
371 1407
370 1407
369 1407
368 1407
367 1407
366 1406
365 1406
364 1406
363 1406
362 1406
361 1406
360 1406
359 1406
358 1406
357 1405
356 1405
355 1405
354 1405
353 1405
352 1405
351 1405
350 1405
349 1405
348 1405
347 1405
346 1405
345 1405
344 1405
343 1404
342 1404
341 1404
340 1403
339 1403
338 1403
337 1403
336 1403
335 1403
334 1403
333 1403
332 1403
331 1403
330 1403
329 1402
328 1402
327 1402
326 1402
325 1401
324 1402
323 1401
322 1401
321 1401
320 1401
319 1400
318 1400
317 1400
316 1400
315 1400
314 1400
313 1400
312 1400
311 1400
310 1400
309 1399
308 1399
307 1399
306 1399
305 1399
304 1399
303 1399
302 1398
301 1398
300 1398
299 1398
298 1398
297 1399
296 1399
295 1399
294 1399
293 1399
292 1398
291 1398
290 1398
289 1398
288 1398
287 1398
286 1398
285 1398
284 1398
283 1398
282 1398
