454 1597
453 1598
452 1598
451 1598
450 1598
449 1598
448 1598
447 1599
446 1599
445 1599
444 1599
443 1599
442 1599
441 1600
440 1600
439 1600
438 1600
437 1600
436 1600
435 1600
434 1600
433 1600
432 1601
431 1601
430 1601
429 1601
428 1601
427 1601
426 1601
425 1602
424 1602
423 1602
422 1602
421 1602
420 1602
419 1602
418 1602
417 1602
416 1602
415 1602
414 1602
413 1602
412 1602
411 1602
410 1602
409 1603
408 1603
407 1603
406 1603
405 1603
404 1603
403 1603
402 1603
401 1603
400 1603
399 1603
398 1603
397 1603
396 1603
395 1603
394 1603
393 1603
392 1603
391 1603
390 1603
389 1603
388 1603
387 1603
386 1603
385 1603
384 1603
383 1604
382 1604
381 1604
380 1604
379 1604
378 1604
377 1604
376 1605
375 1605
374 1605
373 1605
372 1605
371 1605
370 1605
369 1605
368 1605
367 1605
366 1605
365 1605
364 1605
363 1606
362 1606
361 1606
360 1606
359 1606
358 1606
357 1606
356 1606
355 1607
354 1607
353 1607
352 1607
351 1607
350 1607
349 1607
348 1607
347 1607
346 1607
345 1607
344 1607
343 1607
342 1607
341 1607
340 1607
339 1607
338 1607
337 1607
336 1608
335 1608
334 1608
333 1608
332 1608
331 1609
330 1609
329 1609
328 1609
327 1609
326 1609
325 1609
324 1609
323 1609
322 1609
321 1609
320 1609
319 1608
318 1608
317 1608
316 1608
315 1608
314 1608
313 1608
312 1608
311 1608
310 1608
309 1608
308 1609
307 1609
306 1609
305 1609
304 1610
303 1610
302 1610
301 1610
300 1611
299 1611
298 1611
297 1611
296 1611
295 1612
294 1612
293 1612
292 1613
291 1613
290 1613
289 1614
288 1614
287 1614
286 1614
285 1614
284 1614
283 1615
282 1615
281 1615
280 1615
279 1615
278 1615
277 1615
276 1615
275 1615
274 1616
273 1616
272 1616
271 1616
270 1617
269 1617
268 1617
267 1617
266 1617
265 1617
264 1617
263 1617
262 1617
261 1617
260 1617
259 1617
258 1617
257 1617
256 1617
255 1617
254 1617
253 1617
252 1617
251 1617
250 1617
249 1618
248 1618
247 1618
246 1618
245 1618
244 1618
243 1618
242 1618
241 1618
240 1618
239 1618
238 1618
237 1618
236 1618
235 1618
234 1618
233 1618
232 1618
231 1618
230 1618
229 1618
228 1618
227 1618
226 1618
225 1618
224 1618
223 1619
222 1619
221 1619
220 1619
219 1619
218 1620
217 1620
216 1620
215 1620
214 1620
213 1621
212 1621
211 1621
210 1621
209 1621
208 1621
207 1621
206 1621
205 1621
204 1621
203 1621
202 1621
201 1621
200 1621
199 1621
198 1621
197 1621
196 1621
195 1621
194 1621
193 1621
192 1621
191 1621
190 1621
189 1621
188 1621
187 1621
186 1621
185 1621
184 1621
183 1621
182 1621
181 1622
180 1622
179 1622
178 1622
177 1622
176 1622
175 1622
174 1623
173 1623
172 1623
171 1623
170 1623
169 1624
168 1624
167 1624
166 1624
165 1624
164 1624
163 1624
162 1624
161 1624
160 1625
159 1625
158 1625
157 1625
156 1625
155 1625
154 1625
153 1625
152 1625
151 1625
150 1625
149 1626
148 1626
147 1626
146 1626
145 1626
144 1626
143 1626
142 1626
141 1626
140 1626
139 1626
138 1626
137 1626
136 1626
135 1626
134 1626
133 1626
132 1626
131 1626
130 1627
129 1627
128 1627
127 1627
126 1628
125 1628
124 1628
123 1629
122 1629
121 1629
120 1629
119 1630
118 1630
117 1630
116 1630
115 1630
114 1631
113 1631
112 1631
111 1631
110 1631
109 1631
108 1631
107 1631
106 1632
105 1632
104 1631
103 1632
102 1632
101 1632
100 1633
99 1633
98 1633
97 1633
96 1633
95 1633
94 1633
93 1633
92 1633
91 1633
90 1634
89 1634
88 1634
87 1634
86 1634
85 1634
84 1635
83 1635
82 1635
81 1636
80 1636
79 1636
78 1636
77 1636
76 1637
75 1638
74 1638
73 1639
72 1639
71 1640
70 1640
69 1640
68 1640
67 1641
66 1642
65 1642
64 1642
63 1643
62 1643
61 1644
60 1644
59 1645
58 1646
57 1646
56 1647
55 1647
54 1648
53 1649
52 1649
51 1650
50 1650
49 1651
48 1652
47 1653
46 1653
45 1654
44 1655
43 1656
42 1657
41 1657
40 1658
39 1659
38 1660
37 1661
36 1662
35 1663
34 1664
33 1665
32 1665
31 1666
30 1667
29 1668
28 1669
27 1670
26 1671
25 1672
25 1673
24 1674
23 1675
23 1676
23 1677
23 1678
22 1679
22 1680
23 1681
23 1682
23 1683
23 1684
23 1685
23 1686
23 1687
23 1688
23 1689
23 1690
23 1691
24 1692
24 1693
25 1694
25 1695
26 1696
26 1697
26 1698
27 1699
27 1700
27 1701
27 1702
27 1703
27 1704
28 1705
29 1706
30 1707
31 1708
32 1709
32 1710
33 1711
34 1712
35 1713
36 1714
37 1715
38 1715
39 1716
40 1716
41 1716
42 1716
43 1716
44 1717
45 1717
46 1717
47 1717
48 1717
49 1718
50 1718
51 1719
52 1719
53 1719
54 1719
55 1719
56 1719
57 1719
58 1719
59 1719
60 1719
61 1719
62 1719
63 1718
64 1718
65 1718
66 1718
67 1718
68 1718
69 1717
70 1717
71 1717
72 1717
73 1717
74 1717
75 1718
76 1718
77 1718
78 1718
79 1719
80 1720
81 1720
82 1721
83 1722
84 1723
85 1723
86 1724
87 1725
88 1725
89 1726
90 1727
91 1727
92 1728
93 1728
94 1729
95 1730
96 1731
97 1731
98 1731
99 1731
100 1731
101 1732
102 1732
103 1732
104 1732
105 1732
106 1732
107 1733
108 1733
109 1733
110 1733
111 1733
112 1733
113 1733
114 1733
115 1733
116 1732
117 1732
118 1732
119 1732
120 1732
121 1731
122 1731
123 1731
124 1730
125 1730
126 1729
127 1729
128 1729
129 1729
130 1729
131 1729
132 1728
133 1728
134 1728
135 1728
136 1728
137 1727
138 1727
139 1727
140 1727
141 1727
142 1726
143 1726
144 1726
145 1726
146 1726
147 1726
148 1726
149 1726
150 1726
151 1726
152 1726
153 1726
154 1726
155 1726
156 1726
157 1726
158 1726
159 1726
160 1726
161 1726
162 1726
163 1726
164 1726
165 1726
166 1726
167 1727
168 1727
169 1727
170 1727
171 1727
172 1727
173 1727
174 1727
175 1726
176 1726
177 1726
178 1726
179 1726
180 1726
181 1726
182 1726
183 1726
184 1726
185 1726
186 1727
187 1727
188 1727
189 1727
190 1727
191 1727
192 1727
193 1727
194 1727
195 1727
196 1727
197 1727
198 1727
199 1727
200 1727
201 1727
202 1727
203 1727
204 1727
205 1727
206 1728
207 1728
208 1728
209 1728
210 1728
211 1729
212 1729
213 1729
214 1729
215 1729
216 1729
217 1729
218 1729
219 1729
220 1729
221 1729
222 1729
223 1729
224 1729
225 1729
226 1729
227 1730
228 1730
229 1730
230 1730
231 1730
232 1730
233 1730
234 1730
235 1730
236 1731
237 1731
238 1731
239 1731
240 1731
241 1731
242 1731
243 1731
244 1731
245 1731
246 1732
247 1732
248 1732
249 1732
250 1732
251 1732
252 1733
253 1733
254 1733
255 1733
256 1733
257 1733
258 1734
259 1734
260 1734
261 1734
262 1734
263 1734
264 1734
265 1734
266 1735
267 1735
268 1735
269 1735
270 1735
271 1735
272 1735
273 1735
274 1735
275 1735
276 1735
277 1735
278 1735
279 1735
280 1735
281 1735
282 1735
283 1735
284 1735
285 1736
286 1736
287 1736
288 1736
289 1736
290 1736
291 1737
292 1737
293 1736
294 1736
295 1736
296 1736
297 1736
298 1736
299 1736
300 1735
301 1735
302 1735
303 1735
304 1735
305 1735
306 1735
307 1735
308 1735
309 1735
310 1735
311 1735
312 1735
313 1735
314 1736
315 1736
316 1736
317 1736
318 1737
319 1737
320 1737
321 1737
322 1737
323 1737
324 1737
325 1737
326 1737
327 1737
328 1737
329 1736
330 1736
331 1736
332 1736
333 1736
334 1736
335 1736
336 1736
337 1736
338 1736
339 1736
340 1736
341 1737
342 1737
343 1737
344 1737
345 1737
346 1737
347 1737
348 1737
349 1737
350 1737
351 1737
352 1737
353 1738
354 1738
355 1738
356 1738
357 1738
358 1739
359 1739
360 1739
361 1739
362 1739
363 1739
364 1739
365 1739
366 1739
367 1740
368 1740
369 1740
370 1740
371 1740
372 1740
373 1739
374 1739
375 1739
376 1739
377 1739
378 1739
379 1739
380 1739
381 1740
382 1740
383 1740
384 1740
385 1740
386 1740
387 1740
388 1741
389 1741
390 1741
391 1741
392 1741
393 1741
394 1741
395 1741
396 1741
397 1741
398 1740
399 1740
400 1740
401 1740
402 1740
403 1740
404 1740
405 1740
406 1740
407 1740
408 1740
409 1740
410 1740
411 1740
412 1740
413 1740
414 1740
415 1741
416 1741
417 1741
418 1741
419 1741
420 1741
421 1741
422 1741
423 1741
424 1741
425 1741
426 1741
427 1742
428 1742
429 1742
430 1742
431 1742
432 1742
433 1742
434 1743
435 1743
436 1744
437 1744
438 1744
439 1744
440 1745
441 1745
442 1745
443 1745
444 1746
445 1746
446 1746
447 1746
448 1746
449 1746
450 1746
451 1746
452 1745
453 1745
454 1745
455 1745
456 1745
457 1745
458 1744
459 1744
460 1744
461 1743
462 1743
463 1743
464 1743
465 1742
466 1742
467 1742
468 1742
469 1742
470 1742
471 1742
472 1741
473 1741
474 1741
475 1741
476 1741
477 1741
478 1741
479 1741
480 1741
481 1740
482 1740
483 1740
484 1740
485 1740
486 1740
487 1740
488 1740
489 1740
490 1741
491 1741
492 1741
493 1741
494 1741
495 1741
496 1741
497 1741
498 1741
499 1741
500 1741
501 1741
502 1741
503 1741
504 1741
505 1741
506 1741
507 1741
508 1741
509 1741
510 1741
511 1741
512 1741
513 1741
514 1741
515 1741
516 1741
517 1741
518 1741
519 1741
520 1741
521 1741
522 1741
523 1741
524 1742
525 1742
526 1742
527 1742
528 1743
529 1743
530 1743
531 1743
532 1743
533 1743
534 1743
535 1744
536 1744
537 1744
538 1744
539 1744
540 1743
541 1743
542 1743
543 1743
544 1743
545 1742
546 1742
547 1741
548 1741
549 1740
550 1740
551 1739
552 1739
553 1738
554 1738
555 1737
556 1737
557 1737
558 1737
559 1736
560 1736
561 1736
562 1736
563 1736
564 1736
565 1735
566 1735
567 1735
568 1735
569 1734
570 1734
571 1734
572 1733
573 1733
574 1732
575 1732
576 1732
577 1731
578 1731
579 1730
580 1730
581 1730
582 1729
583 1729
584 1729
585 1728
586 1728
587 1728
588 1727
589 1727
590 1726
591 1726
592 1726
593 1725
594 1725
595 1725
596 1724
597 1724
598 1724
599 1724
600 1724
601 1723
602 1723
603 1723
604 1723
605 1723
606 1723
607 1723
608 1723
609 1723
610 1723
611 1722
612 1723
613 1723
614 1722
615 1722
616 1722
617 1722
618 1721
619 1721
620 1721
621 1720
622 1720
623 1719
624 1719
625 1718
626 1718
627 1717
628 1717
629 1716
630 1716
631 1715
632 1714
633 1714
634 1713
635 1713
636 1712
637 1712
638 1711
639 1710
640 1710
641 1709
642 1709
643 1708
644 1707
645 1707
646 1706
647 1706
648 1705
649 1704
650 1704
651 1703
652 1702
652 1701
653 1700
654 1699
655 1698
655 1697
655 1696
656 1695
656 1694
656 1693
656 1692
656 1691
657 1690
657 1689
657 1688
657 1687
657 1686
657 1685
657 1684
657 1683
657 1682
657 1681
657 1680
657 1679
657 1678
657 1677
657 1676
657 1675
657 1674
657 1673
657 1672
656 1671
656 1670
656 1669
656 1668
656 1667
656 1666
656 1665
656 1664
655 1663
655 1662
655 1661
655 1660
655 1659
654 1658
654 1657
654 1656
653 1655
653 1654
652 1653
651 1652
650 1652
649 1651
648 1651
647 1650
646 1650
645 1650
644 1650
643 1650
642 1649
641 1649
640 1649
639 1649
638 1648
637 1648
636 1647
635 1646
634 1645
633 1644
633 1643
632 1642
631 1641
630 1640
630 1639
629 1638
628 1637
627 1636
626 1636
625 1635
624 1634
623 1634
622 1633
621 1633
620 1632
619 1632
618 1632
617 1632
616 1631
615 1631
614 1631
613 1631
612 1630
611 1630
610 1630
609 1630
608 1630
607 1629
606 1629
605 1629
604 1629
603 1628
602 1628
601 1628
600 1628
599 1627
598 1627
597 1627
596 1627
595 1626
594 1626
593 1626
592 1626
591 1625
590 1625
589 1625
588 1624
587 1624
586 1624
585 1623
584 1623
583 1623
582 1623
581 1622
580 1622
579 1621
578 1621
577 1621
576 1620
575 1620
574 1619
573 1619
572 1618
571 1618
570 1617
569 1617
568 1617
567 1616
566 1616
565 1615
564 1615
563 1614
562 1614
561 1614
560 1613
559 1613
558 1612
557 1612
556 1611
555 1611
554 1610
553 1610
552 1610
551 1609
550 1609
549 1608
548 1608
547 1607
546 1607
545 1607
544 1606
543 1606
542 1606
541 1606
540 1606
539 1606
538 1606
537 1607
536 1607
535 1607
534 1607
533 1607
532 1607
531 1607
530 1607
529 1607
528 1607
527 1607
526 1607
525 1607
524 1607
523 1607
522 1608
521 1608
520 1608
519 1608
518 1608
517 1608
516 1608
515 1608
514 1608
513 1608
512 1608
511 1608
510 1607
509 1607
508 1607
507 1606
506 1606
505 1606
504 1606
503 1606
502 1605
501 1605
500 1605
499 1605
498 1605
497 1605
496 1605
495 1605
494 1605
493 1605
492 1605
491 1605
490 1605
489 1605
488 1604
487 1604
486 1604
485 1604
484 1603
483 1603
482 1603
481 1603
480 1602
479 1602
478 1602
477 1602
476 1601
475 1601
474 1601
473 1600
472 1600
471 1599
470 1599
469 1599
468 1598
467 1598
466 1598
465 1598
464 1598
463 1597
462 1597
461 1597
460 1597
459 1597
458 1597
457 1597
456 1597
455 1597
454 1597
