512 1780
511 1781
510 1781
509 1781
508 1781
507 1782
506 1782
505 1782
504 1783
503 1783
502 1783
501 1783
500 1783
499 1783
498 1783
497 1783
496 1783
495 1783
494 1783
493 1783
492 1783
491 1783
490 1783
489 1783
488 1783
487 1783
486 1784
485 1784
484 1784
483 1784
482 1784
481 1784
480 1784
479 1785
478 1785
477 1785
476 1785
475 1785
474 1786
473 1786
472 1786
471 1786
470 1786
469 1786
468 1787
467 1787
466 1787
465 1788
464 1788
463 1788
462 1789
461 1789
460 1789
459 1790
458 1790
457 1791
456 1791
455 1791
454 1792
453 1792
452 1792
451 1792
450 1792
449 1792
448 1792
447 1792
446 1792
445 1793
444 1793
443 1793
442 1793
441 1793
440 1794
439 1794
438 1794
437 1794
436 1794
435 1795
434 1795
433 1795
432 1796
431 1796
430 1796
429 1796
428 1797
427 1797
426 1797
425 1797
424 1797
423 1798
422 1798
421 1798
420 1798
419 1798
418 1798
417 1798
416 1798
415 1799
414 1799
413 1799
412 1799
411 1800
410 1800
409 1800
408 1800
407 1800
406 1801
405 1801
404 1801
403 1801
402 1801
401 1801
400 1801
399 1801
398 1801
397 1801
396 1801
395 1801
394 1802
393 1802
392 1802
391 1802
390 1802
389 1803
388 1803
387 1803
386 1804
385 1804
384 1804
383 1805
382 1805
381 1805
380 1805
379 1806
378 1806
377 1806
376 1807
375 1807
374 1807
373 1807
372 1807
371 1808
370 1808
369 1808
368 1808
367 1808
366 1808
365 1808
364 1808
363 1808
362 1808
361 1808
360 1808
359 1808
358 1808
357 1808
356 1808
355 1809
354 1809
353 1809
352 1809
351 1809
350 1809
349 1809
348 1809
347 1809
346 1809
345 1809
344 1810
343 1810
342 1810
341 1810
340 1810
339 1810
338 1810
337 1810
336 1810
335 1810
334 1810
333 1810
332 1810
331 1810
330 1810
329 1810
328 1810
327 1810
326 1810
325 1810
324 1810
323 1810
322 1810
321 1810
320 1810
319 1810
318 1810
317 1810
316 1810
315 1810
314 1811
313 1811
312 1811
311 1811
310 1811
309 1811
308 1811
307 1811
306 1811
305 1811
304 1811
303 1811
302 1811
301 1811
300 1811
299 1811
298 1811
297 1811
296 1811
295 1811
294 1811
293 1811
292 1811
291 1811
290 1811
289 1811
288 1811
287 1811
286 1811
285 1811
284 1811
283 1811
282 1811
281 1811
280 1811
279 1811
278 1811
277 1811
276 1811
275 1811
274 1810
273 1810
272 1810
271 1810
270 1810
269 1810
268 1810
267 1810
266 1810
265 1810
264 1810
263 1810
262 1810
261 1810
260 1810
259 1810
258 1810
257 1810
256 1810
255 1810
254 1810
253 1810
252 1810
251 1810
250 1810
249 1810
248 1810
247 1810
246 1810
245 1810
244 1810
243 1810
242 1811
241 1811
240 1811
239 1811
238 1811
237 1811
236 1811
235 1811
234 1811
233 1811
232 1811
231 1811
230 1811
229 1811
228 1811
227 1811
226 1811
225 1811
224 1811
223 1811
222 1811
221 1812
220 1812
219 1812
218 1812
217 1812
216 1812
215 1812
214 1812
213 1812
212 1812
211 1812
210 1812
209 1812
208 1812
207 1812
206 1812
205 1812
204 1813
203 1813
202 1813
201 1813
200 1813
199 1813
198 1813
197 1813
196 1813
195 1813
194 1813
193 1813
192 1813
191 1813
190 1813
189 1813
188 1813
187 1813
186 1813
185 1813
184 1813
183 1814
182 1814
181 1814
180 1814
179 1814
178 1814
177 1814
176 1814
175 1814
174 1814
173 1814
172 1814
171 1814
170 1814
169 1814
168 1815
167 1815
166 1815
165 1815
164 1815
163 1815
162 1815
161 1815
160 1815
159 1815
158 1815
157 1815
156 1815
155 1815
154 1815
153 1815
152 1815
151 1815
150 1814
149 1814
148 1814
147 1814
146 1814
145 1814
144 1814
143 1814
142 1814
141 1814
140 1814
139 1814
138 1814
137 1814
136 1814
135 1814
134 1814
133 1814
132 1814
131 1814
130 1814
129 1814
128 1814
127 1814
126 1814
125 1814
124 1814
123 1814
122 1814
121 1814
120 1814
119 1814
118 1814
117 1815
116 1815
115 1815
114 1815
113 1815
112 1815
111 1815
110 1815
109 1815
108 1815
107 1814
106 1814
105 1814
104 1814
103 1814
102 1814
101 1814
100 1814
99 1814
98 1814
97 1814
96 1814
95 1814
94 1814
93 1814
92 1814
91 1814
90 1814
89 1814
88 1814
87 1814
86 1814
85 1814
84 1814
83 1814
82 1814
81 1814
80 1814
79 1814
78 1814
77 1814
76 1814
75 1814
74 1815
73 1815
72 1815
71 1815
70 1815
69 1815
68 1816
67 1816
66 1816
65 1816
64 1816
63 1816
62 1816
61 1816
60 1816
59 1816
58 1817
57 1817
56 1817
55 1817
54 1817
53 1817
52 1817
51 1817
50 1817
49 1818
48 1818
47 1818
46 1819
45 1819
44 1819
43 1819
42 1819
41 1820
40 1820
39 1820
38 1821
37 1821
36 1822
35 1823
34 1824
33 1825
32 1826
31 1827
31 1828
31 1829
31 1830
31 1831
30 1832
30 1833
30 1834
30 1835
30 1836
30 1837
30 1838
30 1839
30 1840
29 1841
29 1842
30 1843
30 1844
30 1845
30 1846
30 1847
31 1848
32 1849
32 1850
32 1851
33 1852
34 1853
35 1854
36 1855
37 1856
38 1857
39 1858
40 1859
41 1860
42 1860
43 1861
44 1862
45 1863
46 1863
47 1864
48 1865
49 1865
50 1866
51 1867
52 1867
53 1868
54 1868
55 1868
56 1869
57 1869
58 1869
59 1870
60 1870
61 1870
62 1870
63 1870
64 1871
65 1871
66 1871
67 1872
68 1872
69 1873
70 1873
71 1874
72 1874
73 1875
74 1875
75 1876
76 1876
77 1877
78 1877
79 1877
80 1877
81 1878
82 1878
83 1878
84 1878
85 1878
86 1878
87 1877
88 1877
89 1877
90 1877
91 1876
92 1876
93 1876
94 1876
95 1876
96 1875
97 1875
98 1875
99 1875
100 1875
101 1875
102 1875
103 1875
104 1875
105 1875
106 1875
107 1875
108 1876
109 1876
110 1876
111 1877
112 1877
113 1877
114 1878
115 1878
116 1878
117 1879
118 1879
119 1879
120 1880
121 1880
122 1881
123 1882
124 1882
125 1883
126 1884
127 1884
128 1885
129 1886
130 1886
131 1887
132 1888
133 1889
134 1889
135 1890
136 1891
137 1892
138 1892
139 1893
140 1894
141 1894
142 1895
143 1895
144 1896
145 1897
146 1897
147 1898
148 1898
149 1899
150 1899
151 1900
152 1900
153 1900
154 1900
155 1901
156 1901
157 1901
158 1902
159 1902
160 1903
161 1903
162 1903
163 1903
164 1903
165 1903
166 1904
167 1904
168 1904
169 1904
170 1904
171 1905
172 1905
173 1905
174 1905
175 1905
176 1906
177 1906
178 1906
179 1906
180 1907
181 1907
182 1907
183 1907
184 1907
185 1907
186 1907
187 1907
188 1907
189 1907
190 1908
191 1908
192 1908
193 1908
194 1908
195 1908
196 1908
197 1908
198 1908
199 1908
200 1909
201 1909
202 1909
203 1909
204 1909
205 1909
206 1909
207 1909
208 1910
209 1910
210 1910
211 1910
212 1910
213 1911
214 1911
215 1911
216 1911
217 1911
218 1912
219 1912
220 1912
221 1912
222 1912
223 1912
224 1912
225 1912
226 1913
227 1913
228 1913
229 1913
230 1913
231 1913
232 1913
233 1914
234 1914
235 1914
236 1914
237 1914
238 1914
239 1915
240 1915
241 1915
242 1915
243 1915
244 1915
245 1915
246 1915
247 1915
248 1916
249 1916
250 1916
251 1916
252 1916
253 1917
254 1917
255 1917
256 1918
257 1918
258 1918
259 1919
260 1919
261 1919
262 1920
263 1920
264 1920
265 1920
266 1920
267 1920
268 1920
269 1920
270 1920
271 1920
272 1920
273 1920
274 1920
275 1920
276 1920
277 1920
278 1920
279 1920
280 1920
281 1920
282 1920
283 1920
284 1920
285 1920
286 1920
287 1920
288 1920
289 1920
290 1920
291 1920
292 1920
293 1921
294 1921
295 1921
296 1921
297 1921
298 1921
299 1921
300 1921
301 1921
302 1921
303 1921
304 1921
305 1921
306 1921
307 1921
308 1921
309 1921
310 1921
311 1921
312 1921
313 1922
314 1922
315 1922
316 1922
317 1922
318 1922
319 1922
320 1922
321 1922
322 1922
323 1922
324 1922
325 1922
326 1922
327 1923
328 1923
329 1923
330 1923
331 1923
332 1923
333 1923
334 1923
335 1923
336 1923
337 1923
338 1923
339 1923
340 1923
341 1923
342 1923
343 1923
344 1923
345 1923
346 1923
347 1922
348 1922
349 1922
350 1922
351 1922
352 1922
353 1922
354 1922
355 1923
356 1923
357 1923
358 1923
359 1923
360 1923
361 1923
362 1923
363 1923
364 1923
365 1923
366 1923
367 1923
368 1923
369 1923
370 1924
371 1924
372 1924
373 1924
374 1924
375 1924
376 1924
377 1924
378 1924
379 1924
380 1924
381 1924
382 1924
383 1924
384 1924
385 1924
386 1924
387 1924
388 1924
389 1924
390 1924
391 1924
392 1924
393 1924
394 1924
395 1925
396 1925
397 1925
398 1925
399 1925
400 1925
401 1925
402 1925
403 1925
404 1926
405 1926
406 1926
407 1926
408 1926
409 1926
410 1926
411 1926
412 1926
413 1926
414 1926
415 1925
416 1925
417 1925
418 1925
419 1925
420 1924
421 1924
422 1924
423 1924
424 1924
425 1923
426 1923
427 1923
428 1923
429 1923
430 1923
431 1923
432 1923
433 1923
434 1923
435 1923
436 1923
437 1923
438 1923
439 1923
440 1923
441 1923
442 1923
443 1923
444 1922
445 1922
446 1922
447 1922
448 1922
449 1922
450 1922
451 1922
452 1922
453 1922
454 1922
455 1922
456 1922
457 1922
458 1922
459 1922
460 1921
461 1921
462 1921
463 1921
464 1921
465 1921
466 1921
467 1921
468 1921
469 1921
470 1921
471 1921
472 1921
473 1921
474 1921
475 1921
476 1921
477 1921
478 1921
479 1921
480 1921
481 1921
482 1921
483 1921
484 1921
485 1920
486 1920
487 1920
488 1919
489 1919
490 1919
491 1919
492 1919
493 1919
494 1919
495 1919
496 1919
497 1919
498 1918
499 1918
500 1918
501 1918
502 1918
503 1918
504 1918
505 1918
506 1918
507 1918
508 1918
509 1917
510 1918
511 1918
512 1918
513 1918
514 1918
515 1918
516 1918
517 1918
518 1918
519 1918
520 1918
521 1918
522 1918
523 1918
524 1918
525 1918
526 1918
527 1918
528 1918
529 1917
530 1917
531 1917
532 1917
533 1917
534 1917
535 1916
536 1916
537 1916
538 1916
539 1916
540 1916
541 1916
542 1916
543 1916
544 1916
545 1916
546 1916
547 1916
548 1916
549 1916
550 1916
551 1916
552 1916
553 1916
554 1916
555 1916
556 1916
557 1916
558 1916
559 1916
560 1916
561 1916
562 1916
563 1916
564 1916
565 1915
566 1915
567 1915
568 1915
569 1915
570 1915
571 1915
572 1915
573 1915
574 1915
575 1915
576 1915
577 1915
578 1914
579 1914
580 1914
581 1914
582 1913
583 1913
584 1913
585 1912
586 1912
587 1912
588 1911
589 1911
590 1911
591 1911
592 1911
593 1911
594 1911
595 1911
596 1911
597 1911
598 1911
599 1911
600 1911
601 1911
602 1911
603 1911
604 1911
605 1911
606 1910
607 1910
608 1910
609 1910
610 1910
611 1909
612 1909
613 1909
614 1908
615 1908
616 1907
617 1907
618 1906
619 1906
620 1905
621 1905
622 1904
623 1903
624 1903
625 1902
626 1901
627 1901
628 1900
629 1900
630 1899
631 1899
632 1898
633 1897
634 1897
635 1896
636 1895
637 1894
638 1893
639 1893
640 1892
641 1891
642 1891
643 1890
643 1889
644 1888
644 1887
645 1886
646 1885
647 1884
647 1883
648 1882
649 1881
649 1880
650 1879
651 1878
651 1877
652 1876
653 1875
654 1874
654 1873
655 1872
655 1871
655 1870
656 1869
656 1868
656 1867
657 1866
657 1865
657 1864
657 1863
658 1862
658 1861
658 1860
658 1859
658 1858
658 1857
658 1856
658 1855
659 1854
659 1853
659 1852
659 1851
659 1850
659 1849
659 1848
659 1847
660 1846
660 1845
661 1844
661 1843
661 1842
661 1841
662 1840
662 1839
662 1838
662 1837
662 1836
663 1835
663 1834
663 1833
663 1832
663 1831
664 1830
664 1829
664 1828
664 1827
663 1826
663 1825
663 1824
662 1823
662 1822
661 1821
661 1820
660 1819
659 1818
658 1817
657 1816
656 1815
655 1815
654 1814
653 1813
652 1813
651 1813
650 1812
649 1812
648 1811
647 1811
646 1811
645 1810
644 1810
643 1810
642 1809
641 1808
640 1807
639 1807
638 1806
637 1805
636 1805
635 1804
634 1804
633 1803
632 1803
631 1802
630 1802
629 1802
628 1801
627 1801
626 1801
625 1801
624 1801
623 1801
622 1801
621 1801
620 1801
619 1801
618 1801
617 1801
616 1801
615 1801
614 1801
613 1801
612 1801
611 1800
610 1800
609 1799
608 1799
607 1798
606 1798
605 1797
604 1797
603 1796
602 1796
601 1795
600 1795
599 1795
598 1794
597 1794
596 1793
595 1793
594 1793
593 1793
592 1792
591 1792
590 1792
589 1791
588 1791
587 1791
586 1791
585 1791
584 1791
583 1791
582 1791
581 1791
580 1791
579 1791
578 1791
577 1791
576 1791
575 1791
574 1790
573 1790
572 1789
571 1789
570 1789
569 1788
568 1788
567 1787
566 1787
565 1786
564 1786
563 1785
562 1785
561 1784
560 1784
559 1784
558 1784
557 1784
556 1784
555 1784
554 1784
553 1784
552 1784
551 1784
550 1784
549 1784
548 1783
547 1783
546 1783
545 1783
544 1783
543 1782
542 1782
541 1782
540 1782
539 1782
538 1782
537 1782
536 1782
535 1782
534 1782
533 1782
532 1782
531 1782
530 1782
529 1782
528 1782
527 1782
526 1782
525 1782
524 1782
523 1781
522 1781
521 1781
520 1781
519 1781
518 1781
517 1781
516 1780
515 1780
514 1780
513 1780
512 1780
