275 1984
274 1985
273 1985
272 1985
271 1986
270 1986
269 1986
268 1987
267 1987
266 1988
265 1988
264 1988
263 1988
262 1989
261 1989
260 1989
259 1989
258 1989
257 1988
256 1988
255 1988
254 1988
253 1988
252 1988
251 1988
250 1988
249 1988
248 1988
247 1988
246 1989
245 1989
244 1989
243 1989
242 1990
241 1990
240 1990
239 1991
238 1991
237 1991
236 1991
235 1991
234 1991
233 1991
232 1991
231 1991
230 1991
229 1991
228 1991
227 1991
226 1991
225 1991
224 1991
223 1991
222 1991
221 1991
220 1991
219 1990
218 1990
217 1990
216 1990
215 1990
214 1990
213 1990
212 1990
211 1990
210 1990
209 1990
208 1990
207 1990
206 1990
205 1990
204 1990
203 1990
202 1990
201 1990
200 1990
199 1990
198 1990
197 1990
196 1990
195 1991
194 1991
193 1991
192 1992
191 1992
190 1992
189 1992
188 1993
187 1993
186 1993
185 1993
184 1994
183 1994
182 1994
181 1994
180 1994
179 1994
178 1994
177 1995
176 1995
175 1995
174 1995
173 1996
172 1996
171 1996
170 1996
169 1996
168 1996
167 1997
166 1997
165 1997
164 1997
163 1997
162 1997
161 1997
160 1997
159 1998
158 1998
157 1998
156 1998
155 1998
154 1998
153 1999
152 1999
151 1999
150 1999
149 1999
148 2000
147 2000
146 2001
145 2001
144 2001
143 2002
142 2002
141 2002
140 2002
139 2002
138 2003
137 2003
136 2003
135 2003
134 2003
133 2003
132 2003
131 2003
130 2003
129 2002
128 2002
127 2002
126 2002
125 2002
124 2002
123 2002
122 2002
121 2003
120 2003
119 2003
118 2004
117 2004
116 2004
115 2005
114 2005
113 2006
112 2006
111 2006
110 2006
109 2007
108 2007
107 2007
106 2007
105 2008
104 2008
103 2008
102 2008
101 2009
100 2009
99 2009
98 2009
97 2010
96 2010
95 2010
94 2010
93 2011
92 2011
91 2011
90 2011
89 2011
88 2012
87 2012
86 2012
85 2012
84 2012
83 2012
82 2012
81 2012
80 2012
79 2012
78 2012
77 2012
76 2012
75 2013
74 2013
73 2013
72 2013
71 2013
70 2013
69 2014
68 2014
67 2014
66 2014
65 2014
64 2015
63 2015
62 2015
61 2016
60 2016
59 2016
58 2017
57 2017
56 2017
55 2017
54 2018
53 2018
52 2018
51 2018
50 2019
49 2019
48 2020
47 2020
46 2021
45 2022
44 2023
44 2024
43 2025
43 2026
43 2027
42 2028
42 2029
42 2030
42 2031
42 2032
41 2033
41 2034
41 2035
41 2036
40 2037
40 2038
40 2039
40 2040
39 2041
39 2042
38 2043
38 2044
38 2045
37 2046
37 2047
36 2048
36 2049
36 2050
35 2051
35 2052
34 2053
34 2054
33 2055
32 2056
32 2057
31 2058
31 2059
30 2060
30 2061
29 2062
28 2063
28 2064
27 2065
27 2066
27 2067
26 2068
25 2069
25 2070
25 2071
25 2072
24 2073
24 2074
24 2075
24 2076
24 2077
24 2078
24 2079
24 2080
24 2081
24 2082
23 2083
23 2084
23 2085
23 2086
22 2087
22 2088
22 2089
22 2090
22 2091
22 2092
23 2093
23 2094
24 2095
25 2096
26 2097
27 2098
28 2099
29 2100
30 2100
31 2101
32 2102
33 2102
34 2103
35 2104
35 2105
36 2106
37 2107
38 2108
39 2109
40 2110
40 2111
41 2112
42 2113
43 2114
44 2114
45 2115
46 2116
47 2116
48 2116
49 2116
50 2116
51 2116
52 2116
53 2116
54 2116
55 2116
56 2116
57 2117
58 2117
59 2117
60 2117
61 2117
62 2117
63 2117
64 2118
65 2118
66 2118
67 2119
68 2119
69 2119
70 2120
71 2120
72 2121
73 2121
74 2121
75 2122
76 2122
77 2123
78 2123
79 2123
80 2124
81 2124
82 2124
83 2124
84 2124
85 2125
86 2125
87 2125
88 2126
89 2126
90 2126
91 2126
92 2126
93 2126
94 2126
95 2125
96 2125
97 2124
98 2124
99 2124
100 2123
101 2123
102 2123
103 2123
104 2122
105 2122
106 2122
107 2122
108 2122
109 2121
110 2121
111 2121
112 2121
113 2121
114 2121
115 2121
116 2121
117 2121
118 2121
119 2121
120 2121
121 2122
122 2122
123 2122
124 2122
125 2122
126 2122
127 2122
128 2122
129 2122
130 2122
131 2122
132 2122
133 2122
134 2122
135 2122
136 2123
137 2123
138 2123
139 2123
140 2123
141 2123
142 2123
143 2123
144 2123
145 2123
146 2123
147 2123
148 2123
149 2123
150 2123
151 2123
152 2122
153 2122
154 2122
155 2121
156 2121
157 2121
158 2120
159 2120
160 2120
161 2120
162 2120
163 2120
164 2119
165 2119
166 2119
167 2119
168 2119
169 2119
170 2119
171 2120
172 2120
173 2120
174 2119
175 2119
176 2119
177 2119
178 2119
179 2119
180 2119
181 2118
182 2118
183 2118
184 2118
185 2117
186 2117
187 2117
188 2117
189 2117
190 2117
191 2117
192 2116
193 2116
194 2116
195 2116
196 2116
197 2116
198 2116
199 2116
200 2116
201 2116
202 2116
203 2116
204 2116
205 2116
206 2116
207 2116
208 2116
209 2116
210 2116
211 2116
212 2116
213 2116
214 2116
215 2116
216 2116
217 2115
218 2115
219 2115
220 2115
221 2115
222 2115
223 2116
224 2116
225 2116
226 2116
227 2116
228 2116
229 2116
230 2115
231 2115
232 2115
233 2115
234 2115
235 2115
236 2115
237 2115
238 2115
239 2115
240 2115
241 2116
242 2116
243 2116
244 2116
245 2116
246 2116
247 2116
248 2116
249 2117
250 2117
251 2117
252 2117
253 2117
254 2117
255 2117
256 2117
257 2117
258 2117
259 2117
260 2117
261 2117
262 2117
263 2117
264 2117
265 2117
266 2117
267 2117
268 2117
269 2117
270 2117
271 2117
272 2117
273 2117
274 2117
275 2116
276 2116
277 2115
278 2115
279 2114
280 2114
281 2113
282 2113
283 2113
284 2113
285 2112
286 2112
287 2112
288 2112
289 2112
290 2112
291 2112
292 2112
293 2112
294 2112
295 2112
296 2112
297 2113
298 2113
299 2113
300 2113
301 2113
302 2113
303 2113
304 2113
305 2113
306 2113
307 2113
308 2113
309 2113
310 2113
311 2112
312 2112
313 2112
314 2112
315 2112
316 2112
317 2112
318 2112
319 2112
320 2112
321 2112
322 2112
323 2112
324 2112
325 2112
326 2112
327 2112
328 2112
329 2112
330 2112
331 2112
332 2112
333 2112
334 2112
335 2112
336 2112
337 2112
338 2112
339 2112
340 2112
341 2112
342 2113
343 2113
344 2113
345 2113
346 2113
347 2113
348 2113
349 2113
350 2113
351 2113
352 2113
353 2113
354 2113
355 2113
356 2113
357 2114
358 2114
359 2114
360 2114
361 2114
362 2114
363 2115
364 2115
365 2115
366 2116
367 2116
368 2116
369 2116
370 2117
371 2117
372 2117
373 2117
374 2117
375 2117
376 2117
377 2117
378 2118
379 2118
380 2118
381 2118
382 2118
383 2118
384 2118
385 2118
386 2118
387 2118
388 2118
389 2118
390 2118
391 2117
392 2117
393 2117
394 2117
395 2117
396 2117
397 2117
398 2117
399 2117
400 2117
401 2117
402 2118
403 2118
404 2118
405 2118
406 2118
407 2118
408 2118
409 2118
410 2118
411 2118
412 2118
413 2118
414 2118
415 2118
416 2118
417 2118
418 2118
419 2118
420 2118
421 2118
422 2118
423 2118
424 2118
425 2118
426 2118
427 2118
428 2118
429 2118
430 2117
431 2117
432 2117
433 2117
434 2117
435 2116
436 2116
437 2116
438 2116
439 2116
440 2116
441 2116
442 2116
443 2116
444 2116
445 2116
446 2116
447 2116
448 2117
449 2117
450 2117
451 2117
452 2117
453 2117
454 2117
455 2117
456 2117
457 2117
458 2117
459 2117
460 2117
461 2117
462 2117
463 2117
464 2117
465 2117
466 2117
467 2117
468 2117
469 2116
470 2116
471 2116
472 2116
473 2116
474 2116
475 2116
476 2116
477 2116
478 2116
479 2116
480 2116
481 2116
482 2116
483 2116
484 2115
485 2115
486 2115
487 2116
488 2116
489 2116
490 2116
491 2117
492 2117
493 2117
494 2117
495 2117
496 2117
497 2117
498 2117
499 2117
500 2117
501 2117
502 2117
503 2117
504 2117
505 2117
506 2117
507 2117
508 2117
509 2117
510 2117
511 2117
512 2117
513 2117
514 2117
515 2117
516 2117
517 2117
518 2117
519 2117
520 2117
521 2116
522 2116
523 2116
524 2116
525 2116
526 2117
527 2117
528 2117
529 2117
530 2117
531 2117
532 2117
533 2117
534 2117
535 2117
536 2117
537 2117
538 2117
539 2117
540 2117
541 2117
542 2117
543 2117
544 2117
545 2117
546 2117
547 2117
548 2117
549 2117
550 2118
551 2118
552 2118
553 2118
554 2119
555 2119
556 2119
557 2119
558 2120
559 2120
560 2120
561 2120
562 2120
563 2120
564 2120
565 2120
566 2120
567 2120
568 2120
569 2119
570 2119
571 2119
572 2119
573 2119
574 2119
575 2119
576 2119
577 2118
578 2118
579 2118
580 2118
581 2118
582 2118
583 2118
584 2118
585 2118
586 2118
587 2118
588 2118
589 2118
590 2118
591 2118
592 2117
593 2117
594 2117
595 2117
596 2117
597 2116
598 2116
599 2116
600 2116
601 2116
602 2116
603 2116
604 2116
605 2116
606 2116
607 2115
608 2115
609 2115
610 2115
611 2114
612 2114
613 2114
614 2114
615 2113
616 2113
617 2113
618 2113
619 2113
620 2112
621 2112
622 2111
623 2110
624 2109
624 2108
624 2107
624 2106
624 2105
625 2104
625 2103
626 2102
626 2101
626 2100
627 2099
627 2098
627 2097
627 2096
628 2095
628 2094
628 2093
628 2092
628 2091
628 2090
628 2089
628 2088
628 2087
628 2086
628 2085
629 2084
629 2083
630 2082
630 2081
631 2080
631 2079
632 2078
633 2077
634 2076
635 2075
636 2074
637 2073
638 2073
639 2072
640 2071
641 2071
642 2070
643 2069
644 2069
645 2068
646 2068
647 2067
648 2067
649 2066
650 2066
651 2065
652 2064
653 2064
653 2063
654 2062
655 2061
655 2060
656 2059
656 2058
656 2057
656 2056
656 2055
656 2054
656 2053
656 2052
656 2051
656 2050
656 2049
656 2048
656 2047
656 2046
656 2045
655 2044
655 2043
655 2042
655 2041
655 2040
654 2039
654 2038
653 2037
653 2036
652 2035
652 2034
651 2033
651 2032
650 2031
650 2030
649 2029
648 2028
647 2027
646 2026
645 2025
645 2024
644 2023
643 2022
642 2021
642 2020
641 2019
640 2018
639 2017
638 2017
637 2016
636 2016
635 2015
634 2015
633 2014
632 2014
631 2014
630 2014
629 2014
628 2014
627 2014
626 2013
625 2013
624 2013
623 2013
622 2013
621 2013
620 2012
619 2012
618 2012
617 2012
616 2012
615 2012
614 2012
613 2012
612 2012
611 2012
610 2012
609 2012
608 2012
607 2012
606 2012
605 2012
604 2012
603 2012
602 2011
601 2011
600 2011
599 2011
598 2011
597 2010
596 2011
595 2011
594 2010
593 2010
592 2010
591 2009
590 2009
589 2009
588 2009
587 2009
586 2008
585 2008
584 2008
583 2008
582 2008
581 2008
580 2007
579 2007
578 2007
577 2006
576 2006
575 2006
574 2006
573 2005
572 2005
571 2004
570 2004
569 2004
568 2003
567 2003
566 2002
565 2002
564 2001
563 2001
562 2001
561 2000
560 2000
559 2000
558 2000
557 1999
556 1999
555 1999
554 1999
553 1999
552 1998
551 1999
550 1998
549 1998
548 1998
547 1998
546 1998
545 1998
544 1998
543 1998
542 1998
541 1998
540 1998
539 1998
538 1998
537 1998
536 1998
535 1998
534 1998
533 1998
532 1998
531 1997
530 1997
529 1997
528 1997
527 1997
526 1996
525 1996
524 1996
523 1996
522 1996
521 1996
520 1996
519 1996
518 1996
517 1996
516 1996
515 1996
514 1996
513 1996
512 1996
511 1996
510 1996
509 1996
508 1996
507 1996
506 1996
505 1996
504 1996
503 1996
502 1996
501 1996
500 1996
499 1996
498 1995
497 1995
496 1995
495 1995
494 1995
493 1995
492 1995
491 1995
490 1995
489 1995
488 1995
487 1995
486 1995
485 1995
484 1995
483 1995
482 1995
481 1995
480 1996
479 1996
478 1996
477 1996
476 1996
475 1996
474 1996
473 1996
472 1996
471 1996
470 1996
469 1996
468 1996
467 1996
466 1996
465 1996
464 1996
463 1996
462 1996
461 1996
460 1996
459 1996
458 1996
457 1996
456 1996
455 1996
454 1996
453 1996
452 1996
451 1996
450 1996
449 1995
448 1995
447 1995
446 1994
445 1994
444 1994
443 1993
442 1993
441 1993
440 1993
439 1993
438 1993
437 1993
436 1993
435 1993
434 1993
433 1993
432 1993
431 1993
430 1993
429 1992
428 1992
427 1992
426 1992
425 1992
424 1991
423 1991
422 1991
421 1991
420 1991
419 1990
418 1990
417 1990
416 1990
415 1990
414 1990
413 1990
412 1990
411 1990
410 1990
409 1990
408 1990
407 1990
406 1990
405 1990
404 1990
403 1989
402 1989
401 1989
400 1989
399 1989
398 1988
397 1988
396 1988
395 1987
394 1987
393 1986
392 1986
391 1986
390 1986
389 1986
388 1986
387 1985
386 1985
385 1985
384 1985
383 1985
382 1985
381 1985
380 1985
379 1986
378 1986
377 1986
376 1986
375 1987
374 1987
373 1987
372 1987
371 1988
370 1987
369 1988
368 1988
367 1988
366 1988
365 1988
364 1988
363 1988
362 1988
361 1988
360 1988
359 1988
358 1988
357 1989
356 1989
355 1989
354 1989
353 1989
352 1989
351 1990
350 1990
349 1990
348 1990
347 1990
346 1990
345 1991
344 1991
343 1991
342 1991
341 1991
340 1991
339 1991
338 1991
337 1991
336 1991
335 1991
334 1991
333 1991
332 1991
331 1991
330 1991
329 1991
328 1991
327 1991
326 1991
325 1991
324 1991
323 1991
322 1991
321 1991
320 1991
319 1991
318 1991
317 1991
316 1991
315 1991
314 1990
313 1990
312 1990
311 1990
310 1990
309 1990
308 1989
307 1989
306 1989
305 1989
304 1988
303 1988
302 1988
301 1988
300 1988
299 1987
298 1987
297 1987
296 1987
295 1986
294 1986
293 1986
292 1986
291 1986
290 1986
289 1986
288 1986
287 1986
286 1985
285 1985
284 1984
283 1984
282 1984
281 1984
280 1984
279 1984
278 1984
277 1984
276 1984
275 1984
