498 2159
497 2160
496 2160
495 2160
494 2160
493 2161
492 2161
491 2161
490 2161
489 2162
488 2162
487 2162
486 2162
485 2162
484 2163
483 2163
482 2163
481 2163
480 2163
479 2163
478 2163
477 2163
476 2163
475 2163
474 2163
473 2163
472 2163
471 2163
470 2163
469 2163
468 2163
467 2163
466 2163
465 2163
464 2163
463 2163
462 2164
461 2164
460 2164
459 2164
458 2164
457 2164
456 2164
455 2164
454 2164
453 2164
452 2165
451 2165
450 2165
449 2165
448 2165
447 2165
446 2166
445 2166
444 2166
443 2166
442 2166
441 2166
440 2166
439 2167
438 2167
437 2167
436 2167
435 2167
434 2167
433 2167
432 2167
431 2167
430 2167
429 2167
428 2167
427 2167
426 2167
425 2167
424 2167
423 2168
422 2168
421 2168
420 2168
419 2169
418 2169
417 2169
416 2169
415 2169
414 2169
413 2169
412 2169
411 2169
410 2169
409 2170
408 2170
407 2170
406 2170
405 2170
404 2170
403 2170
402 2170
401 2171
400 2171
399 2171
398 2171
397 2172
396 2172
395 2173
394 2173
393 2173
392 2174
391 2174
390 2174
389 2174
388 2175
387 2175
386 2176
385 2176
384 2176
383 2177
382 2177
381 2177
380 2177
379 2177
378 2177
377 2177
376 2178
375 2178
374 2178
373 2178
372 2178
371 2178
370 2179
369 2179
368 2179
367 2180
366 2180
365 2180
364 2181
363 2181
362 2181
361 2181
360 2182
359 2182
358 2182
357 2183
356 2183
355 2183
354 2184
353 2184
352 2184
351 2184
350 2185
349 2185
348 2185
347 2185
346 2186
345 2186
344 2186
343 2187
342 2187
341 2187
340 2188
339 2188
338 2188
337 2188
336 2188
335 2189
334 2189
333 2189
332 2189
331 2189
330 2190
329 2190
328 2190
327 2190
326 2190
325 2190
324 2190
323 2190
322 2190
321 2190
320 2190
319 2190
318 2190
317 2191
316 2191
315 2191
314 2192
313 2192
312 2192
311 2192
310 2192
309 2192
308 2193
307 2193
306 2193
305 2193
304 2193
303 2193
302 2193
301 2193
300 2193
299 2193
298 2193
297 2193
296 2193
295 2194
294 2194
293 2195
292 2195
291 2195
290 2195
289 2196
288 2196
287 2196
286 2196
285 2196
284 2196
283 2197
282 2197
281 2197
280 2197
279 2197
278 2197
277 2197
276 2197
275 2197
274 2197
273 2197
272 2197
271 2197
270 2197
269 2197
268 2197
267 2197
266 2197
265 2197
264 2197
263 2197
262 2197
261 2197
260 2197
259 2197
258 2197
257 2197
256 2197
255 2197
254 2197
253 2197
252 2197
251 2198
250 2198
249 2198
248 2198
247 2198
246 2198
245 2198
244 2198
243 2198
242 2198
241 2198
240 2198
239 2199
238 2199
237 2199
236 2200
235 2200
234 2200
233 2200
232 2200
231 2201
230 2201
229 2201
228 2202
227 2202
226 2202
225 2203
224 2203
223 2203
222 2203
221 2204
220 2204
219 2204
218 2204
217 2204
216 2204
215 2204
214 2204
213 2204
212 2204
211 2204
210 2204
209 2204
208 2204
207 2204
206 2204
205 2204
204 2204
203 2205
202 2205
201 2205
200 2205
199 2205
198 2205
197 2205
196 2205
195 2205
194 2205
193 2205
192 2205
191 2205
190 2205
189 2205
188 2205
187 2205
186 2205
185 2205
184 2205
183 2206
182 2206
181 2206
180 2206
179 2206
178 2206
177 2205
176 2205
175 2206
174 2206
173 2206
172 2206
171 2206
170 2206
169 2207
168 2207
167 2207
166 2207
165 2207
164 2207
163 2207
162 2207
161 2207
160 2207
159 2208
158 2208
157 2208
156 2208
155 2208
154 2208
153 2208
152 2208
151 2208
150 2208
149 2208
148 2208
147 2208
146 2208
145 2208
144 2208
143 2208
142 2208
141 2208
140 2208
139 2208
138 2208
137 2208
136 2209
135 2209
134 2209
133 2209
132 2209
131 2209
130 2209
129 2209
128 2210
127 2210
126 2210
125 2210
124 2210
123 2210
122 2210
121 2210
120 2210
119 2210
118 2210
117 2210
116 2211
115 2211
114 2211
113 2211
112 2211
111 2212
110 2212
109 2212
108 2212
107 2212
106 2212
105 2212
104 2212
103 2212
102 2213
101 2213
100 2213
99 2213
98 2213
97 2213
96 2213
95 2213
94 2213
93 2213
92 2213
91 2214
90 2214
89 2214
88 2214
87 2214
86 2214
85 2214
84 2214
83 2214
82 2214
81 2214
80 2214
79 2214
78 2214
77 2214
76 2215
75 2215
74 2215
73 2215
72 2215
71 2215
70 2215
69 2215
68 2215
67 2215
66 2215
65 2215
64 2216
63 2216
62 2216
61 2216
60 2216
59 2216
58 2216
57 2217
56 2217
55 2217
54 2217
53 2218
52 2218
51 2218
50 2218
49 2219
48 2219
47 2220
46 2220
45 2220
44 2220
43 2221
42 2221
41 2222
40 2222
39 2223
38 2223
37 2224
36 2224
35 2225
34 2225
33 2226
32 2226
31 2227
30 2227
29 2228
28 2228
27 2229
26 2230
25 2230
24 2231
23 2232
22 2233
21 2234
20 2235
19 2236
19 2237
18 2238
18 2239
18 2240
19 2241
20 2242
20 2243
21 2244
22 2245
23 2245
24 2246
25 2246
26 2246
27 2246
28 2247
29 2247
30 2247
31 2247
32 2247
33 2247
34 2248
35 2248
36 2248
37 2248
38 2248
39 2248
40 2248
41 2249
42 2249
43 2249
44 2249
45 2250
46 2250
47 2250
48 2250
49 2251
50 2251
51 2252
52 2253
53 2253
54 2254
55 2255
56 2256
57 2257
58 2257
59 2258
60 2258
61 2259
62 2260
63 2260
64 2260
65 2261
66 2261
67 2262
68 2262
69 2262
70 2263
71 2263
72 2263
73 2264
74 2264
75 2265
76 2266
77 2266
78 2267
79 2268
80 2269
81 2270
82 2270
83 2270
84 2271
85 2271
86 2271
87 2272
88 2272
89 2272
90 2272
91 2272
92 2273
93 2273
94 2273
95 2274
96 2274
97 2274
98 2274
99 2274
100 2274
101 2275
102 2275
103 2275
104 2275
105 2275
106 2275
107 2275
108 2275
109 2275
110 2275
111 2275
112 2275
113 2275
114 2275
115 2275
116 2275
117 2275
118 2275
119 2275
120 2275
121 2275
122 2275
123 2275
124 2276
125 2276
126 2276
127 2276
128 2277
129 2277
130 2277
131 2277
132 2277
133 2278
134 2279
135 2279
136 2279
137 2279
138 2279
139 2279
140 2280
141 2280
142 2280
143 2280
144 2281
145 2281
146 2281
147 2281
148 2282
149 2282
150 2283
151 2283
152 2283
153 2283
154 2284
155 2284
156 2284
157 2285
158 2285
159 2285
160 2286
161 2286
162 2286
163 2287
164 2287
165 2287
166 2287
167 2287
168 2287
169 2287
170 2287
171 2287
172 2288
173 2288
174 2288
175 2288
176 2288
177 2288
178 2289
179 2289
180 2289
181 2289
182 2289
183 2289
184 2289
185 2290
186 2290
187 2290
188 2290
189 2290
190 2291
191 2291
192 2291
193 2291
194 2291
195 2291
196 2291
197 2291
198 2292
199 2292
200 2292
201 2292
202 2292
203 2293
204 2293
205 2293
206 2294
207 2294
208 2295
209 2295
210 2295
211 2296
212 2296
213 2296
214 2296
215 2296
216 2296
217 2297
218 2297
219 2297
220 2297
221 2297
222 2297
223 2297
224 2297
225 2297
226 2297
227 2298
228 2298
229 2298
230 2298
231 2299
232 2299
233 2299
234 2300
235 2300
236 2301
237 2301
238 2301
239 2301
240 2301
241 2301
242 2302
243 2302
244 2302
245 2302
246 2302
247 2302
248 2302
249 2302
250 2302
251 2302
252 2302
253 2302
254 2302
255 2303
256 2303
257 2303
258 2303
259 2304
260 2304
261 2304
262 2304
263 2304
264 2304
265 2304
266 2304
267 2304
268 2304
269 2304
270 2304
271 2304
272 2304
273 2304
274 2304
275 2304
276 2304
277 2304
278 2304
279 2304
280 2304
281 2304
282 2304
283 2304
284 2305
285 2305
286 2305
287 2305
288 2305
289 2305
290 2305
291 2305
292 2305
293 2306
294 2306
295 2306
296 2306
297 2306
298 2306
299 2306
300 2306
301 2307
302 2307
303 2307
304 2307
305 2308
306 2308
307 2308
308 2308
309 2308
310 2309
311 2309
312 2309
313 2309
314 2309
315 2309
316 2309
317 2309
318 2310
319 2310
320 2310
321 2310
322 2310
323 2310
324 2310
325 2310
326 2310
327 2310
328 2310
329 2310
330 2310
331 2310
332 2310
333 2310
334 2310
335 2310
336 2310
337 2310
338 2310
339 2310
340 2310
341 2310
342 2310
343 2310
344 2310
345 2310
346 2310
347 2310
348 2310
349 2310
350 2310
351 2310
352 2310
353 2310
354 2310
355 2310
356 2310
357 2310
358 2310
359 2310
360 2310
361 2310
362 2310
363 2310
364 2310
365 2309
366 2309
367 2309
368 2309
369 2309
370 2309
371 2309
372 2309
373 2309
374 2309
375 2309
376 2309
377 2309
378 2309
379 2310
380 2310
381 2310
382 2310
383 2310
384 2310
385 2311
386 2311
387 2311
388 2311
389 2310
390 2310
391 2310
392 2310
393 2310
394 2310
395 2310
396 2310
397 2310
398 2310
399 2310
400 2310
401 2310
402 2310
403 2310
404 2310
405 2310
406 2310
407 2310
408 2310
409 2310
410 2310
411 2310
412 2310
413 2309
414 2309
415 2309
416 2309
417 2308
418 2308
419 2308
420 2308
421 2308
422 2308
423 2307
424 2307
425 2307
426 2307
427 2307
428 2307
429 2307
430 2307
431 2307
432 2306
433 2306
434 2306
435 2306
436 2306
437 2306
438 2306
439 2306
440 2306
441 2305
442 2305
443 2305
444 2305
445 2305
446 2305
447 2305
448 2306
449 2306
450 2306
451 2306
452 2306
453 2306
454 2306
455 2306
456 2307
457 2307
458 2307
459 2307
460 2308
461 2308
462 2308
463 2308
464 2308
465 2308
466 2308
467 2308
468 2308
469 2308
470 2308
471 2308
472 2308
473 2307
474 2307
475 2307
476 2306
477 2306
478 2305
479 2305
480 2305
481 2305
482 2304
483 2304
484 2304
485 2304
486 2304
487 2304
488 2304
489 2304
490 2303
491 2303
492 2303
493 2302
494 2302
495 2301
496 2301
497 2300
498 2300
499 2299
500 2299
501 2298
502 2298
503 2298
504 2297
505 2297
506 2297
507 2296
508 2296
509 2296
510 2296
511 2295
512 2295
513 2294
514 2294
515 2294
516 2294
517 2293
518 2293
519 2293
520 2293
521 2292
522 2292
523 2292
524 2292
525 2292
526 2291
527 2291
528 2291
529 2291
530 2290
531 2290
532 2290
533 2290
534 2290
535 2290
536 2290
537 2289
538 2289
539 2289
540 2289
541 2289
542 2289
543 2289
544 2289
545 2288
546 2288
547 2288
548 2287
549 2287
550 2287
551 2287
552 2286
553 2286
554 2286
555 2286
556 2286
557 2286
558 2285
559 2285
560 2285
561 2285
562 2285
563 2284
564 2284
565 2284
566 2284
567 2284
568 2284
569 2284
570 2283
571 2283
572 2283
573 2283
574 2283
575 2282
576 2282
577 2281
578 2281
579 2281
580 2280
581 2280
582 2280
583 2280
584 2280
585 2280
586 2280
587 2280
588 2280
589 2281
590 2281
591 2281
592 2281
593 2281
594 2281
595 2281
596 2281
597 2281
598 2280
599 2280
600 2280
601 2279
602 2279
603 2279
604 2278
605 2278
606 2277
607 2277
608 2276
609 2275
610 2274
611 2274
612 2273
613 2273
614 2272
615 2271
616 2270
617 2269
618 2268
619 2267
620 2266
621 2265
622 2264
623 2263
624 2262
625 2261
626 2260
627 2260
628 2259
629 2258
630 2258
631 2257
632 2256
633 2255
634 2255
635 2254
636 2253
637 2252
638 2251
639 2250
640 2249
641 2249
642 2248
643 2248
644 2247
645 2246
646 2246
647 2245
648 2245
649 2244
650 2243
651 2242
651 2241
652 2240
652 2239
652 2238
652 2237
653 2236
653 2235
653 2234
653 2233
653 2232
653 2231
653 2230
653 2229
653 2228
653 2227
652 2226
652 2225
651 2224
651 2223
650 2222
649 2221
648 2220
647 2219
646 2219
645 2218
644 2217
643 2216
642 2216
641 2215
640 2214
639 2213
638 2212
637 2211
636 2210
636 2209
636 2208
636 2207
635 2206
635 2205
634 2204
633 2203
632 2202
631 2201
631 2200
630 2199
629 2198
628 2197
627 2196
626 2195
625 2194
624 2193
623 2192
622 2191
621 2190
620 2190
619 2189
618 2188
617 2187
616 2186
615 2185
614 2185
613 2184
612 2184
611 2183
610 2183
609 2182
608 2182
607 2181
606 2181
605 2180
604 2179
603 2179
602 2178
601 2177
600 2177
599 2176
598 2176
597 2176
596 2175
595 2175
594 2175
593 2174
592 2174
591 2174
590 2174
589 2173
588 2173
587 2172
586 2172
585 2171
584 2170
583 2170
582 2169
581 2168
580 2167
579 2167
578 2167
577 2167
576 2166
575 2165
574 2165
573 2165
572 2165
571 2164
570 2164
569 2164
568 2164
567 2164
566 2164
565 2164
564 2163
563 2163
562 2163
561 2163
560 2163
559 2163
558 2163
557 2163
556 2163
555 2163
554 2163
553 2163
552 2163
551 2163
550 2163
549 2163
548 2163
547 2163
546 2163
545 2163
544 2163
543 2163
542 2163
541 2163
540 2163
539 2163
538 2162
537 2162
536 2162
535 2162
534 2162
533 2162
532 2162
531 2162
530 2162
529 2161
528 2161
527 2161
526 2161
525 2161
524 2161
523 2161
522 2161
521 2161
520 2161
519 2161
518 2161
517 2161
516 2161
515 2161
514 2161
513 2161
512 2160
511 2160
510 2160
509 2160
508 2160
507 2159
506 2159
505 2159
504 2159
503 2159
502 2159
501 2159
500 2159
499 2159
498 2159
