460 25
459 26
458 26
457 26
456 27
455 27
454 27
453 28
452 28
451 28
450 29
449 29
448 29
447 30
446 30
445 30
444 30
443 31
442 31
441 31
440 31
439 32
438 32
437 32
436 32
435 32
434 32
433 32
432 32
431 32
430 32
429 32
428 31
427 31
426 31
425 31
424 31
423 31
422 31
421 31
420 31
419 31
418 31
417 31
416 31
415 31
414 31
413 31
412 31
411 31
410 31
409 31
408 31
407 31
406 31
405 31
404 31
403 31
402 31
401 31
400 31
399 31
398 31
397 31
396 31
395 31
394 31
393 31
392 31
391 31
390 31
389 31
388 32
387 32
386 32
385 32
384 32
383 32
382 33
381 33
380 33
379 33
378 34
377 34
376 34
375 34
374 35
373 35
372 35
371 35
370 35
369 35
368 35
367 35
366 35
365 35
364 35
363 35
362 34
361 34
360 34
359 34
358 34
357 34
356 33
355 33
354 33
353 33
352 33
351 33
350 34
349 34
348 34
347 34
346 34
345 34
344 34
343 34
342 34
341 34
340 34
339 35
338 35
337 35
336 35
335 35
334 35
333 35
332 35
331 35
330 35
329 35
328 35
327 35
326 35
325 35
324 35
323 35
322 35
321 35
320 35
319 36
318 36
317 36
316 36
315 35
314 36
313 36
312 36
311 36
310 36
309 36
308 37
307 37
306 38
305 38
304 38
303 38
302 38
301 38
300 38
299 38
298 37
297 37
296 37
295 37
294 37
293 37
292 37
291 36
290 36
289 36
288 36
287 36
286 36
285 36
284 36
283 36
282 36
281 36
280 37
279 37
278 37
277 37
276 37
275 38
274 38
273 38
272 38
271 38
270 38
269 38
268 39
267 39
266 39
265 39
264 39
263 39
262 39
261 39
260 39
259 39
258 39
257 39
256 39
255 39
254 40
253 40
252 40
251 40
250 40
249 40
248 41
247 41
246 41
245 41
244 42
243 42
242 42
241 42
240 42
239 42
238 42
237 42
236 42
235 42
234 43
233 43
232 43
231 43
230 43
229 43
228 43
227 43
226 43
225 43
224 43
223 43
222 44
221 44
220 44
219 44
218 44
217 44
216 44
215 44
214 44
213 44
212 44
211 44
210 44
209 44
208 44
207 44
206 44
205 44
204 45
203 45
202 45
201 45
200 45
199 45
198 45
197 46
196 46
195 46
194 46
193 46
192 46
191 46
190 47
189 47
188 47
187 48
186 48
185 48
184 49
183 49
182 49
181 50
180 50
179 51
178 51
177 51
176 52
175 52
174 52
173 52
172 52
171 53
170 53
169 53
168 53
167 53
166 53
165 53
164 53
163 54
162 54
161 54
160 54
159 55
158 55
157 55
156 56
155 56
154 56
153 56
152 57
151 57
150 57
149 58
148 58
147 58
146 58
145 59
144 59
143 59
142 60
141 60
140 60
139 61
138 61
137 61
136 62
135 62
134 63
133 63
132 63
131 64
130 64
129 65
128 65
127 66
126 67
125 67
124 68
123 68
122 69
121 70
120 70
119 71
118 71
117 72
116 72
115 73
114 73
113 73
112 73
111 73
110 74
109 74
108 74
107 75
106 75
105 75
104 75
103 76
102 76
101 76
100 76
99 76
98 76
97 77
96 77
95 77
94 78
93 78
92 78
91 79
90 79
89 80
88 80
87 81
86 82
85 82
84 83
83 84
82 85
81 86
80 87
79 87
78 88
77 88
76 89
75 89
74 90
73 90
72 91
71 92
70 93
69 93
68 94
67 95
66 96
65 96
64 97
63 98
62 98
61 99
60 100
59 101
58 102
57 103
56 104
56 105
55 106
55 107
54 108
54 109
53 110
53 111
52 112
52 113
51 114
51 115
50 116
50 117
49 118
49 119
48 120
48 121
47 122
47 123
46 124
46 125
45 126
45 127
44 128
43 129
43 130
43 131
42 132
42 133
41 134
41 135
41 136
41 137
41 138
42 139
43 140
44 141
45 142
46 142
47 143
48 143
49 144
50 144
51 144
52 144
53 144
54 145
55 145
56 145
57 145
58 146
59 146
60 146
61 147
62 147
63 148
64 148
65 148
66 149
67 149
68 150
69 150
70 151
71 151
72 152
73 152
74 153
75 153
76 154
77 154
78 155
79 155
80 156
81 156
82 157
83 158
84 158
85 159
86 160
87 160
88 160
89 161
90 162
91 163
92 163
93 164
94 164
95 165
96 165
97 166
98 166
99 166
100 167
101 167
102 167
103 167
104 167
105 168
106 168
107 168
108 169
109 169
110 169
111 170
112 170
113 170
114 170
115 170
116 171
117 171
118 171
119 171
120 171
121 171
122 171
123 171
124 171
125 171
126 171
127 171
128 171
129 171
130 171
131 172
132 172
133 172
134 172
135 172
136 172
137 172
138 172
139 172
140 172
141 172
142 172
143 172
144 173
145 173
146 173
147 173
148 173
149 173
150 172
151 173
152 173
153 173
154 174
155 174
156 174
157 175
158 175
159 175
160 176
161 176
162 176
163 177
164 177
165 177
166 178
167 178
168 178
169 178
170 178
171 178
172 178
173 179
174 179
175 179
176 180
177 180
178 180
179 180
180 180
181 181
182 181
183 181
184 181
185 181
186 182
187 182
188 182
189 182
190 182
191 182
192 182
193 182
194 182
195 182
196 182
197 182
198 182
199 182
200 182
201 183
202 183
203 183
204 183
205 183
206 184
207 184
208 184
209 184
210 184
211 184
212 184
213 185
214 185
215 185
216 185
217 185
218 186
219 186
220 186
221 186
222 186
223 187
224 187
225 187
226 187
227 187
228 188
229 188
230 188
231 189
232 189
233 189
234 189
235 189
236 189
237 189
238 190
239 190
240 191
241 191
242 191
243 191
244 192
245 192
246 193
247 193
248 193
249 193
250 194
251 194
252 194
253 194
254 194
255 194
256 194
257 193
258 193
259 193
260 192
261 192
262 192
263 191
264 191
265 190
266 190
267 190
268 189
269 189
270 189
271 188
272 188
273 188
274 188
275 188
276 187
277 187
278 187
279 187
280 187
281 187
282 187
283 187
284 187
285 187
286 186
287 186
288 186
289 186
290 186
291 186
292 186
293 186
294 186
295 186
296 186
297 186
298 186
299 186
300 187
301 187
302 187
303 187
304 187
305 187
306 188
307 188
308 189
309 189
310 189
311 190
312 190
313 191
314 191
315 192
316 192
317 192
318 193
319 193
320 193
321 194
322 194
323 194
324 194
325 194
326 194
327 195
328 195
329 195
330 195
331 195
332 196
333 196
334 196
335 196
336 196
337 196
338 196
339 196
340 196
341 196
342 196
343 196
344 196
345 196
346 196
347 196
348 196
349 196
350 196
351 195
352 195
353 195
354 195
355 194
356 194
357 194
358 193
359 193
360 193
361 193
362 192
363 192
364 192
365 192
366 191
367 191
368 191
369 191
370 190
371 190
372 190
373 190
374 189
375 189
376 189
377 189
378 189
379 189
380 189
381 189
382 189
383 189
384 189
385 189
386 189
387 189
388 189
389 190
390 190
391 190
392 190
393 190
394 190
395 190
396 190
397 190
398 190
399 190
400 190
401 190
402 190
403 190
404 190
405 189
406 189
407 189
408 189
409 189
410 189
411 188
412 188
413 188
414 188
415 188
416 188
417 188
418 188
419 188
420 188
421 188
422 188
423 188
424 188
425 188
426 188
427 188
428 188
429 188
430 188
431 188
432 188
433 188
434 188
435 188
436 188
437 188
438 188
439 188
440 188
441 188
442 188
443 188
444 188
445 188
446 188
447 188
448 188
449 188
450 189
451 189
452 189
453 189
454 189
455 189
456 190
457 190
458 190
459 190
460 190
461 190
462 190
463 190
464 190
465 190
466 190
467 190
468 190
469 190
470 190
471 189
472 189
473 189
474 189
475 189
476 189
477 189
478 189
479 189
480 189
481 189
482 189
483 189
484 188
485 188
486 188
487 188
488 188
489 188
490 188
491 188
492 187
493 187
494 187
495 187
496 187
497 187
498 187
499 187
500 187
501 187
502 187
503 187
504 187
505 187
506 187
507 187
508 187
509 187
510 187
511 187
512 188
513 188
514 188
515 188
516 188
517 189
518 189
519 189
520 189
521 189
522 189
523 189
524 189
525 189
526 188
527 188
528 187
529 187
530 186
531 186
532 185
533 184
534 184
535 183
536 183
537 182
538 182
539 181
540 181
541 180
542 180
543 180
544 179
545 179
546 179
547 179
548 178
549 178
550 178
551 177
552 177
553 177
554 176
555 176
556 176
557 176
558 175
559 175
560 175
561 175
562 175
563 174
564 174
565 174
566 174
567 174
568 174
569 174
570 174
571 174
572 173
573 173
574 173
575 173
576 173
577 173
578 172
579 172
580 172
581 172
582 171
583 171
584 171
585 170
586 170
587 169
588 169
589 168
590 168
591 167
592 167
593 166
594 166
595 165
596 165
597 165
598 164
599 164
600 164
601 164
602 163
603 163
604 163
605 163
606 163
607 163
608 162
609 162
610 162
611 162
612 161
613 161
614 161
615 160
616 160
617 159
618 159
619 158
620 158
621 157
622 157
623 157
624 156
625 156
626 155
627 155
628 154
629 154
630 153
631 152
632 152
633 151
634 151
635 150
636 150
637 149
638 149
639 148
640 147
641 147
642 146
643 146
644 145
645 144
646 143
647 143
648 142
649 141
650 141
651 140
652 140
653 139
654 138
655 138
656 137
657 136
658 136
659 135
660 134
661 134
662 133
663 132
664 132
665 131
666 130
667 129
668 128
669 128
670 127
671 126
671 125
672 124
673 123
673 122
673 121
674 120
674 119
675 118
675 117
675 116
675 115
675 114
675 113
675 112
675 111
674 110
674 109
674 108
674 107
674 106
673 105
673 104
673 103
672 102
672 101
671 100
671 99
671 98
671 97
670 96
670 95
670 94
669 93
669 92
669 91
669 90
669 89
668 88
667 87
667 86
666 85
666 84
665 83
665 82
664 81
663 80
662 79
661 78
661 77
660 76
660 75
659 74
659 73
658 72
658 71
658 70
657 69
657 68
657 67
657 66
657 65
656 64
656 63
656 62
655 61
654 60
653 60
652 59
651 58
650 57
649 56
648 56
647 56
646 55
645 55
644 54
643 54
642 53
641 53
640 52
639 52
638 51
637 51
636 50
635 49
634 49
633 48
632 47
631 47
630 46
629 45
628 44
627 43
626 42
625 41
624 40
623 39
622 38
622 37
621 36
620 35
619 34
618 33
617 33
616 32
615 32
614 31
613 31
612 31
611 30
610 30
609 29
608 29
607 29
606 29
605 29
604 28
603 28
602 28
601 28
600 28
599 28
598 28
597 27
596 27
595 27
594 27
593 27
592 27
591 27
590 27
589 27
588 27
587 27
586 27
585 27
584 28
583 28
582 28
581 29
580 29
579 29
578 29
577 30
576 30
575 30
574 30
573 30
572 30
571 30
570 29
569 29
568 29
567 29
566 29
565 29
564 29
563 29
562 29
561 29
560 29
559 29
558 29
557 29
556 29
555 29
554 29
553 29
552 29
551 29
550 29
549 29
548 29
547 29
546 29
545 29
544 29
543 29
542 29
541 29
540 29
539 29
538 29
537 29
536 29
535 29
534 29
533 29
532 28
531 28
530 28
529 28
528 28
527 28
526 28
525 28
524 28
523 28
522 28
521 28
520 28
519 28
518 28
517 28
516 28
515 28
514 28
513 28
512 28
511 28
510 28
509 28
508 28
507 28
506 28
505 28
504 28
503 28
502 28
501 28
500 28
499 28
498 28
497 28
496 28
495 28
494 28
493 28
492 28
491 28
490 28
489 28
488 28
487 28
486 28
485 28
484 28
483 28
482 27
481 27
480 27
479 27
478 27
477 26
476 26
475 26
474 26
473 25
472 25
471 25
470 25
469 25
468 25
467 25
466 25
465 25
464 25
463 25
462 25
461 25
460 25
