58 240
57 241
56 241
55 242
54 243
53 243
52 243
51 244
50 244
49 245
48 246
47 247
46 248
46 249
46 250
45 251
45 252
44 253
43 254
43 255
42 256
42 257
42 258
42 259
42 260
42 261
42 262
42 263
42 264
42 265
42 266
42 267
42 268
43 269
43 270
44 271
44 272
44 273
45 274
45 275
45 276
46 277
46 278
47 279
47 280
47 281
47 282
48 283
49 284
49 285
49 286
50 287
51 288
52 289
53 290
54 291
54 292
55 293
56 294
57 295
58 296
58 297
59 298
60 299
60 300
61 301
62 302
62 303
63 304
64 305
65 306
66 307
66 308
67 309
68 310
69 311
70 311
71 312
72 313
73 313
74 314
75 314
76 315
77 315
78 316
79 317
80 318
81 319
82 320
82 321
83 322
84 323
84 324
85 325
86 326
87 327
88 328
89 329
89 330
90 331
91 332
92 333
93 334
94 335
95 336
96 336
97 337
98 338
99 339
100 340
101 341
102 341
103 342
104 343
105 343
106 344
107 344
108 345
109 346
110 346
111 347
112 348
113 348
114 349
115 350
116 350
117 351
118 351
119 352
120 352
121 353
122 353
123 354
124 354
125 354
126 354
127 355
128 355
129 356
130 356
131 357
132 357
133 358
134 358
135 358
136 359
137 359
138 359
139 359
140 360
141 360
142 361
143 361
144 362
145 362
146 363
147 363
148 364
149 364
150 365
151 365
152 365
153 366
154 366
155 366
156 367
157 367
158 368
159 368
160 368
161 369
162 369
163 369
164 370
165 370
166 370
167 371
168 371
169 371
170 371
171 371
172 371
173 372
174 372
175 372
176 372
177 372
178 373
179 373
180 374
181 374
182 374
183 374
184 374
185 374
186 374
187 375
188 375
189 375
190 375
191 375
192 376
193 376
194 377
195 377
196 377
197 377
198 378
199 378
200 378
201 378
202 379
203 379
204 379
205 379
206 379
207 379
208 379
209 380
210 380
211 381
212 381
213 382
214 382
215 382
216 382
217 383
218 383
219 383
220 383
221 383
222 383
223 383
224 383
225 383
226 383
227 383
228 384
229 384
230 384
231 385
232 385
233 386
234 386
235 386
236 387
237 387
238 388
239 388
240 388
241 388
242 389
243 389
244 389
245 390
246 390
247 391
248 391
249 392
250 393
251 393
252 394
253 394
254 395
255 395
256 396
257 396
258 396
259 396
260 397
261 397
262 397
263 398
264 398
265 398
266 398
267 398
268 399
269 399
270 399
271 400
272 400
273 400
274 401
275 401
276 401
277 402
278 402
279 403
280 403
281 404
282 404
283 404
284 405
285 405
286 405
287 406
288 406
289 407
290 407
291 407
292 408
293 408
294 409
295 409
296 409
297 410
298 410
299 410
300 411
301 411
302 411
303 412
304 412
305 412
306 413
307 413
308 414
309 414
310 414
311 415
312 415
313 415
314 416
315 416
316 417
317 417
318 418
319 418
320 418
321 418
322 418
323 418
324 418
325 418
326 418
327 417
328 417
329 417
330 416
331 416
332 415
333 415
334 415
335 414
336 414
337 414
338 414
339 414
340 414
341 413
342 413
343 413
344 413
345 413
346 412
347 412
348 412
349 411
350 411
351 411
352 410
353 410
354 410
355 410
356 409
357 409
358 409
359 408
360 408
361 408
362 408
363 407
364 407
365 407
366 407
367 407
368 407
369 407
370 406
371 406
372 406
373 406
374 406
375 406
376 406
377 406
378 406
379 406
380 406
381 406
382 406
383 406
384 406
385 406
386 405
387 405
388 405
389 405
390 405
391 405
392 405
393 405
394 405
395 405
396 405
397 406
398 406
399 406
400 406
401 406
402 406
403 406
404 406
405 406
406 406
407 406
408 405
409 405
410 405
411 405
412 405
413 405
414 405
415 405
416 405
417 405
418 405
419 405
420 405
421 405
422 405
423 405
424 404
425 404
426 404
427 404
428 404
429 404
430 404
431 404
432 404
433 403
434 403
435 403
436 402
437 402
438 402
439 402
440 402
441 401
442 401
443 401
444 400
445 400
446 399
447 399
448 399
449 398
450 398
451 398
452 398
453 398
454 398
455 397
456 397
457 397
458 397
459 397
460 397
461 397
462 397
463 397
464 397
465 397
466 397
467 397
468 397
469 397
470 397
471 397
472 397
473 397
474 397
475 397
476 396
477 396
478 395
479 395
480 394
481 394
482 394
483 394
484 395
485 395
486 395
487 395
488 395
489 395
490 395
491 395
492 394
493 394
494 394
495 394
496 394
497 394
498 394
499 394
500 394
501 394
502 394
503 394
504 394
505 394
506 394
507 394
508 394
509 393
510 393
511 393
512 393
513 393
514 393
515 393
516 392
517 392
518 392
519 392
520 392
521 392
522 392
523 392
524 392
525 392
526 392
527 392
528 391
529 391
530 390
531 390
532 390
533 389
534 389
535 389
536 389
537 388
538 388
539 388
540 388
541 388
542 388
543 388
544 388
545 388
546 388
547 388
548 388
549 388
550 387
551 387
552 386
553 385
554 385
555 385
556 384
557 384
558 384
559 383
560 383
561 383
562 382
563 381
564 381
565 380
566 380
567 380
568 380
569 380
570 379
571 379
572 379
573 379
574 379
575 379
576 379
577 379
578 379
579 379
580 379
581 379
582 379
583 379
584 378
585 378
586 378
587 377
588 377
589 377
590 376
591 376
592 376
593 375
594 374
595 374
596 373
597 373
598 373
599 372
600 372
601 371
602 371
603 371
604 370
605 370
606 370
607 369
608 369
609 368
610 368
611 367
612 367
613 366
614 366
615 366
616 365
617 365
618 364
619 364
620 363
621 363
622 362
623 361
624 360
625 360
626 359
627 358
628 358
629 357
630 356
631 356
632 356
633 356
634 355
635 355
636 354
637 353
638 353
639 353
640 352
641 352
642 351
643 350
644 349
645 349
646 348
647 347
648 346
649 346
650 345
651 345
652 344
653 343
654 343
655 342
656 342
657 341
658 340
659 340
660 339
661 338
662 337
663 336
664 336
665 335
666 334
667 333
668 332
669 331
670 331
671 330
671 329
672 328
672 327
673 326
673 325
674 324
674 323
675 322
675 321
675 320
676 319
676 318
676 317
676 316
676 315
676 314
676 313
676 312
675 311
675 310
675 309
675 308
675 307
675 306
675 305
675 304
675 303
674 302
674 301
674 300
674 299
674 298
674 297
674 296
674 295
674 294
674 293
674 292
674 291
673 290
673 289
673 288
672 287
671 286
671 285
671 284
670 283
670 282
669 281
669 280
669 279
668 278
667 277
667 276
666 275
665 274
664 273
663 272
662 271
661 270
660 270
659 269
658 268
657 268
656 267
655 267
654 266
653 266
652 265
651 264
650 264
649 263
648 263
647 262
646 262
645 261
644 261
643 260
642 260
641 259
640 259
639 258
638 257
637 256
636 256
635 255
634 255
633 254
632 254
631 254
630 254
629 253
628 253
627 253
626 253
625 253
624 252
623 252
622 252
621 252
620 252
619 252
618 253
617 253
616 253
615 253
614 253
613 253
612 253
611 253
610 253
609 253
608 252
607 252
606 252
605 252
604 252
603 252
602 252
601 252
600 251
599 251
598 251
597 251
596 251
595 251
594 251
593 251
592 251
591 251
590 251
589 251
588 251
587 251
586 251
585 251
584 251
583 250
582 250
581 250
580 250
579 250
578 250
577 250
576 250
575 250
574 250
573 250
572 250
571 250
570 250
569 250
568 250
567 250
566 250
565 250
564 250
563 250
562 250
561 250
560 250
559 250
558 250
557 250
556 249
555 249
554 249
553 249
552 249
551 249
550 249
549 248
548 248
547 248
546 248
545 248
544 248
543 248
542 248
541 248
540 248
539 248
538 248
537 248
536 248
535 248
534 248
533 249
532 249
531 249
530 249
529 249
528 249
527 249
526 249
525 249
524 249
523 249
522 249
521 249
520 249
519 249
518 249
517 249
516 249
515 249
514 249
513 249
512 249
511 249
510 249
509 249
508 249
507 249
506 249
505 249
504 249
503 249
502 249
501 249
500 249
499 249
498 249
497 249
496 249
495 249
494 249
493 249
492 249
491 249
490 249
489 249
488 249
487 249
486 249
485 249
484 249
483 249
482 249
481 249
480 249
479 249
478 249
477 249
476 249
475 249
474 249
473 250
472 250
471 250
470 251
469 251
468 251
467 251
466 251
465 251
464 251
463 250
462 250
461 250
460 250
459 250
458 250
457 250
456 250
455 250
454 250
453 251
452 251
451 251
450 251
449 251
448 251
447 251
446 252
445 252
444 252
443 252
442 252
441 252
440 252
439 252
438 252
437 252
436 252
435 252
434 252
433 252
432 252
431 252
430 252
429 252
428 252
427 252
426 252
425 252
424 252
423 252
422 252
421 252
420 252
419 252
418 252
417 252
416 252
415 252
414 252
413 252
412 252
411 252
410 252
409 252
408 252
407 252
406 252
405 252
404 252
403 252
402 252
401 252
400 253
399 253
398 253
397 253
396 253
395 254
394 253
393 253
392 253
391 253
390 253
389 253
388 254
387 254
386 254
385 254
384 254
383 255
382 255
381 255
380 255
379 255
378 255
377 256
376 256
375 256
374 256
373 256
372 256
371 256
370 256
369 256
368 256
367 257
366 257
365 257
364 257
363 257
362 257
361 257
360 257
359 257
358 257
357 257
356 257
355 257
354 257
353 257
352 257
351 257
350 257
349 257
348 257
347 257
346 257
345 257
344 257
343 257
342 258
341 258
340 258
339 258
338 258
337 258
336 258
335 259
334 259
333 259
332 259
331 259
330 259
329 259
328 259
327 259
326 259
325 259
324 260
323 260
322 261
321 261
320 261
319 261
318 261
317 261
316 261
315 262
314 262
313 262
312 263
311 263
310 264
309 265
308 265
307 266
306 266
305 266
304 267
303 267
302 268
301 268
300 268
299 268
298 268
297 268
296 268
295 268
294 268
293 267
292 267
291 267
290 267
289 267
288 267
287 267
286 267
285 267
284 267
283 268
282 268
281 268
280 268
279 268
278 268
277 268
276 268
275 268
274 268
273 269
272 269
271 269
270 269
269 269
268 269
267 269
266 269
265 269
264 268
263 267
262 267
261 266
260 265
259 265
258 264
257 263
256 263
255 262
254 262
253 262
252 262
251 262
250 262
249 262
248 261
247 261
246 261
245 261
244 261
243 261
242 261
241 261
240 260
239 260
238 260
237 260
236 260
235 260
234 260
233 260
232 260
231 260
230 261
229 261
228 261
227 261
226 260
225 260
224 260
223 260
222 259
221 259
220 258
219 258
218 258
217 258
216 258
215 258
214 258
213 258
212 258
211 257
210 257
209 257
208 257
207 257
206 257
205 257
204 257
203 257
202 257
201 257
200 257
199 257
198 257
197 257
196 257
195 256
194 256
193 256
192 255
191 255
190 255
189 255
188 255
187 255
186 255
185 255
184 255
183 255
182 255
181 255
180 255
179 255
178 255
177 255
176 255
175 255
174 255
173 255
172 255
171 255
170 255
169 255
168 255
167 255
166 255
165 255
164 255
163 255
162 255
161 255
160 255
159 255
158 255
157 254
156 254
155 254
154 254
153 254
152 254
151 254
150 254
149 254
148 254
147 253
146 253
145 254
144 253
143 253
142 253
141 252
140 252
139 252
138 252
137 252
136 252
135 252
134 252
133 252
132 252
131 251
130 251
129 250
128 250
127 250
126 250
125 250
124 250
123 250
122 250
121 249
120 249
119 249
118 249
117 249
116 248
115 248
114 248
113 248
112 247
111 247
110 247
109 247
108 247
107 247
106 247
105 247
104 247
103 246
102 246
101 246
100 246
99 246
98 246
97 246
96 246
95 245
94 245
93 245
92 244
91 244
90 244
89 244
88 244
87 244
86 244
85 244
84 244
83 244
82 245
81 245
80 245
79 245
78 246
77 246
76 246
75 246
74 246
73 246
72 246
71 246
70 245
69 245
68 245
67 244
66 243
65 243
64 242
63 242
62 241
61 241
60 241
59 240
58 240
