487 459
486 460
485 460
484 461
483 461
482 462
481 462
480 462
479 463
478 463
477 463
476 463
475 464
474 464
473 464
472 464
471 463
470 463
469 463
468 463
467 463
466 463
465 462
464 462
463 462
462 462
461 462
460 461
459 461
458 461
457 461
456 461
455 461
454 461
453 461
452 460
451 460
450 460
449 460
448 460
447 460
446 460
445 460
444 460
443 460
442 460
441 460
440 460
439 460
438 460
437 460
436 460
435 460
434 460
433 461
432 461
431 461
430 461
429 461
428 461
427 461
426 461
425 461
424 462
423 462
422 462
421 462
420 462
419 462
418 462
417 462
416 462
415 462
414 462
413 463
412 463
411 463
410 463
409 463
408 463
407 463
406 463
405 463
404 463
403 463
402 463
401 463
400 463
399 463
398 463
397 463
396 463
395 463
394 463
393 463
392 463
391 463
390 463
389 463
388 463
387 463
386 463
385 463
384 464
383 464
382 465
381 465
380 465
379 465
378 465
377 465
376 466
375 466
374 466
373 466
372 466
371 466
370 466
369 466
368 466
367 467
366 467
365 467
364 467
363 467
362 467
361 467
360 467
359 467
358 467
357 467
356 467
355 467
354 467
353 467
352 467
351 467
350 467
349 467
348 467
347 467
346 467
345 466
344 466
343 466
342 466
341 466
340 465
339 465
338 465
337 465
336 466
335 466
334 466
333 466
332 466
331 467
330 467
329 467
328 467
327 467
326 467
325 467
324 467
323 467
322 467
321 467
320 467
319 467
318 467
317 467
316 467
315 467
314 467
313 467
312 468
311 468
310 468
309 468
308 468
307 468
306 468
305 468
304 468
303 468
302 468
301 468
300 468
299 468
298 468
297 469
296 469
295 469
294 469
293 469
292 469
291 470
290 470
289 470
288 470
287 470
286 470
285 470
284 470
283 470
282 470
281 470
280 470
279 470
278 470
277 470
276 470
275 470
274 470
273 470
272 470
271 470
270 470
269 470
268 470
267 470
266 470
265 470
264 471
263 471
262 472
261 472
260 472
259 472
258 473
257 473
256 473
255 474
254 474
253 474
252 475
251 475
250 476
249 476
248 476
247 476
246 476
245 476
244 476
243 476
242 476
241 476
240 476
239 476
238 476
237 476
236 477
235 477
234 477
233 477
232 477
231 477
230 477
229 477
228 477
227 477
226 477
225 477
224 477
223 477
222 477
221 477
220 477
219 477
218 477
217 478
216 478
215 478
214 478
213 478
212 478
211 478
210 479
209 479
208 479
207 479
206 479
205 479
204 479
203 479
202 478
201 478
200 478
199 478
198 478
197 478
196 478
195 479
194 479
193 479
192 480
191 480
190 480
189 481
188 481
187 481
186 481
185 481
184 481
183 481
182 481
181 481
180 481
179 481
178 481
177 481
176 480
175 480
174 480
173 480
172 480
171 480
170 480
169 480
168 480
167 480
166 480
165 480
164 480
163 480
162 481
161 481
160 481
159 481
158 481
157 482
156 482
155 483
154 483
153 483
152 484
151 484
150 484
149 485
148 485
147 485
146 485
145 485
144 485
143 485
142 485
141 485
140 485
139 485
138 485
137 485
136 485
135 485
134 485
133 486
132 486
131 486
130 486
129 486
128 486
127 486
126 486
125 486
124 486
123 487
122 487
121 487
120 487
119 487
118 487
117 488
116 488
115 488
114 488
113 488
112 488
111 489
110 489
109 489
108 489
107 490
106 490
105 490
104 491
103 491
102 491
101 492
100 492
99 492
98 492
97 492
96 492
95 493
94 493
93 493
92 493
91 494
90 494
89 494
88 495
87 495
86 495
85 496
84 496
83 496
82 496
81 497
80 497
79 497
78 497
77 497
76 497
75 497
74 497
73 497
72 497
71 498
70 499
69 499
68 500
67 501
66 502
65 503
64 504
63 505
62 506
61 507
60 508
60 509
59 510
58 511
58 512
57 513
57 514
56 515
56 516
55 517
54 518
53 519
52 520
51 521
50 522
49 523
48 524
48 525
47 526
47 527
46 528
46 529
46 530
45 531
44 532
44 533
43 534
42 535
42 536
41 537
41 538
40 539
40 540
39 541
39 542
39 543
39 544
40 545
40 546
41 547
41 548
42 549
43 550
44 551
45 552
46 553
47 554
48 555
49 556
50 556
51 557
52 558
53 558
54 559
55 560
56 560
57 561
58 562
59 563
60 563
61 564
62 565
63 565
64 566
65 567
66 567
67 568
68 569
69 569
70 570
71 571
72 571
73 572
74 573
75 573
76 574
77 575
78 575
79 576
80 577
81 577
82 578
83 579
84 579
85 580
86 581
87 581
88 582
89 583
90 583
91 584
92 585
93 585
94 586
95 587
96 587
97 587
98 588
99 588
100 589
101 589
102 590
103 590
104 591
105 592
106 592
107 593
108 593
109 594
110 595
111 595
112 596
113 597
114 597
115 597
116 598
117 598
118 598
119 599
120 599
121 599
122 599
123 599
124 599
125 599
126 599
127 599
128 599
129 599
130 599
131 599
132 599
133 600
134 600
135 600
136 600
137 600
138 601
139 601
140 601
141 601
142 601
143 601
144 601
145 601
146 601
147 601
148 601
149 601
150 601
151 601
152 601
153 601
154 601
155 601
156 601
157 601
158 601
159 601
160 601
161 601
162 601
163 601
164 602
165 602
166 602
167 602
168 602
169 602
170 603
171 603
172 603
173 603
174 603
175 603
176 603
177 603
178 603
179 602
180 602
181 602
182 602
183 601
184 601
185 601
186 601
187 600
188 600
189 599
190 599
191 598
192 598
193 597
194 597
195 597
196 597
197 597
198 597
199 597
200 597
201 597
202 597
203 597
204 597
205 597
206 596
207 596
208 596
209 596
210 595
211 595
212 595
213 595
214 594
215 594
216 594
217 594
218 594
219 594
220 594
221 594
222 594
223 594
224 594
225 594
226 594
227 594
228 593
229 593
230 593
231 593
232 593
233 593
234 593
235 593
236 593
237 593
238 593
239 593
240 593
241 593
242 593
243 592
244 592
245 592
246 592
247 592
248 592
249 592
250 592
251 592
252 592
253 592
254 592
255 592
256 592
257 592
258 592
259 592
260 592
261 592
262 592
263 592
264 592
265 592
266 592
267 592
268 592
269 592
270 592
271 592
272 592
273 592
274 592
275 592
276 592
277 592
278 592
279 592
280 592
281 592
282 592
283 592
284 592
285 592
286 593
287 593
288 593
289 593
290 593
291 593
292 593
293 593
294 593
295 594
296 594
297 594
298 594
299 594
300 594
301 594
302 594
303 594
304 594
305 594
306 594
307 594
308 595
309 595
310 595
311 595
312 595
313 595
314 595
315 595
316 595
317 595
318 596
319 596
320 596
321 596
322 597
323 597
324 597
325 597
326 598
327 598
328 599
329 599
330 600
331 600
332 601
333 601
334 602
335 602
336 603
337 603
338 603
339 603
340 603
341 603
342 603
343 602
344 602
345 602
346 602
347 602
348 602
349 602
350 602
351 602
352 602
353 602
354 602
355 602
356 602
357 602
358 603
359 603
360 603
361 603
362 603
363 602
364 602
365 602
366 602
367 602
368 602
369 602
370 602
371 602
372 602
373 602
374 602
375 602
376 602
377 602
378 603
379 603
380 603
381 603
382 603
383 603
384 603
385 603
386 603
387 603
388 603
389 603
390 603
391 603
392 603
393 603
394 603
395 603
396 604
397 604
398 604
399 604
400 604
401 604
402 605
403 605
404 605
405 605
406 605
407 605
408 605
409 605
410 605
411 605
412 605
413 605
414 606
415 606
416 606
417 606
418 607
419 607
420 607
421 607
422 607
423 607
424 607
425 607
426 607
427 607
428 607
429 607
430 607
431 607
432 607
433 607
434 607
435 607
436 607
437 607
438 607
439 607
440 607
441 607
442 607
443 607
444 607
445 607
446 607
447 607
448 607
449 607
450 608
451 608
452 608
453 608
454 608
455 608
456 608
457 608
458 608
459 609
460 609
461 609
462 609
463 609
464 609
465 609
466 609
467 610
468 610
469 610
470 610
471 611
472 611
473 611
474 611
475 611
476 612
477 612
478 612
479 612
480 612
481 613
482 613
483 613
484 613
485 613
486 614
487 614
488 614
489 614
490 614
491 615
492 615
493 615
494 615
495 615
496 615
497 615
498 615
499 615
500 615
501 615
502 615
503 615
504 615
505 615
506 615
507 616
508 616
509 616
510 616
511 616
512 616
513 616
514 616
515 616
516 616
517 616
518 617
519 617
520 617
521 618
522 618
523 618
524 618
525 618
526 618
527 619
528 619
529 619
530 619
531 620
532 620
533 620
534 621
535 621
536 621
537 622
538 622
539 622
540 622
541 622
542 622
543 622
544 622
545 622
546 622
547 622
548 622
549 622
550 622
551 622
552 622
553 622
554 622
555 622
556 622
557 622
558 622
559 622
560 622
561 622
562 622
563 622
564 622
565 622
566 622
567 621
568 621
569 621
570 621
571 622
572 622
573 622
574 622
575 622
576 622
577 622
578 622
579 622
580 622
581 622
582 622
583 622
584 621
585 621
586 621
587 620
588 620
589 620
590 620
591 620
592 620
593 621
594 621
595 621
596 622
597 622
598 622
599 623
600 623
601 623
602 623
603 623
604 623
605 623
606 623
607 623
608 623
609 623
610 624
611 624
612 624
613 624
614 623
615 623
616 623
617 623
618 622
619 622
620 622
621 621
622 621
623 621
624 621
625 620
626 620
627 620
628 619
629 618
630 618
631 617
632 616
633 616
634 615
635 614
636 613
637 612
638 611
639 610
640 609
641 608
642 607
643 607
644 606
645 606
646 605
647 604
648 603
649 603
650 602
651 601
652 600
653 599
653 598
654 597
654 596
655 595
655 594
655 593
656 592
656 591
656 590
657 589
657 588
658 587
658 586
658 585
659 584
659 583
660 582
661 581
662 580
663 579
664 578
665 577
666 576
667 575
668 574
668 573
669 572
669 571
670 570
670 569
670 568
670 567
670 566
670 565
670 564
671 563
671 562
671 561
671 560
672 559
672 558
672 557
673 556
673 555
673 554
673 553
673 552
673 551
673 550
674 549
674 548
674 547
674 546
674 545
674 544
674 543
674 542
674 541
673 540
673 539
673 538
672 537
672 536
671 535
670 534
670 533
669 532
669 531
668 530
667 529
667 528
666 528
665 527
664 526
663 525
662 525
661 524
660 523
659 523
658 522
657 522
656 521
655 520
654 519
653 518
652 517
651 517
650 516
649 515
648 514
647 513
646 512
645 511
644 510
643 509
642 508
641 507
641 506
640 505
639 504
639 503
638 502
638 501
637 500
636 499
635 498
635 497
634 496
634 495
634 494
633 493
633 492
632 491
632 490
631 489
630 488
629 487
629 486
628 486
627 485
626 484
625 484
624 483
623 483
622 483
621 482
620 482
619 481
618 481
617 480
616 480
615 480
614 480
613 479
612 479
611 479
610 479
609 479
608 479
607 479
606 479
605 479
604 478
603 478
602 478
601 478
600 478
599 477
598 477
597 477
596 477
595 477
594 476
593 476
592 476
591 476
590 475
589 475
588 475
587 475
586 475
585 475
584 475
583 475
582 475
581 475
580 475
579 475
578 475
577 475
576 475
575 475
574 475
573 475
572 474
571 474
570 474
569 474
568 474
567 473
566 473
565 473
564 472
563 472
562 472
561 471
560 471
559 471
558 471
557 471
556 470
555 470
554 470
553 470
552 469
551 469
550 469
549 469
548 469
547 469
546 469
545 469
544 469
543 469
542 469
541 469
540 469
539 469
538 469
537 469
536 468
535 468
534 468
533 468
532 467
531 467
530 467
529 467
528 467
527 467
526 466
525 466
524 466
523 466
522 466
521 466
520 466
519 466
518 465
517 465
516 465
515 465
514 465
513 464
512 464
511 464
510 464
509 463
508 463
507 462
506 462
505 462
504 461
503 461
502 461
501 460
500 460
499 460
498 460
497 459
496 459
495 459
494 459
493 459
492 459
491 459
490 459
489 459
488 459
487 459
