440 666
439 667
438 667
437 667
436 667
435 667
434 667
433 667
432 667
431 667
430 667
429 667
428 667
427 667
426 668
425 668
424 668
423 668
422 668
421 668
420 668
419 668
418 668
417 668
416 668
415 668
414 668
413 669
412 669
411 669
410 669
409 669
408 669
407 669
406 669
405 669
404 669
403 669
402 669
401 668
400 668
399 668
398 668
397 668
396 668
395 668
394 667
393 667
392 667
391 667
390 667
389 667
388 667
387 667
386 667
385 667
384 667
383 667
382 667
381 667
380 667
379 668
378 668
377 668
376 669
375 669
374 669
373 669
372 670
371 670
370 670
369 671
368 671
367 671
366 671
365 672
364 672
363 672
362 672
361 672
360 672
359 672
358 673
357 673
356 673
355 673
354 673
353 673
352 673
351 673
350 673
349 673
348 673
347 674
346 674
345 674
344 674
343 674
342 674
341 674
340 674
339 674
338 675
337 675
336 675
335 675
334 675
333 675
332 676
331 676
330 676
329 676
328 676
327 677
326 677
325 677
324 678
323 678
322 678
321 679
320 679
319 679
318 680
317 680
316 681
315 681
314 681
313 682
312 682
311 682
310 683
309 683
308 683
307 683
306 683
305 684
304 684
303 684
302 684
301 685
300 685
299 685
298 685
297 686
296 686
295 686
294 686
293 686
292 687
291 687
290 687
289 688
288 688
287 688
286 689
285 689
284 689
283 689
282 690
281 690
280 691
279 691
278 691
277 692
276 692
275 692
274 693
273 693
272 693
271 694
270 694
269 694
268 694
267 694
266 694
265 694
264 695
263 695
262 695
261 695
260 695
259 696
258 696
257 696
256 696
255 696
254 696
253 696
252 696
251 696
250 696
249 696
248 696
247 696
246 696
245 696
244 696
243 696
242 696
241 696
240 696
239 696
238 696
237 696
236 696
235 696
234 696
233 696
232 696
231 696
230 696
229 696
228 697
227 697
226 697
225 697
224 697
223 698
222 698
221 698
220 698
219 699
218 699
217 699
216 699
215 700
214 700
213 700
212 700
211 701
210 701
209 701
208 701
207 701
206 702
205 702
204 702
203 701
202 702
201 702
200 702
199 702
198 702
197 702
196 702
195 703
194 703
193 703
192 703
191 703
190 703
189 704
188 704
187 704
186 705
185 705
184 706
183 706
182 707
181 707
180 708
179 709
178 709
177 709
176 710
175 710
174 710
173 710
172 711
171 711
170 711
169 711
168 712
167 712
166 712
165 712
164 712
163 713
162 713
161 713
160 713
159 714
158 714
157 714
156 714
155 715
154 715
153 715
152 715
151 716
150 716
149 716
148 716
147 717
146 717
145 717
144 717
143 718
142 718
141 718
140 718
139 718
138 719
137 719
136 719
135 719
134 720
133 720
132 720
131 720
130 721
129 721
128 721
127 721
126 721
125 722
124 722
123 722
122 723
121 723
120 723
119 723
118 724
117 724
116 724
115 724
114 725
113 725
112 725
111 725
110 726
109 726
108 726
107 726
106 727
105 727
104 727
103 727
102 728
101 728
100 728
99 729
98 729
97 729
96 729
95 730
94 730
93 730
92 731
91 731
90 731
89 732
88 732
87 732
86 732
85 733
84 733
83 733
82 734
81 734
80 734
79 735
78 735
77 735
76 736
75 736
74 737
73 737
72 738
71 739
70 740
69 740
68 741
67 742
66 742
65 743
64 743
63 744
62 744
61 745
60 746
59 746
58 747
57 748
56 749
55 750
54 751
53 752
52 753
51 754
50 755
49 756
49 757
48 758
47 759
47 760
46 761
46 762
45 763
45 764
44 765
44 766
44 767
45 767
46 768
47 768
48 769
49 770
50 771
51 771
52 772
53 772
54 772
55 772
56 773
57 773
58 773
59 773
60 773
61 773
62 774
63 774
64 774
65 775
66 775
67 775
68 775
69 775
70 776
71 776
72 776
73 777
74 777
75 777
76 777
77 778
78 778
79 778
80 778
81 778
82 778
83 778
84 778
85 779
86 779
87 779
88 780
89 780
90 781
91 781
92 781
93 781
94 781
95 781
96 781
97 781
98 781
99 782
100 782
101 782
102 782
103 782
104 782
105 782
106 782
107 783
108 783
109 783
110 783
111 783
112 783
113 783
114 784
115 784
116 784
117 784
118 785
119 785
120 785
121 786
122 786
123 786
124 786
125 786
126 787
127 787
128 787
129 788
130 789
131 789
132 790
133 790
134 791
135 791
136 792
137 792
138 793
139 793
140 793
141 793
142 794
143 794
144 794
145 795
146 795
147 795
148 795
149 796
150 796
151 796
152 796
153 796
154 797
155 797
156 797
157 798
158 798
159 798
160 798
161 798
162 798
163 798
164 798
165 798
166 798
167 798
168 798
169 798
170 799
171 799
172 799
173 799
174 799
175 799
176 799
177 799
178 799
179 800
180 800
181 800
182 800
183 800
184 800
185 801
186 801
187 801
188 801
189 802
190 802
191 802
192 802
193 802
194 802
195 803
196 803
197 803
198 803
199 804
200 804
201 805
202 805
203 806
204 806
205 806
206 806
207 807
208 807
209 807
210 807
211 808
212 808
213 808
214 809
215 809
216 810
217 810
218 810
219 810
220 811
221 811
222 811
223 811
224 812
225 812
226 812
227 812
228 812
229 812
230 812
231 812
232 812
233 812
234 812
235 812
236 812
237 813
238 813
239 813
240 813
241 813
242 813
243 814
244 814
245 814
246 814
247 814
248 814
249 814
250 815
251 815
252 815
253 815
254 815
255 815
256 815
257 815
258 815
259 815
260 815
261 816
262 816
263 816
264 816
265 816
266 816
267 816
268 815
269 816
270 816
271 816
272 816
273 816
274 817
275 817
276 817
277 817
278 817
279 817
280 818
281 818
282 818
283 818
284 819
285 819
286 819
287 819
288 820
289 820
290 820
291 820
292 821
293 821
294 821
295 821
296 822
297 822
298 822
299 822
300 823
301 823
302 823
303 823
304 824
305 824
306 824
307 824
308 825
309 825
310 825
311 825
312 825
313 826
314 826
315 826
316 826
317 827
318 827
319 827
320 827
321 828
322 828
323 828
324 828
325 828
326 829
327 829
328 829
329 829
330 830
331 830
332 830
333 831
334 831
335 831
336 831
337 831
338 831
339 831
340 831
341 831
342 831
343 832
344 832
345 832
346 832
347 832
348 832
349 832
350 833
351 833
352 833
353 833
354 833
355 833
356 833
357 833
358 833
359 833
360 833
361 833
362 833
363 833
364 832
365 832
366 832
367 832
368 832
369 832
370 832
371 832
372 832
373 832
374 832
375 832
376 832
377 832
378 832
379 832
380 832
381 832
382 832
383 832
384 832
385 832
386 832
387 832
388 832
389 832
390 832
391 832
392 832
393 832
394 832
395 832
396 832
397 832
398 832
399 832
400 832
401 832
402 832
403 832
404 832
405 832
406 833
407 833
408 833
409 833
410 833
411 833
412 833
413 833
414 833
415 833
416 833
417 833
418 833
419 832
420 832
421 832
422 832
423 832
424 831
425 831
426 831
427 831
428 831
429 831
430 830
431 830
432 830
433 830
434 830
435 830
436 830
437 830
438 830
439 830
440 830
441 830
442 830
443 830
444 830
445 830
446 830
447 830
448 830
449 830
450 830
451 830
452 830
453 830
454 830
455 830
456 830
457 830
458 830
459 830
460 830
461 830
462 830
463 830
464 830
465 830
466 830
467 830
468 831
469 831
470 831
471 831
472 831
473 831
474 831
475 831
476 831
477 831
478 832
479 832
480 832
481 832
482 832
483 833
484 833
485 833
486 833
487 833
488 833
489 833
490 833
491 833
492 833
493 833
494 833
495 833
496 833
497 833
498 833
499 833
500 833
501 833
502 833
503 833
504 833
505 833
506 833
507 833
508 833
509 833
510 833
511 833
512 833
513 833
514 833
515 833
516 833
517 833
518 833
519 833
520 833
521 833
522 833
523 833
524 833
525 833
526 833
527 833
528 833
529 833
530 833
531 833
532 833
533 834
534 834
535 834
536 834
537 834
538 834
539 834
540 834
541 834
542 834
543 834
544 834
545 834
546 834
547 834
548 834
549 834
550 834
551 834
552 834
553 834
554 834
555 834
556 834
557 834
558 834
559 834
560 834
561 834
562 834
563 834
564 834
565 834
566 834
567 834
568 834
569 834
570 834
571 834
572 834
573 833
574 833
575 833
576 833
577 833
578 832
579 832
580 832
581 831
582 831
583 831
584 831
585 831
586 830
587 830
588 830
589 830
590 830
591 830
592 830
593 830
594 830
595 830
596 830
597 830
598 830
599 830
600 830
601 830
602 830
603 830
604 830
605 830
606 830
607 830
608 830
609 830
610 830
611 831
612 831
613 831
614 831
615 831
616 831
617 831
618 831
619 831
620 831
621 831
622 831
623 831
624 831
625 830
626 830
627 830
628 830
629 830
630 830
631 830
632 830
633 830
634 829
635 829
636 829
637 829
638 829
639 829
640 829
641 828
642 828
643 828
644 828
645 827
646 827
647 826
648 825
649 824
650 823
651 823
652 822
653 821
654 820
655 820
656 819
657 818
658 817
659 817
660 816
661 815
662 815
663 814
664 813
665 813
666 812
667 812
668 811
669 810
670 809
671 808
671 807
672 806
672 805
673 804
673 803
674 802
675 801
675 800
675 799
675 798
676 797
676 796
676 795
677 794
677 793
677 792
677 791
677 790
677 789
678 788
678 787
678 786
678 785
678 784
678 783
678 782
677 781
677 780
677 779
677 778
677 777
677 776
676 775
676 774
676 773
675 772
675 771
675 770
674 769
674 768
674 767
674 766
673 765
673 764
673 763
673 762
672 761
672 760
672 759
672 758
672 757
672 756
671 755
671 754
671 753
671 752
671 751
670 750
670 749
670 748
669 747
669 746
668 745
668 744
668 743
667 742
667 741
666 740
666 739
666 738
666 737
665 736
665 735
665 734
665 733
665 732
664 731
664 730
664 729
663 728
663 727
663 726
662 725
662 724
662 723
661 722
661 721
660 720
660 719
660 718
660 717
660 716
659 715
659 714
659 713
660 712
660 711
660 710
660 709
660 708
661 707
661 706
661 705
661 704
661 703
661 702
660 701
659 700
659 699
658 698
657 697
657 696
656 695
655 694
654 693
653 693
652 692
651 691
651 690
650 689
650 688
649 687
648 686
648 685
647 684
646 683
645 682
645 681
645 680
645 679
644 678
643 677
642 677
641 676
640 676
639 675
638 675
637 675
636 674
635 674
634 674
633 674
632 674
631 674
630 674
629 674
628 674
627 674
626 674
625 674
624 674
623 674
622 675
621 675
620 675
619 675
618 675
617 676
616 676
615 676
614 676
613 676
612 676
611 676
610 676
609 676
608 676
607 676
606 676
605 676
604 676
603 676
602 676
601 676
600 676
599 676
598 676
597 676
596 676
595 676
594 676
593 676
592 675
591 675
590 675
589 675
588 675
587 675
586 675
585 675
584 675
583 675
582 675
581 675
580 675
579 675
578 675
577 675
576 675
575 674
574 674
573 674
572 674
571 674
570 674
569 673
568 673
567 673
566 673
565 673
564 673
563 673
562 673
561 672
560 672
559 672
558 672
557 672
556 672
555 672
554 672
553 672
552 671
551 671
550 671
549 671
548 671
547 671
546 671
545 671
544 671
543 671
542 671
541 671
540 671
539 671
538 671
537 671
536 670
535 670
534 670
533 670
532 670
531 670
530 670
529 670
528 669
527 669
526 669
525 669
524 669
523 669
522 669
521 669
520 669
519 669
518 669
517 669
516 669
515 669
514 669
513 669
512 669
511 669
510 669
509 669
508 669
507 669
506 669
505 669
504 669
503 669
502 669
501 669
500 669
499 669
498 670
497 670
496 670
495 670
494 670
493 670
492 670
491 670
490 670
489 670
488 670
487 670
486 670
485 670
484 670
483 670
482 670
481 670
480 670
479 670
478 670
477 670
476 670
475 670
474 670
473 670
472 670
471 670
470 669
469 669
468 669
467 669
466 669
465 669
464 669
463 669
462 669
461 669
460 668
459 668
458 668
457 668
456 668
455 668
454 668
453 667
452 667
451 667
450 667
449 667
448 667
447 667
446 666
445 666
444 666
443 666
442 666
441 666
440 666
