269 873
268 874
267 874
266 874
265 875
264 875
263 875
262 875
261 876
260 877
259 877
258 877
257 877
256 878
255 878
254 878
253 879
252 879
251 879
250 879
249 880
248 880
247 881
246 881
245 881
244 881
243 881
242 882
241 882
240 882
239 883
238 883
237 883
236 884
235 885
234 885
233 885
232 885
231 886
230 886
229 886
228 886
227 887
226 887
225 887
224 888
223 889
222 889
221 889
220 889
219 889
218 889
217 889
216 889
215 889
214 889
213 889
212 889
211 889
210 889
209 889
208 889
207 889
206 889
205 889
204 889
203 889
202 890
201 890
200 890
199 890
198 891
197 891
196 891
195 892
194 893
193 893
192 893
191 893
190 894
189 894
188 895
187 896
186 896
185 897
184 898
183 898
182 898
181 898
180 899
179 899
178 900
177 901
176 902
175 902
174 902
173 902
172 902
171 903
170 903
169 903
168 904
167 904
166 905
165 906
164 906
163 907
163 908
162 909
161 910
160 911
159 912
158 912
157 913
156 914
155 914
154 914
153 914
152 915
151 915
150 916
149 917
148 918
147 919
146 920
145 921
144 922
143 922
142 923
141 923
140 923
139 923
138 924
137 925
136 926
135 927
134 928
133 929
132 930
131 930
130 931
129 931
128 931
127 932
126 932
125 933
124 934
123 935
122 935
121 936
120 937
119 938
118 939
117 940
117 941
116 942
115 943
115 944
114 945
113 946
112 947
111 947
110 948
109 949
108 949
107 950
106 951
105 952
104 953
103 954
102 955
102 956
102 957
101 958
101 959
100 960
100 961
99 962
99 963
98 964
97 965
96 966
95 967
95 968
94 969
94 970
93 971
93 972
93 973
92 974
92 975
91 976
90 977
89 978
89 979
88 980
88 981
87 982
87 983
86 984
86 985
86 986
85 987
85 988
85 989
84 990
84 991
84 992
84 993
83 994
83 995
82 996
82 997
81 998
80 999
80 1000
79 1001
79 1002
79 1003
78 1004
77 1005
76 1006
75 1007
74 1008
73 1009
72 1010
72 1011
71 1012
70 1013
70 1014
69 1015
68 1016
67 1017
67 1018
66 1019
66 1020
66 1021
65 1022
64 1023
63 1024
62 1025
62 1026
61 1027
61 1028
60 1029
60 1030
59 1031
59 1032
58 1033
57 1034
56 1035
56 1036
55 1037
55 1038
54 1039
54 1040
54 1041
53 1042
52 1043
52 1044
51 1045
51 1046
50 1047
50 1048
50 1049
49 1050
48 1051
47 1052
47 1053
46 1054
46 1055
46 1056
46 1057
45 1058
45 1059
44 1060
44 1061
43 1062
43 1063
43 1064
43 1065
42 1066
42 1067
42 1068
42 1069
42 1070
42 1071
42 1072
42 1073
43 1074
43 1075
44 1076
44 1077
45 1078
46 1079
46 1080
46 1081
47 1082
47 1083
48 1084
48 1085
49 1086
49 1087
50 1088
50 1089
51 1090
51 1091
52 1092
52 1093
53 1094
53 1095
54 1096
54 1097
55 1098
55 1099
56 1100
56 1101
57 1102
58 1103
58 1104
59 1105
59 1106
60 1107
61 1108
61 1109
62 1110
63 1111
64 1112
64 1113
65 1114
66 1115
66 1116
67 1117
68 1118
69 1119
70 1120
71 1121
72 1121
73 1122
74 1122
75 1123
76 1123
77 1124
78 1124
79 1125
80 1125
81 1126
82 1126
83 1127
84 1127
85 1127
86 1127
87 1127
88 1127
89 1127
90 1127
91 1127
92 1127
93 1127
94 1127
95 1127
96 1127
97 1127
98 1127
99 1127
100 1127
101 1127
102 1128
103 1128
104 1128
105 1128
106 1128
107 1129
108 1129
109 1129
110 1129
111 1129
112 1130
113 1130
114 1131
115 1131
116 1131
117 1131
118 1131
119 1131
120 1131
121 1131
122 1132
123 1132
124 1132
125 1132
126 1132
127 1132
128 1132
129 1132
130 1132
131 1131
132 1131
133 1131
134 1131
135 1131
136 1131
137 1131
138 1131
139 1131
140 1131
141 1131
142 1131
143 1131
144 1131
145 1131
146 1131
147 1131
148 1130
149 1129
150 1129
151 1129
152 1129
153 1129
154 1129
155 1129
156 1129
157 1130
158 1130
159 1130
160 1131
161 1131
162 1131
163 1131
164 1131
165 1131
166 1131
167 1131
168 1131
169 1131
170 1131
171 1131
172 1131
173 1131
174 1131
175 1131
176 1131
177 1130
178 1129
179 1129
180 1128
181 1128
182 1127
183 1127
184 1127
185 1126
186 1126
187 1125
188 1125
189 1124
190 1124
191 1124
192 1123
193 1123
194 1122
195 1122
196 1122
197 1122
198 1122
199 1122
200 1122
201 1122
202 1122
203 1121
204 1121
205 1120
206 1120
207 1120
208 1120
209 1120
210 1120
211 1120
212 1120
213 1119
214 1119
215 1119
216 1119
217 1119
218 1119
219 1119
220 1118
221 1118
222 1118
223 1118
224 1118
225 1118
226 1118
227 1118
228 1118
229 1118
230 1118
231 1118
232 1117
233 1117
234 1117
235 1117
236 1116
237 1116
238 1116
239 1116
240 1116
241 1115
242 1115
243 1115
244 1115
245 1116
246 1116
247 1116
248 1116
249 1116
250 1116
251 1116
252 1116
253 1116
254 1116
255 1116
256 1116
257 1116
258 1116
259 1116
260 1116
261 1116
262 1116
263 1116
264 1116
265 1116
266 1115
267 1115
268 1115
269 1115
270 1115
271 1115
272 1115
273 1115
274 1115
275 1115
276 1115
277 1115
278 1115
279 1115
280 1115
281 1115
282 1115
283 1115
284 1115
285 1115
286 1115
287 1115
288 1114
289 1114
290 1114
291 1114
292 1114
293 1114
294 1114
295 1114
296 1114
297 1114
298 1114
299 1114
300 1114
301 1114
302 1115
303 1115
304 1115
305 1115
306 1115
307 1115
308 1115
309 1115
310 1115
311 1115
312 1115
313 1114
314 1114
315 1114
316 1114
317 1114
318 1114
319 1114
320 1113
321 1112
322 1112
323 1112
324 1112
325 1112
326 1112
327 1112
328 1112
329 1112
330 1112
331 1112
332 1112
333 1112
334 1112
335 1112
336 1112
337 1112
338 1112
339 1112
340 1112
341 1112
342 1112
343 1112
344 1112
345 1112
346 1112
347 1112
348 1112
349 1112
350 1112
351 1112
352 1112
353 1112
354 1112
355 1112
356 1113
357 1113
358 1113
359 1113
360 1114
361 1114
362 1114
363 1114
364 1114
365 1114
366 1114
367 1114
368 1114
369 1114
370 1114
371 1115
372 1115
373 1115
374 1115
375 1115
376 1114
377 1114
378 1114
379 1114
380 1114
381 1114
382 1114
383 1114
384 1114
385 1114
386 1114
387 1114
388 1114
389 1114
390 1114
391 1114
392 1114
393 1114
394 1114
395 1114
396 1114
397 1114
398 1114
399 1113
400 1113
401 1112
402 1112
403 1112
404 1112
405 1112
406 1112
407 1112
408 1112
409 1111
410 1111
411 1111
412 1111
413 1111
414 1111
415 1111
416 1111
417 1111
418 1111
419 1111
420 1111
421 1111
422 1111
423 1111
424 1111
425 1111
426 1111
427 1111
428 1111
429 1111
430 1111
431 1111
432 1111
433 1111
434 1111
435 1111
436 1111
437 1111
438 1110
439 1110
440 1110
441 1110
442 1110
443 1110
444 1110
445 1110
446 1110
447 1110
448 1110
449 1110
450 1110
451 1110
452 1110
453 1110
454 1111
455 1111
456 1111
457 1111
458 1111
459 1111
460 1111
461 1111
462 1111
463 1111
464 1111
465 1111
466 1110
467 1110
468 1110
469 1110
470 1110
471 1110
472 1110
473 1110
474 1110
475 1110
476 1110
477 1110
478 1110
479 1109
480 1108
481 1108
482 1108
483 1108
484 1107
485 1107
486 1107
487 1107
488 1107
489 1107
490 1106
491 1106
492 1106
493 1106
494 1106
495 1106
496 1106
497 1106
498 1106
499 1106
500 1106
501 1106
502 1106
503 1106
504 1106
505 1106
506 1106
507 1106
508 1106
509 1106
510 1106
511 1106
512 1105
513 1105
514 1104
515 1104
516 1104
517 1104
518 1104
519 1104
520 1103
521 1103
522 1103
523 1103
524 1103
525 1103
526 1102
527 1102
528 1102
529 1101
530 1101
531 1102
532 1101
533 1101
534 1100
535 1100
536 1099
537 1099
538 1099
539 1099
540 1099
541 1099
542 1099
543 1099
544 1099
545 1099
546 1099
547 1099
548 1099
549 1099
550 1099
551 1099
552 1099
553 1098
554 1098
555 1098
556 1098
557 1098
558 1098
559 1098
560 1098
561 1098
562 1098
563 1098
564 1098
565 1098
566 1098
567 1098
568 1098
569 1098
570 1098
571 1098
572 1098
573 1097
574 1097
575 1097
576 1097
577 1097
578 1097
579 1096
580 1096
581 1096
582 1096
583 1095
584 1095
585 1095
586 1095
587 1095
588 1095
589 1095
590 1095
591 1094
592 1094
593 1094
594 1094
595 1094
596 1093
597 1093
598 1093
599 1093
600 1093
601 1093
602 1093
603 1093
604 1092
605 1091
606 1091
607 1090
608 1089
609 1089
610 1089
611 1089
612 1089
613 1088
614 1087
615 1086
616 1085
617 1084
618 1083
619 1082
620 1082
621 1081
622 1081
623 1081
624 1081
625 1081
626 1081
627 1081
628 1081
629 1080
630 1079
631 1078
632 1077
633 1077
634 1076
635 1076
636 1076
637 1076
638 1075
639 1074
640 1073
641 1072
642 1071
643 1070
644 1070
645 1069
646 1069
647 1068
648 1068
649 1068
650 1067
651 1067
652 1066
653 1065
654 1065
655 1064
656 1063
656 1062
657 1061
658 1060
659 1059
660 1058
660 1057
661 1056
662 1055
663 1054
664 1053
665 1052
666 1051
667 1050
668 1049
668 1048
668 1047
669 1046
669 1045
670 1044
671 1043
671 1042
672 1041
672 1040
673 1039
673 1038
673 1037
674 1036
674 1035
674 1034
675 1033
675 1032
675 1031
675 1030
675 1029
675 1028
675 1027
676 1026
676 1025
676 1024
676 1023
676 1022
676 1021
676 1020
676 1019
676 1018
676 1017
676 1016
675 1015
675 1014
674 1013
674 1012
673 1011
673 1010
673 1009
672 1008
672 1007
672 1006
671 1005
671 1004
670 1003
670 1002
670 1001
669 1000
669 999
668 998
667 997
666 996
665 995
664 995
663 994
662 994
661 994
660 994
659 994
658 994
657 993
656 993
655 993
654 993
653 993
652 992
651 992
650 991
649 991
648 991
647 990
646 990
645 990
644 989
643 989
642 988
641 987
640 987
639 986
638 985
637 985
636 984
635 983
634 983
633 982
632 982
631 981
630 980
629 979
628 978
627 978
626 977
625 976
624 976
623 975
622 975
621 974
620 973
619 972
618 971
617 971
616 970
615 969
614 969
613 968
612 967
611 966
610 966
609 965
608 964
607 964
606 963
605 962
604 962
603 961
602 960
601 960
600 959
599 958
598 957
597 957
596 956
595 955
594 954
593 954
592 953
591 952
590 952
589 951
588 950
587 950
586 949
585 949
584 948
583 948
582 947
581 947
580 946
579 946
578 946
577 945
576 945
575 944
574 944
573 943
572 943
571 943
570 943
569 942
568 942
567 942
566 941
565 941
564 940
563 940
562 940
561 939
560 938
559 938
558 937
557 936
556 936
555 935
554 935
553 935
552 934
551 934
550 934
549 934
548 933
547 933
546 933
545 933
544 933
543 933
542 932
541 932
540 932
539 932
538 931
537 931
536 931
535 931
534 930
533 930
532 930
531 929
530 929
529 928
528 928
527 927
526 927
525 926
524 926
523 925
522 925
521 925
520 924
519 924
518 924
517 924
516 924
515 924
514 924
513 923
512 923
511 923
510 923
509 923
508 923
507 922
506 922
505 922
504 922
503 921
502 921
501 921
500 921
499 921
498 921
497 921
496 920
495 920
494 920
493 920
492 920
491 919
490 919
489 919
488 919
487 918
486 918
485 918
484 918
483 918
482 917
481 917
480 917
479 917
478 916
477 916
476 916
475 916
474 916
473 915
472 915
471 915
470 915
469 915
468 914
467 914
466 914
465 914
464 914
463 913
462 913
461 913
460 913
459 912
458 912
457 912
456 911
455 911
454 911
453 910
452 910
451 910
450 909
449 909
448 909
447 908
446 908
445 908
444 908
443 907
442 907
441 907
440 907
439 907
438 906
437 906
436 906
435 906
434 906
433 906
432 906
431 905
430 905
429 905
428 905
427 905
426 905
425 905
424 904
423 904
422 904
421 903
420 903
419 902
418 901
417 900
416 900
415 900
414 899
413 899
412 898
411 898
410 898
409 897
408 897
407 897
406 897
405 896
404 896
403 896
402 896
401 895
400 895
399 895
398 895
397 895
396 894
395 894
394 894
393 894
392 893
391 893
390 893
389 893
388 893
387 892
386 892
385 892
384 892
383 891
382 891
381 890
380 890
379 890
378 889
377 888
376 888
375 887
374 886
373 886
372 886
371 886
370 886
369 886
368 885
367 885
366 885
365 885
364 885
363 885
362 885
361 884
360 884
359 884
358 884
357 884
356 884
355 883
354 883
353 883
352 883
351 883
350 883
349 883
348 883
347 882
346 882
345 882
344 882
343 882
342 882
341 882
340 881
339 881
338 881
337 881
336 881
335 881
334 880
333 880
332 880
331 879
330 879
329 879
328 879
327 879
326 879
325 879
324 879
323 879
322 879
321 879
320 879
319 879
318 879
317 879
316 879
315 878
314 878
313 878
312 878
311 877
310 877
309 877
308 877
307 877
306 876
305 876
304 876
303 876
302 876
301 876
300 875
299 875
298 875
297 875
296 875
295 875
294 875
293 875
292 875
291 874
290 874
289 874
288 874
287 874
286 874
285 873
284 873
283 873
282 873
281 873
280 873
279 873
278 873
277 873
276 873
275 873
274 873
273 873
272 873
271 873
270 873
269 873
