573 1179
572 1180
571 1180
570 1180
569 1180
568 1180
567 1181
566 1181
565 1182
564 1182
563 1182
562 1182
561 1183
560 1183
559 1183
558 1183
557 1183
556 1183
555 1183
554 1183
553 1183
552 1183
551 1183
550 1183
549 1183
548 1183
547 1183
546 1183
545 1183
544 1183
543 1183
542 1183
541 1183
540 1183
539 1184
538 1183
537 1184
536 1183
535 1183
534 1183
533 1183
532 1183
531 1183
530 1183
529 1182
528 1182
527 1182
526 1182
525 1182
524 1181
523 1181
522 1181
521 1181
520 1181
519 1180
518 1180
517 1180
516 1180
515 1180
514 1180
513 1180
512 1180
511 1180
510 1180
509 1180
508 1180
507 1180
506 1180
505 1180
504 1180
503 1180
502 1180
501 1180
500 1180
499 1180
498 1180
497 1180
496 1180
495 1180
494 1181
493 1181
492 1181
491 1181
490 1181
489 1181
488 1181
487 1181
486 1181
485 1181
484 1181
483 1181
482 1181
481 1181
480 1181
479 1181
478 1181
477 1181
476 1181
475 1181
474 1181
473 1181
472 1181
471 1181
470 1181
469 1181
468 1181
467 1181
466 1181
465 1182
464 1182
463 1182
462 1182
461 1182
460 1182
459 1182
458 1182
457 1182
456 1182
455 1182
454 1182
453 1182
452 1182
451 1182
450 1182
449 1183
448 1183
447 1183
446 1183
445 1183
444 1183
443 1183
442 1183
441 1183
440 1183
439 1183
438 1183
437 1183
436 1183
435 1182
434 1182
433 1182
432 1182
431 1182
430 1182
429 1182
428 1182
427 1182
426 1182
425 1182
424 1182
423 1182
422 1182
421 1182
420 1183
419 1183
418 1183
417 1183
416 1183
415 1183
414 1183
413 1183
412 1183
411 1183
410 1183
409 1183
408 1183
407 1183
406 1183
405 1183
404 1183
403 1183
402 1184
401 1184
400 1184
399 1184
398 1184
397 1184
396 1185
395 1185
394 1185
393 1185
392 1185
391 1185
390 1185
389 1185
388 1185
387 1185
386 1186
385 1186
384 1186
383 1186
382 1186
381 1186
380 1186
379 1186
378 1186
377 1186
376 1187
375 1187
374 1187
373 1187
372 1187
371 1187
370 1187
369 1187
368 1187
367 1187
366 1187
365 1187
364 1187
363 1187
362 1188
361 1188
360 1188
359 1188
358 1188
357 1188
356 1188
355 1188
354 1188
353 1188
352 1188
351 1189
350 1189
349 1189
348 1189
347 1190
346 1190
345 1190
344 1191
343 1191
342 1191
341 1192
340 1192
339 1192
338 1193
337 1193
336 1193
335 1193
334 1194
333 1194
332 1194
331 1194
330 1194
329 1195
328 1195
327 1195
326 1196
325 1196
324 1196
323 1196
322 1196
321 1196
320 1196
319 1196
318 1196
317 1196
316 1196
315 1196
314 1196
313 1196
312 1196
311 1196
310 1196
309 1196
308 1196
307 1196
306 1196
305 1196
304 1197
303 1197
302 1197
301 1197
300 1197
299 1197
298 1198
297 1198
296 1198
295 1199
294 1199
293 1200
292 1200
291 1201
290 1201
289 1201
288 1202
287 1202
286 1202
285 1203
284 1203
283 1203
282 1204
281 1204
280 1204
279 1204
278 1205
277 1205
276 1205
275 1205
274 1206
273 1206
272 1206
271 1206
270 1206
269 1207
268 1207
267 1207
266 1207
265 1207
264 1208
263 1208
262 1208
261 1209
260 1209
259 1209
258 1209
257 1209
256 1210
255 1210
254 1210
253 1210
252 1210
251 1210
250 1210
249 1210
248 1210
247 1210
246 1210
245 1210
244 1210
243 1210
242 1210
241 1210
240 1210
239 1211
238 1211
237 1211
236 1211
235 1211
234 1212
233 1212
232 1212
231 1212
230 1212
229 1213
228 1213
227 1213
226 1214
225 1214
224 1214
223 1214
222 1215
221 1215
220 1215
219 1215
218 1216
217 1216
216 1216
215 1216
214 1216
213 1216
212 1216
211 1216
210 1216
209 1217
208 1217
207 1217
206 1217
205 1217
204 1217
203 1217
202 1217
201 1217
200 1217
199 1217
198 1218
197 1218
196 1218
195 1218
194 1218
193 1218
192 1219
191 1219
190 1219
189 1219
188 1219
187 1219
186 1220
185 1220
184 1220
183 1220
182 1220
181 1221
180 1221
179 1221
178 1221
177 1221
176 1221
175 1221
174 1221
173 1222
172 1222
171 1222
170 1222
169 1222
168 1222
167 1222
166 1222
165 1222
164 1222
163 1222
162 1223
161 1223
160 1223
159 1223
158 1223
157 1223
156 1223
155 1223
154 1223
153 1223
152 1223
151 1223
150 1223
149 1223
148 1223
147 1223
146 1223
145 1223
144 1223
143 1223
142 1223
141 1224
140 1224
139 1224
138 1224
137 1224
136 1224
135 1224
134 1224
133 1224
132 1224
131 1224
130 1225
129 1225
128 1225
127 1226
126 1226
125 1226
124 1227
123 1227
122 1227
121 1228
120 1229
119 1229
118 1230
117 1230
116 1231
115 1231
114 1232
113 1232
112 1232
111 1233
110 1233
109 1233
108 1234
107 1234
106 1234
105 1234
104 1234
103 1234
102 1235
101 1235
100 1235
99 1235
98 1235
97 1235
96 1235
95 1235
94 1235
93 1235
92 1235
91 1235
90 1235
89 1236
88 1236
87 1236
86 1236
85 1236
84 1236
83 1236
82 1236
81 1236
80 1236
79 1236
78 1237
77 1237
76 1237
75 1238
74 1238
73 1239
72 1239
71 1240
70 1240
69 1241
68 1241
67 1242
66 1242
65 1243
64 1244
63 1244
62 1245
61 1246
60 1246
59 1247
58 1247
57 1248
56 1248
55 1249
54 1249
53 1250
52 1250
51 1251
50 1251
49 1252
48 1252
47 1253
46 1253
45 1253
44 1254
43 1255
42 1256
41 1257
40 1258
40 1259
39 1260
39 1261
38 1262
38 1263
38 1264
38 1265
38 1266
38 1267
38 1268
39 1269
39 1270
39 1271
39 1272
40 1273
40 1274
40 1275
40 1276
41 1277
41 1278
41 1279
42 1280
42 1281
42 1282
43 1283
43 1284
44 1285
44 1286
44 1287
45 1288
45 1289
45 1290
45 1291
46 1292
46 1293
46 1294
47 1295
47 1296
47 1297
48 1298
48 1299
48 1300
48 1301
49 1302
49 1303
49 1304
50 1305
50 1306
51 1307
51 1308
52 1309
53 1310
54 1311
55 1312
56 1313
57 1313
58 1314
59 1315
60 1315
61 1316
62 1316
63 1317
64 1317
65 1317
66 1318
67 1318
68 1318
69 1318
70 1319
71 1319
72 1319
73 1320
74 1320
75 1320
76 1320
77 1320
78 1320
79 1320
80 1321
81 1321
82 1321
83 1321
84 1321
85 1320
86 1321
87 1321
88 1321
89 1321
90 1322
91 1322
92 1322
93 1322
94 1323
95 1323
96 1323
97 1323
98 1323
99 1323
100 1324
101 1324
102 1324
103 1324
104 1324
105 1324
106 1324
107 1325
108 1325
109 1325
110 1325
111 1325
112 1325
113 1326
114 1326
115 1326
116 1326
117 1326
118 1326
119 1326
120 1326
121 1326
122 1326
123 1326
124 1326
125 1326
126 1326
127 1326
128 1326
129 1326
130 1326
131 1326
132 1326
133 1326
134 1326
135 1326
136 1326
137 1326
138 1326
139 1326
140 1326
141 1326
142 1326
143 1326
144 1326
145 1326
146 1326
147 1326
148 1326
149 1326
150 1326
151 1326
152 1326
153 1326
154 1326
155 1326
156 1327
157 1327
158 1327
159 1327
160 1327
161 1327
162 1327
163 1328
164 1328
165 1328
166 1329
167 1329
168 1329
169 1330
170 1330
171 1330
172 1331
173 1331
174 1331
175 1331
176 1332
177 1332
178 1332
179 1332
180 1333
181 1333
182 1333
183 1333
184 1333
185 1334
186 1334
187 1334
188 1334
189 1334
190 1334
191 1334
192 1334
193 1334
194 1334
195 1334
196 1334
197 1334
198 1334
199 1334
200 1334
201 1334
202 1334
203 1334
204 1334
205 1334
206 1334
207 1334
208 1334
209 1334
210 1334
211 1334
212 1334
213 1334
214 1334
215 1335
216 1335
217 1335
218 1335
219 1335
220 1335
221 1335
222 1335
223 1335
224 1335
225 1334
226 1334
227 1334
228 1334
229 1334
230 1334
231 1334
232 1334
233 1334
234 1334
235 1334
236 1334
237 1334
238 1334
239 1334
240 1334
241 1334
242 1334
243 1334
244 1334
245 1334
246 1334
247 1334
248 1334
249 1334
250 1334
251 1334
252 1334
253 1334
254 1334
255 1334
256 1334
257 1334
258 1334
259 1334
260 1334
261 1334
262 1334
263 1334
264 1334
265 1335
266 1335
267 1335
268 1335
269 1335
270 1335
271 1335
272 1335
273 1335
274 1335
275 1335
276 1335
277 1335
278 1335
279 1335
280 1335
281 1335
282 1335
283 1335
284 1334
285 1334
286 1334
287 1334
288 1333
289 1333
290 1333
291 1333
292 1333
293 1332
294 1332
295 1332
296 1332
297 1332
298 1332
299 1332
300 1331
301 1331
302 1331
303 1332
304 1331
305 1331
306 1331
307 1331
308 1331
309 1331
310 1330
311 1330
312 1330
313 1330
314 1330
315 1330
316 1330
317 1330
318 1330
319 1330
320 1330
321 1330
322 1330
323 1330
324 1330
325 1330
326 1330
327 1330
328 1330
329 1330
330 1330
331 1331
332 1331
333 1331
334 1331
335 1331
336 1331
337 1331
338 1331
339 1331
340 1332
341 1332
342 1332
343 1332
344 1333
345 1333
346 1333
347 1333
348 1333
349 1333
350 1333
351 1334
352 1334
353 1334
354 1334
355 1334
356 1334
357 1334
358 1335
359 1335
360 1335
361 1335
362 1334
363 1334
364 1334
365 1334
366 1334
367 1334
368 1334
369 1334
370 1334
371 1333
372 1333
373 1333
374 1333
375 1333
376 1333
377 1333
378 1333
379 1333
380 1332
381 1332
382 1332
383 1332
384 1332
385 1331
386 1331
387 1332
388 1331
389 1331
390 1331
391 1331
392 1331
393 1331
394 1331
395 1331
396 1331
397 1332
398 1331
399 1331
400 1332
401 1332
402 1332
403 1332
404 1332
405 1332
406 1332
407 1332
408 1332
409 1332
410 1331
411 1331
412 1331
413 1331
414 1331
415 1331
416 1330
417 1330
418 1330
419 1330
420 1329
421 1329
422 1329
423 1329
424 1328
425 1328
426 1328
427 1328
428 1328
429 1328
430 1328
431 1328
432 1328
433 1327
434 1327
435 1327
436 1327
437 1327
438 1327
439 1327
440 1327
441 1327
442 1327
443 1327
444 1326
445 1326
446 1326
447 1326
448 1326
449 1326
450 1326
451 1325
452 1325
453 1325
454 1325
455 1325
456 1325
457 1324
458 1324
459 1324
460 1324
461 1324
462 1324
463 1324
464 1324
465 1324
466 1324
467 1324
468 1324
469 1324
470 1325
471 1325
472 1325
473 1325
474 1325
475 1325
476 1326
477 1326
478 1326
479 1326
480 1326
481 1326
482 1326
483 1326
484 1326
485 1326
486 1326
487 1326
488 1326
489 1325
490 1325
491 1325
492 1325
493 1325
494 1325
495 1325
496 1325
497 1324
498 1324
499 1324
500 1324
501 1324
502 1324
503 1324
504 1324
505 1324
506 1324
507 1324
508 1324
509 1324
510 1324
511 1324
512 1324
513 1324
514 1324
515 1324
516 1325
517 1325
518 1325
519 1325
520 1325
521 1325
522 1325
523 1325
524 1325
525 1325
526 1325
527 1325
528 1325
529 1326
530 1326
531 1326
532 1325
533 1325
534 1325
535 1325
536 1325
537 1325
538 1325
539 1324
540 1324
541 1324
542 1324
543 1323
544 1323
545 1323
546 1322
547 1322
548 1322
549 1321
550 1321
551 1321
552 1321
553 1321
554 1320
555 1320
556 1320
557 1320
558 1319
559 1319
560 1319
561 1319
562 1319
563 1318
564 1318
565 1318
566 1318
567 1318
568 1317
569 1317
570 1317
571 1316
572 1316
573 1316
574 1315
575 1315
576 1315
577 1314
578 1314
579 1314
580 1313
581 1313
582 1313
583 1313
584 1313
585 1313
586 1312
587 1312
588 1312
589 1311
590 1311
591 1311
592 1310
593 1310
594 1309
595 1309
596 1309
597 1308
598 1308
599 1308
600 1307
601 1307
602 1307
603 1307
604 1307
605 1306
606 1306
607 1306
608 1306
609 1305
610 1305
611 1305
612 1304
613 1304
614 1304
615 1303
616 1303
617 1303
618 1302
619 1302
620 1302
621 1301
622 1301
623 1301
624 1300
625 1300
626 1300
627 1299
628 1299
629 1299
630 1299
631 1298
632 1298
633 1298
634 1298
635 1297
636 1298
637 1297
638 1297
639 1297
640 1297
641 1297
642 1296
643 1296
644 1296
645 1296
646 1296
647 1295
648 1295
649 1295
650 1294
651 1294
652 1293
653 1293
654 1292
655 1292
656 1291
657 1291
658 1290
659 1290
660 1289
661 1288
662 1287
663 1286
664 1285
665 1284
666 1283
666 1282
667 1281
668 1280
669 1279
669 1278
670 1277
670 1276
670 1275
671 1274
671 1273
672 1272
672 1271
672 1270
672 1269
672 1268
672 1267
672 1266
672 1265
672 1264
672 1263
672 1262
671 1261
671 1260
671 1259
671 1258
671 1257
671 1256
671 1255
670 1254
670 1253
670 1252
669 1251
669 1250
669 1249
668 1248
667 1247
667 1246
666 1245
665 1244
665 1243
664 1242
663 1241
662 1240
661 1239
660 1238
659 1237
658 1236
657 1236
656 1235
655 1234
654 1233
653 1232
652 1232
651 1231
650 1230
649 1229
648 1228
647 1228
646 1227
645 1226
644 1225
643 1225
642 1224
641 1223
640 1222
639 1221
639 1220
638 1219
637 1218
636 1217
635 1216
634 1215
633 1214
632 1213
631 1212
631 1211
630 1210
629 1209
628 1208
627 1207
626 1206
626 1205
626 1204
625 1203
625 1202
624 1201
624 1200
624 1199
624 1198
623 1197
623 1196
622 1195
622 1194
621 1193
621 1192
621 1191
620 1190
619 1189
618 1188
617 1187
616 1187
615 1186
614 1186
613 1186
612 1185
611 1185
610 1185
609 1185
608 1184
607 1184
606 1184
605 1184
604 1183
603 1183
602 1184
601 1184
600 1183
599 1183
598 1183
597 1182
596 1182
595 1182
594 1182
593 1182
592 1181
591 1181
590 1181
589 1181
588 1181
587 1180
586 1180
585 1180
584 1180
583 1180
582 1180
581 1180
580 1179
579 1179
578 1179
577 1179
576 1179
575 1179
574 1179
573 1179
