506 1368
505 1369
504 1369
503 1369
502 1369
501 1369
500 1369
499 1369
498 1370
497 1370
496 1370
495 1370
494 1370
493 1370
492 1370
491 1370
490 1370
489 1370
488 1370
487 1370
486 1370
485 1370
484 1370
483 1370
482 1370
481 1370
480 1370
479 1370
478 1370
477 1370
476 1370
475 1370
474 1370
473 1370
472 1370
471 1370
470 1370
469 1371
468 1371
467 1371
466 1371
465 1371
464 1371
463 1371
462 1371
461 1371
460 1371
459 1371
458 1371
457 1371
456 1371
455 1371
454 1371
453 1371
452 1371
451 1371
450 1371
449 1371
448 1371
447 1371
446 1372
445 1372
444 1372
443 1372
442 1372
441 1372
440 1372
439 1372
438 1372
437 1373
436 1373
435 1373
434 1373
433 1373
432 1373
431 1373
430 1373
429 1373
428 1373
427 1373
426 1373
425 1374
424 1374
423 1374
422 1374
421 1374
420 1374
419 1375
418 1375
417 1375
416 1375
415 1375
414 1375
413 1376
412 1376
411 1376
410 1376
409 1376
408 1376
407 1376
406 1376
405 1376
404 1376
403 1376
402 1376
401 1376
400 1376
399 1376
398 1376
397 1376
396 1376
395 1376
394 1377
393 1377
392 1377
391 1377
390 1377
389 1377
388 1377
387 1377
386 1377
385 1378
384 1378
383 1378
382 1378
381 1378
380 1378
379 1378
378 1378
377 1378
376 1378
375 1378
374 1378
373 1378
372 1378
371 1378
370 1378
369 1379
368 1379
367 1379
366 1380
365 1380
364 1380
363 1380
362 1380
361 1380
360 1380
359 1380
358 1380
357 1380
356 1380
355 1380
354 1380
353 1380
352 1381
351 1381
350 1381
349 1381
348 1381
347 1382
346 1382
345 1382
344 1382
343 1382
342 1382
341 1382
340 1382
339 1382
338 1382
337 1382
336 1382
335 1382
334 1382
333 1382
332 1382
331 1382
330 1382
329 1382
328 1382
327 1382
326 1382
325 1382
324 1382
323 1382
322 1382
321 1382
320 1383
319 1383
318 1383
317 1383
316 1383
315 1383
314 1383
313 1383
312 1383
311 1383
310 1383
309 1383
308 1383
307 1383
306 1383
305 1383
304 1383
303 1383
302 1383
301 1383
300 1383
299 1383
298 1383
297 1383
296 1383
295 1384
294 1384
293 1384
292 1384
291 1384
290 1384
289 1385
288 1385
287 1385
286 1385
285 1386
284 1386
283 1386
282 1386
281 1386
280 1386
279 1386
278 1386
277 1386
276 1386
275 1387
274 1387
273 1387
272 1387
271 1388
270 1388
269 1388
268 1388
267 1389
266 1389
265 1389
264 1389
263 1389
262 1390
261 1390
260 1390
259 1390
258 1390
257 1390
256 1390
255 1391
254 1391
253 1391
252 1391
251 1392
250 1392
249 1392
248 1392
247 1392
246 1393
245 1393
244 1393
243 1393
242 1394
241 1394
240 1394
239 1395
238 1395
237 1395
236 1396
235 1396
234 1396
233 1396
232 1396
231 1396
230 1396
229 1396
228 1396
227 1396
226 1396
225 1396
224 1397
223 1397
222 1397
221 1398
220 1398
219 1398
218 1398
217 1398
216 1398
215 1398
214 1398
213 1398
212 1398
211 1398
210 1398
209 1398
208 1398
207 1398
206 1398
205 1398
204 1398
203 1398
202 1398
201 1398
200 1399
199 1399
198 1399
197 1399
196 1400
195 1400
194 1400
193 1400
192 1400
191 1400
190 1400
189 1400
188 1400
187 1400
186 1401
185 1401
184 1401
183 1401
182 1401
181 1401
180 1401
179 1401
178 1402
177 1402
176 1402
175 1403
174 1403
173 1403
172 1403
171 1404
170 1404
169 1404
168 1404
167 1404
166 1404
165 1405
164 1405
163 1405
162 1406
161 1406
160 1406
159 1406
158 1406
157 1407
156 1407
155 1407
154 1407
153 1407
152 1407
151 1407
150 1407
149 1407
148 1407
147 1407
146 1407
145 1407
144 1407
143 1407
142 1407
141 1407
140 1407
139 1407
138 1407
137 1407
136 1407
135 1407
134 1407
133 1407
132 1407
131 1407
130 1407
129 1408
128 1408
127 1408
126 1408
125 1408
124 1408
123 1408
122 1408
121 1409
120 1409
119 1409
118 1409
117 1409
116 1410
115 1410
114 1410
113 1410
112 1411
111 1411
110 1411
109 1412
108 1412
107 1412
106 1412
105 1413
104 1413
103 1413
102 1413
101 1414
100 1414
99 1414
98 1415
97 1415
96 1415
95 1415
94 1416
93 1416
92 1416
91 1416
90 1416
89 1416
88 1416
87 1417
86 1417
85 1417
84 1417
83 1418
82 1418
81 1418
80 1419
79 1419
78 1419
77 1420
76 1420
75 1421
74 1421
73 1421
72 1422
71 1422
70 1422
69 1423
68 1423
67 1423
66 1424
65 1424
64 1424
63 1425
62 1425
61 1426
60 1426
59 1426
58 1426
57 1426
56 1427
55 1427
54 1427
53 1428
52 1428
51 1429
50 1429
49 1429
48 1430
47 1431
46 1431
45 1432
44 1432
43 1433
43 1434
42 1435
42 1436
41 1437
41 1438
40 1439
40 1440
40 1441
39 1442
39 1443
39 1444
39 1445
39 1446
39 1447
39 1448
40 1449
41 1450
42 1451
43 1452
44 1452
45 1453
46 1453
47 1453
48 1453
49 1453
50 1454
51 1454
52 1454
53 1454
54 1455
55 1456
56 1457
57 1458
58 1459
59 1459
60 1459
61 1459
62 1459
63 1459
64 1460
65 1460
66 1460
67 1461
68 1461
69 1461
70 1461
71 1462
72 1463
73 1463
74 1464
75 1464
76 1465
77 1465
78 1465
79 1466
80 1466
81 1466
82 1466
83 1466
84 1467
85 1467
86 1467
87 1467
88 1467
89 1468
90 1468
91 1469
92 1470
93 1470
94 1470
95 1471
96 1471
97 1472
98 1472
99 1472
100 1473
101 1473
102 1473
103 1473
104 1473
105 1474
106 1474
107 1474
108 1474
109 1474
110 1474
111 1475
112 1475
113 1476
114 1477
115 1477
116 1478
117 1478
118 1479
119 1479
120 1480
121 1480
122 1480
123 1480
124 1481
125 1481
126 1481
127 1482
128 1482
129 1483
130 1483
131 1484
132 1484
133 1485
134 1485
135 1486
136 1486
137 1486
138 1487
139 1487
140 1487
141 1487
142 1487
143 1488
144 1488
145 1488
146 1488
147 1488
148 1488
149 1488
150 1489
151 1489
152 1490
153 1490
154 1491
155 1491
156 1491
157 1492
158 1492
159 1492
160 1492
161 1493
162 1493
163 1493
164 1493
165 1494
166 1494
167 1494
168 1494
169 1494
170 1495
171 1495
172 1495
173 1495
174 1496
175 1496
176 1497
177 1497
178 1498
179 1498
180 1498
181 1498
182 1499
183 1499
184 1499
185 1499
186 1499
187 1500
188 1500
189 1500
190 1500
191 1500
192 1501
193 1501
194 1501
195 1501
196 1502
197 1502
198 1502
199 1503
200 1503
201 1503
202 1503
203 1503
204 1504
205 1504
206 1505
207 1505
208 1505
209 1506
210 1506
211 1506
212 1506
213 1506
214 1507
215 1507
216 1507
217 1507
218 1507
219 1507
220 1507
221 1508
222 1508
223 1508
224 1508
225 1509
226 1509
227 1509
228 1510
229 1510
230 1510
231 1510
232 1511
233 1511
234 1512
235 1512
236 1512
237 1512
238 1513
239 1513
240 1513
241 1513
242 1514
243 1514
244 1514
245 1514
246 1514
247 1515
248 1515
249 1515
250 1515
251 1516
252 1516
253 1516
254 1516
255 1516
256 1517
257 1517
258 1517
259 1518
260 1518
261 1518
262 1518
263 1519
264 1519
265 1519
266 1519
267 1519
268 1519
269 1520
270 1520
271 1520
272 1520
273 1520
274 1520
275 1520
276 1520
277 1520
278 1521
279 1521
280 1521
281 1521
282 1521
283 1521
284 1521
285 1522
286 1522
287 1522
288 1522
289 1522
290 1522
291 1522
292 1522
293 1522
294 1522
295 1522
296 1522
297 1522
298 1522
299 1522
300 1522
301 1522
302 1522
303 1522
304 1522
305 1522
306 1522
307 1522
308 1522
309 1522
310 1522
311 1522
312 1522
313 1522
314 1522
315 1522
316 1522
317 1522
318 1522
319 1523
320 1523
321 1523
322 1523
323 1523
324 1523
325 1523
326 1523
327 1523
328 1523
329 1523
330 1523
331 1523
332 1523
333 1524
334 1524
335 1524
336 1524
337 1524
338 1524
339 1523
340 1523
341 1523
342 1523
343 1523
344 1523
345 1523
346 1523
347 1522
348 1522
349 1522
350 1522
351 1522
352 1521
353 1521
354 1521
355 1521
356 1520
357 1520
358 1520
359 1520
360 1520
361 1520
362 1520
363 1520
364 1520
365 1520
366 1520
367 1519
368 1519
369 1519
370 1519
371 1519
372 1519
373 1518
374 1518
375 1518
376 1517
377 1517
378 1517
379 1517
380 1517
381 1517
382 1516
383 1516
384 1516
385 1516
386 1516
387 1515
388 1515
389 1515
390 1515
391 1514
392 1514
393 1514
394 1514
395 1514
396 1514
397 1514
398 1514
399 1514
400 1514
401 1514
402 1514
403 1514
404 1513
405 1513
406 1513
407 1513
408 1513
409 1513
410 1513
411 1513
412 1513
413 1513
414 1512
415 1512
416 1512
417 1512
418 1512
419 1512
420 1512
421 1512
422 1512
423 1512
424 1512
425 1512
426 1512
427 1512
428 1512
429 1512
430 1512
431 1512
432 1512
433 1512
434 1512
435 1512
436 1512
437 1512
438 1512
439 1512
440 1512
441 1512
442 1512
443 1512
444 1512
445 1512
446 1512
447 1511
448 1511
449 1511
450 1511
451 1511
452 1511
453 1511
454 1510
455 1510
456 1510
457 1510
458 1510
459 1510
460 1510
461 1510
462 1510
463 1510
464 1510
465 1510
466 1510
467 1510
468 1510
469 1510
470 1510
471 1510
472 1509
473 1509
474 1509
475 1509
476 1509
477 1509
478 1509
479 1509
480 1509
481 1509
482 1509
483 1509
484 1509
485 1509
486 1509
487 1509
488 1509
489 1508
490 1508
491 1508
492 1508
493 1508
494 1508
495 1508
496 1508
497 1508
498 1508
499 1508
500 1508
501 1508
502 1508
503 1508
504 1508
505 1508
506 1508
507 1508
508 1508
509 1508
510 1508
511 1507
512 1507
513 1507
514 1507
515 1507
516 1507
517 1507
518 1507
519 1507
520 1507
521 1507
522 1507
523 1507
524 1507
525 1507
526 1507
527 1507
528 1507
529 1507
530 1506
531 1506
532 1506
533 1506
534 1506
535 1506
536 1506
537 1505
538 1505
539 1505
540 1505
541 1505
542 1505
543 1505
544 1505
545 1505
546 1504
547 1505
548 1505
549 1505
550 1505
551 1505
552 1505
553 1505
554 1505
555 1504
556 1504
557 1504
558 1504
559 1503
560 1503
561 1503
562 1503
563 1503
564 1503
565 1503
566 1503
567 1503
568 1503
569 1503
570 1503
571 1503
572 1503
573 1503
574 1503
575 1503
576 1503
577 1503
578 1503
579 1503
580 1503
581 1503
582 1503
583 1503
584 1503
585 1503
586 1503
587 1503
588 1503
589 1503
590 1503
591 1503
592 1503
593 1502
594 1502
595 1502
596 1502
597 1502
598 1502
599 1502
600 1502
601 1502
602 1502
603 1502
604 1502
605 1502
606 1502
607 1502
608 1502
609 1502
610 1502
611 1502
612 1502
613 1502
614 1502
615 1502
616 1502
617 1502
618 1502
619 1502
620 1501
621 1501
622 1501
623 1501
624 1501
625 1501
626 1500
627 1500
628 1500
629 1500
630 1500
631 1500
632 1500
633 1500
634 1500
635 1500
636 1500
637 1500
638 1500
639 1500
640 1500
641 1499
642 1499
643 1499
644 1499
645 1499
646 1498
647 1498
648 1498
649 1498
650 1497
651 1497
652 1497
653 1496
654 1496
655 1496
656 1495
657 1495
658 1494
659 1494
660 1493
661 1493
662 1492
663 1492
664 1491
665 1490
666 1489
666 1488
667 1487
668 1486
668 1485
668 1484
668 1483
668 1482
669 1481
669 1480
669 1479
669 1478
669 1477
669 1476
669 1475
669 1474
669 1473
670 1472
670 1471
670 1470
670 1469
670 1468
671 1467
671 1466
671 1465
671 1464
670 1463
671 1462
671 1461
671 1460
671 1459
671 1458
671 1457
672 1456
672 1455
672 1454
672 1453
672 1452
672 1451
672 1450
672 1449
672 1448
672 1447
672 1446
672 1445
672 1444
672 1443
673 1442
673 1441
673 1440
673 1439
673 1438
673 1437
673 1436
673 1435
673 1434
673 1433
673 1432
673 1431
673 1430
673 1429
673 1428
673 1427
673 1426
673 1425
673 1424
673 1423
672 1422
672 1421
672 1420
672 1419
671 1418
670 1417
669 1416
668 1415
667 1414
666 1414
665 1413
664 1413
663 1413
662 1412
661 1412
660 1411
659 1411
658 1411
657 1410
656 1410
655 1409
654 1408
653 1408
652 1407
651 1407
650 1406
649 1406
648 1405
647 1404
646 1403
645 1402
644 1402
643 1402
642 1401
641 1401
640 1401
639 1401
638 1400
637 1400
636 1400
635 1400
634 1399
633 1399
632 1398
631 1398
630 1397
629 1397
628 1396
627 1396
626 1396
625 1395
624 1395
623 1395
622 1394
621 1394
620 1393
619 1393
618 1392
617 1391
616 1391
615 1390
614 1390
613 1389
612 1389
611 1389
610 1388
609 1388
608 1388
607 1387
606 1387
605 1387
604 1387
603 1387
602 1386
601 1386
600 1386
599 1385
598 1385
597 1385
596 1384
595 1384
594 1384
593 1384
592 1384
591 1383
590 1383
589 1383
588 1383
587 1382
586 1382
585 1382
584 1381
583 1381
582 1380
581 1380
580 1380
579 1379
578 1379
577 1378
576 1378
575 1377
574 1377
573 1376
572 1376
571 1376
570 1375
569 1375
568 1375
567 1374
566 1374
565 1374
564 1374
563 1374
562 1373
561 1373
560 1373
559 1373
558 1373
557 1372
556 1372
555 1372
554 1372
553 1372
552 1372
551 1372
550 1372
549 1372
548 1372
547 1372
546 1372
545 1372
544 1371
543 1371
542 1371
541 1371
540 1371
539 1371
538 1371
537 1371
536 1371
535 1371
534 1371
533 1370
532 1370
531 1370
530 1370
529 1370
528 1370
527 1370
526 1370
525 1369
524 1369
523 1369
522 1369
521 1369
520 1369
519 1368
518 1368
517 1368
516 1368
515 1368
514 1368
513 1368
512 1368
511 1368
510 1368
509 1368
508 1368
507 1368
506 1368
