511 1565
510 1566
509 1566
508 1566
507 1566
506 1566
505 1566
504 1567
503 1567
502 1567
501 1567
500 1567
499 1567
498 1567
497 1567
496 1567
495 1567
494 1567
493 1568
492 1568
491 1568
490 1568
489 1568
488 1568
487 1568
486 1568
485 1568
484 1568
483 1568
482 1568
481 1568
480 1568
479 1568
478 1568
477 1568
476 1568
475 1568
474 1568
473 1568
472 1568
471 1568
470 1569
469 1569
468 1569
467 1569
466 1570
465 1570
464 1570
463 1570
462 1570
461 1570
460 1570
459 1570
458 1570
457 1570
456 1570
455 1570
454 1570
453 1571
452 1571
451 1571
450 1571
449 1571
448 1571
447 1571
446 1571
445 1571
444 1571
443 1571
442 1571
441 1571
440 1571
439 1571
438 1571
437 1571
436 1571
435 1571
434 1571
433 1571
432 1571
431 1571
430 1571
429 1571
428 1571
427 1571
426 1571
425 1571
424 1571
423 1571
422 1571
421 1571
420 1571
419 1571
418 1571
417 1571
416 1571
415 1571
414 1571
413 1571
412 1571
411 1571
410 1571
409 1571
408 1570
407 1570
406 1570
405 1570
404 1570
403 1570
402 1570
401 1570
400 1570
399 1570
398 1570
397 1570
396 1570
395 1570
394 1570
393 1570
392 1571
391 1571
390 1571
389 1571
388 1571
387 1571
386 1571
385 1571
384 1571
383 1571
382 1571
381 1571
380 1571
379 1571
378 1571
377 1570
376 1570
375 1570
374 1570
373 1570
372 1571
371 1571
370 1571
369 1571
368 1571
367 1571
366 1570
365 1570
364 1570
363 1570
362 1570
361 1570
360 1570
359 1570
358 1571
357 1571
356 1571
355 1571
354 1571
353 1571
352 1571
351 1571
350 1571
349 1571
348 1571
347 1571
346 1571
345 1571
344 1571
343 1571
342 1571
341 1571
340 1571
339 1571
338 1571
337 1571
336 1571
335 1571
334 1571
333 1572
332 1572
331 1572
330 1572
329 1572
328 1572
327 1573
326 1573
325 1573
324 1573
323 1573
322 1573
321 1574
320 1573
319 1574
318 1573
317 1573
316 1573
315 1573
314 1573
313 1573
312 1573
311 1573
310 1573
309 1573
308 1574
307 1573
306 1573
305 1573
304 1574
303 1574
302 1574
301 1574
300 1574
299 1574
298 1574
297 1574
296 1574
295 1574
294 1574
293 1574
292 1574
291 1574
290 1574
289 1574
288 1574
287 1574
286 1574
285 1574
284 1574
283 1574
282 1574
281 1574
280 1574
279 1574
278 1574
277 1574
276 1574
275 1574
274 1574
273 1574
272 1574
271 1574
270 1574
269 1574
268 1574
267 1573
266 1574
265 1574
264 1574
263 1574
262 1574
261 1574
260 1574
259 1574
258 1574
257 1574
256 1574
255 1574
254 1574
253 1574
252 1574
251 1574
250 1574
249 1574
248 1574
247 1574
246 1574
245 1574
244 1574
243 1574
242 1574
241 1574
240 1574
239 1573
238 1573
237 1573
236 1573
235 1573
234 1573
233 1573
232 1573
231 1573
230 1573
229 1573
228 1573
227 1573
226 1573
225 1573
224 1574
223 1574
222 1574
221 1574
220 1575
219 1575
218 1575
217 1576
216 1576
215 1576
214 1576
213 1577
212 1577
211 1577
210 1577
209 1577
208 1577
207 1577
206 1577
205 1577
204 1577
203 1577
202 1577
201 1577
200 1577
199 1577
198 1578
197 1578
196 1578
195 1578
194 1579
193 1579
192 1579
191 1580
190 1580
189 1580
188 1581
187 1581
186 1581
185 1582
184 1582
183 1582
182 1583
181 1583
180 1584
179 1584
178 1584
177 1585
176 1585
175 1585
174 1585
173 1585
172 1586
171 1586
170 1586
169 1586
168 1586
167 1587
166 1587
165 1587
164 1587
163 1588
162 1588
161 1589
160 1589
159 1589
158 1590
157 1590
156 1590
155 1591
154 1591
153 1591
152 1591
151 1591
150 1591
149 1591
148 1591
147 1591
146 1591
145 1591
144 1592
143 1592
142 1592
141 1592
140 1593
139 1593
138 1593
137 1594
136 1594
135 1594
134 1594
133 1594
132 1594
131 1595
130 1595
129 1595
128 1595
127 1595
126 1595
125 1595
124 1595
123 1595
122 1595
121 1595
120 1596
119 1596
118 1596
117 1596
116 1596
115 1596
114 1596
113 1596
112 1596
111 1596
110 1597
109 1597
108 1597
107 1598
106 1598
105 1598
104 1599
103 1599
102 1600
101 1600
100 1601
99 1601
98 1602
97 1602
96 1603
95 1603
94 1603
93 1604
92 1604
91 1604
90 1604
89 1605
88 1605
87 1605
86 1606
85 1606
84 1606
83 1606
82 1606
81 1607
80 1607
79 1607
78 1607
77 1608
76 1608
75 1608
74 1609
73 1609
72 1610
71 1610
70 1610
69 1611
68 1611
67 1612
66 1612
65 1613
64 1613
63 1614
62 1614
61 1615
60 1615
59 1616
58 1616
57 1617
56 1618
55 1619
54 1620
53 1621
52 1622
51 1623
50 1623
49 1624
48 1625
47 1626
46 1627
46 1628
45 1629
44 1630
44 1631
44 1632
43 1633
44 1634
44 1635
44 1636
44 1637
45 1638
46 1639
47 1640
47 1641
48 1641
49 1642
50 1642
51 1643
52 1643
53 1643
54 1643
55 1643
56 1643
57 1644
58 1644
59 1644
60 1644
61 1645
62 1645
63 1645
64 1645
65 1646
66 1646
67 1646
68 1647
69 1647
70 1647
71 1647
72 1648
73 1648
74 1648
75 1649
76 1649
77 1649
78 1650
79 1650
80 1650
81 1650
82 1650
83 1650
84 1650
85 1650
86 1650
87 1650
88 1650
89 1650
90 1651
91 1651
92 1651
93 1651
94 1652
95 1652
96 1652
97 1652
98 1653
99 1653
100 1653
101 1653
102 1653
103 1654
104 1654
105 1654
106 1654
107 1655
108 1655
109 1655
110 1655
111 1655
112 1655
113 1656
114 1656
115 1656
116 1656
117 1656
118 1656
119 1656
120 1656
121 1657
122 1657
123 1657
124 1657
125 1657
126 1657
127 1657
128 1657
129 1658
130 1658
131 1658
132 1659
133 1659
134 1659
135 1660
136 1660
137 1660
138 1661
139 1661
140 1661
141 1661
142 1662
143 1662
144 1662
145 1663
146 1663
147 1663
148 1664
149 1664
150 1664
151 1665
152 1665
153 1665
154 1666
155 1666
156 1666
157 1666
158 1666
159 1667
160 1667
161 1667
162 1668
163 1668
164 1668
165 1669
166 1669
167 1669
168 1669
169 1670
170 1670
171 1670
172 1671
173 1671
174 1671
175 1671
176 1672
177 1672
178 1672
179 1672
180 1673
181 1673
182 1674
183 1674
184 1674
185 1674
186 1674
187 1674
188 1674
189 1674
190 1674
191 1675
192 1676
193 1676
194 1676
195 1676
196 1676
197 1676
198 1677
199 1677
200 1677
201 1677
202 1677
203 1677
204 1677
205 1677
206 1677
207 1677
208 1677
209 1678
210 1678
211 1678
212 1678
213 1678
214 1678
215 1679
216 1679
217 1679
218 1679
219 1679
220 1679
221 1679
222 1680
223 1680
224 1680
225 1680
226 1680
227 1681
228 1681
229 1682
230 1682
231 1682
232 1682
233 1682
234 1682
235 1682
236 1682
237 1683
238 1683
239 1683
240 1683
241 1683
242 1684
243 1684
244 1684
245 1684
246 1684
247 1684
248 1684
249 1684
250 1685
251 1685
252 1685
253 1685
254 1685
255 1686
256 1686
257 1687
258 1687
259 1688
260 1688
261 1689
262 1689
263 1689
264 1690
265 1690
266 1690
267 1691
268 1691
269 1691
270 1692
271 1692
272 1692
273 1692
274 1692
275 1693
276 1693
277 1693
278 1694
279 1694
280 1694
281 1694
282 1694
283 1695
284 1695
285 1695
286 1695
287 1695
288 1695
289 1696
290 1696
291 1696
292 1696
293 1696
294 1696
295 1696
296 1696
297 1695
298 1695
299 1695
300 1695
301 1695
302 1695
303 1694
304 1694
305 1693
306 1693
307 1693
308 1692
309 1692
310 1692
311 1692
312 1692
313 1692
314 1692
315 1692
316 1692
317 1692
318 1692
319 1692
320 1692
321 1693
322 1693
323 1693
324 1693
325 1693
326 1694
327 1694
328 1694
329 1694
330 1694
331 1695
332 1695
333 1695
334 1695
335 1695
336 1695
337 1696
338 1696
339 1696
340 1696
341 1696
342 1697
343 1697
344 1697
345 1697
346 1697
347 1697
348 1697
349 1697
350 1697
351 1697
352 1697
353 1697
354 1697
355 1697
356 1697
357 1697
358 1697
359 1697
360 1698
361 1698
362 1698
363 1698
364 1698
365 1698
366 1698
367 1698
368 1698
369 1698
370 1698
371 1699
372 1699
373 1699
374 1699
375 1699
376 1700
377 1700
378 1700
379 1700
380 1701
381 1701
382 1701
383 1701
384 1701
385 1702
386 1702
387 1702
388 1702
389 1702
390 1703
391 1703
392 1703
393 1704
394 1704
395 1704
396 1704
397 1704
398 1704
399 1704
400 1704
401 1704
402 1704
403 1704
404 1704
405 1704
406 1704
407 1704
408 1704
409 1704
410 1704
411 1704
412 1705
413 1705
414 1705
415 1705
416 1706
417 1706
418 1706
419 1707
420 1707
421 1707
422 1708
423 1708
424 1708
425 1708
426 1708
427 1708
428 1708
429 1708
430 1708
431 1708
432 1708
433 1708
434 1707
435 1707
436 1706
437 1705
438 1705
439 1704
440 1704
441 1703
442 1703
443 1702
444 1702
445 1702
446 1702
447 1701
448 1701
449 1701
450 1701
451 1701
452 1701
453 1701
454 1700
455 1700
456 1700
457 1700
458 1700
459 1699
460 1699
461 1699
462 1699
463 1699
464 1699
465 1699
466 1699
467 1699
468 1699
469 1699
470 1699
471 1699
472 1699
473 1699
474 1699
475 1699
476 1699
477 1699
478 1699
479 1698
480 1698
481 1698
482 1697
483 1697
484 1697
485 1697
486 1696
487 1696
488 1696
489 1696
490 1696
491 1695
492 1695
493 1695
494 1694
495 1694
496 1694
497 1694
498 1694
499 1693
500 1693
501 1693
502 1693
503 1693
504 1693
505 1693
506 1693
507 1693
508 1693
509 1692
510 1692
511 1692
512 1692
513 1692
514 1692
515 1692
516 1692
517 1691
518 1691
519 1691
520 1691
521 1691
522 1691
523 1691
524 1691
525 1691
526 1691
527 1692
528 1692
529 1692
530 1692
531 1693
532 1693
533 1693
534 1693
535 1693
536 1693
537 1693
538 1693
539 1693
540 1692
541 1692
542 1692
543 1692
544 1692
545 1692
546 1691
547 1691
548 1691
549 1690
550 1690
551 1690
552 1690
553 1689
554 1689
555 1689
556 1689
557 1689
558 1689
559 1689
560 1689
561 1689
562 1689
563 1689
564 1689
565 1689
566 1689
567 1689
568 1690
569 1690
570 1690
571 1689
572 1689
573 1689
574 1689
575 1688
576 1688
577 1688
578 1688
579 1688
580 1687
581 1687
582 1687
583 1687
584 1686
585 1686
586 1686
587 1685
588 1685
589 1685
590 1684
591 1684
592 1684
593 1684
594 1683
595 1683
596 1683
597 1683
598 1683
599 1683
600 1683
601 1682
602 1682
603 1682
604 1682
605 1682
606 1682
607 1682
608 1681
609 1681
610 1681
611 1681
612 1680
613 1680
614 1680
615 1679
616 1679
617 1679
618 1679
619 1678
620 1678
621 1678
622 1678
623 1678
624 1678
625 1678
626 1678
627 1677
628 1677
629 1677
630 1677
631 1676
632 1676
633 1676
634 1676
635 1675
636 1675
637 1675
638 1674
639 1674
640 1674
641 1673
642 1673
643 1673
644 1672
645 1672
646 1671
647 1671
648 1671
649 1670
650 1670
651 1670
652 1669
653 1669
654 1669
655 1668
656 1668
657 1667
658 1667
659 1666
660 1666
661 1665
662 1664
663 1663
663 1662
663 1661
663 1660
663 1659
663 1658
663 1657
663 1656
664 1655
664 1654
665 1653
665 1652
665 1651
666 1650
666 1649
666 1648
666 1647
666 1646
666 1645
667 1644
667 1643
668 1642
668 1641
669 1640
669 1639
669 1638
669 1637
670 1636
670 1635
671 1634
671 1633
672 1632
673 1631
673 1630
673 1629
674 1628
674 1627
674 1626
675 1625
675 1624
675 1623
676 1622
676 1621
676 1620
677 1619
677 1618
677 1617
677 1616
677 1615
678 1614
678 1613
678 1612
678 1611
678 1610
678 1609
677 1608
677 1607
677 1606
677 1605
676 1604
676 1603
676 1602
676 1601
675 1600
675 1599
674 1598
674 1597
674 1596
673 1595
673 1594
672 1593
672 1592
672 1591
671 1590
671 1589
670 1588
670 1587
669 1586
669 1585
669 1584
668 1583
668 1582
667 1581
666 1580
665 1580
664 1579
663 1578
662 1578
661 1578
660 1578
659 1578
658 1578
657 1578
656 1578
655 1578
654 1578
653 1578
652 1578
651 1578
650 1578
649 1578
648 1578
647 1578
646 1578
645 1578
644 1578
643 1577
642 1577
641 1576
640 1576
639 1576
638 1575
637 1575
636 1575
635 1575
634 1574
633 1574
632 1574
631 1573
630 1573
629 1573
628 1573
627 1573
626 1573
625 1574
624 1574
623 1574
622 1574
621 1574
620 1574
619 1575
618 1575
617 1575
616 1575
615 1575
614 1575
613 1575
612 1575
611 1575
610 1575
609 1575
608 1575
607 1575
606 1575
605 1574
604 1574
603 1574
602 1574
601 1574
600 1573
599 1573
598 1573
597 1573
596 1573
595 1573
594 1573
593 1573
592 1573
591 1573
590 1573
589 1573
588 1573
587 1573
586 1573
585 1573
584 1573
583 1573
582 1573
581 1573
580 1572
579 1572
578 1572
577 1572
576 1572
575 1572
574 1572
573 1572
572 1572
571 1572
570 1572
569 1572
568 1572
567 1572
566 1572
565 1572
564 1572
563 1571
562 1571
561 1571
560 1571
559 1570
558 1570
557 1570
556 1570
555 1570
554 1569
553 1569
552 1569
551 1569
550 1569
549 1568
548 1568
547 1568
546 1567
545 1567
544 1567
543 1567
542 1567
541 1566
540 1566
539 1566
538 1566
537 1566
536 1566
535 1566
534 1566
533 1566
532 1566
531 1566
530 1566
529 1566
528 1566
527 1566
526 1566
525 1566
524 1566
523 1566
522 1566
521 1566
520 1565
519 1565
518 1565
517 1565
516 1565
515 1565
514 1565
513 1565
512 1565
511 1565
