401 1751
400 1752
399 1752
398 1752
397 1752
396 1752
395 1752
394 1752
393 1752
392 1752
391 1752
390 1752
389 1752
388 1752
387 1752
386 1752
385 1752
384 1752
383 1752
382 1752
381 1752
380 1752
379 1752
378 1752
377 1752
376 1752
375 1752
374 1752
373 1752
372 1752
371 1752
370 1752
369 1752
368 1752
367 1752
366 1752
365 1752
364 1752
363 1752
362 1752
361 1753
360 1753
359 1753
358 1753
357 1753
356 1753
355 1753
354 1753
353 1753
352 1753
351 1753
350 1753
349 1753
348 1753
347 1753
346 1753
345 1753
344 1753
343 1753
342 1753
341 1753
340 1753
339 1753
338 1753
337 1753
336 1753
335 1753
334 1752
333 1752
332 1752
331 1752
330 1752
329 1752
328 1752
327 1752
326 1752
325 1752
324 1752
323 1752
322 1752
321 1752
320 1753
319 1753
318 1753
317 1753
316 1753
315 1753
314 1753
313 1753
312 1753
311 1754
310 1754
309 1754
308 1754
307 1754
306 1755
305 1755
304 1755
303 1755
302 1755
301 1756
300 1756
299 1756
298 1756
297 1756
296 1756
295 1756
294 1756
293 1756
292 1756
291 1756
290 1756
289 1756
288 1756
287 1756
286 1756
285 1756
284 1756
283 1756
282 1756
281 1756
280 1756
279 1756
278 1756
277 1756
276 1756
275 1756
274 1756
273 1756
272 1756
271 1756
270 1756
269 1756
268 1756
267 1756
266 1757
265 1757
264 1757
263 1757
262 1758
261 1758
260 1758
259 1758
258 1758
257 1758
256 1759
255 1759
254 1759
253 1759
252 1759
251 1759
250 1759
249 1759
248 1759
247 1759
246 1758
245 1758
244 1758
243 1758
242 1757
241 1757
240 1757
239 1757
238 1757
237 1757
236 1757
235 1757
234 1757
233 1757
232 1757
231 1757
230 1757
229 1758
228 1758
227 1758
226 1758
225 1758
224 1758
223 1758
222 1759
221 1759
220 1759
219 1759
218 1759
217 1759
216 1759
215 1759
214 1759
213 1759
212 1760
211 1760
210 1760
209 1760
208 1760
207 1760
206 1760
205 1761
204 1761
203 1761
202 1761
201 1761
200 1761
199 1762
198 1762
197 1762
196 1762
195 1762
194 1762
193 1762
192 1763
191 1763
190 1763
189 1763
188 1763
187 1764
186 1764
185 1764
184 1764
183 1765
182 1765
181 1765
180 1765
179 1765
178 1766
177 1766
176 1766
175 1766
174 1766
173 1766
172 1766
171 1766
170 1766
169 1766
168 1766
167 1766
166 1766
165 1766
164 1766
163 1766
162 1766
161 1766
160 1766
159 1766
158 1766
157 1766
156 1767
155 1767
154 1767
153 1767
152 1767
151 1767
150 1768
149 1768
148 1768
147 1769
146 1769
145 1769
144 1769
143 1769
142 1770
141 1770
140 1770
139 1770
138 1770
137 1770
136 1771
135 1771
134 1771
133 1771
132 1771
131 1771
130 1771
129 1772
128 1772
127 1772
126 1772
125 1772
124 1772
123 1773
122 1773
121 1773
120 1773
119 1773
118 1774
117 1774
116 1774
115 1774
114 1774
113 1775
112 1775
111 1775
110 1775
109 1775
108 1775
107 1775
106 1775
105 1775
104 1775
103 1775
102 1776
101 1776
100 1776
99 1777
98 1777
97 1777
96 1777
95 1778
94 1778
93 1778
92 1779
91 1779
90 1779
89 1779
88 1780
87 1780
86 1780
85 1780
84 1780
83 1780
82 1781
81 1781
80 1781
79 1781
78 1781
77 1782
76 1782
75 1782
74 1782
73 1782
72 1782
71 1783
70 1783
69 1783
68 1783
67 1783
66 1784
65 1784
64 1784
63 1784
62 1784
61 1785
60 1785
59 1785
58 1786
57 1786
56 1786
55 1786
54 1787
53 1787
52 1787
51 1788
50 1788
49 1789
48 1789
47 1790
46 1790
45 1791
44 1792
43 1793
42 1794
42 1795
41 1796
40 1797
40 1798
40 1799
40 1800
40 1801
40 1802
40 1803
40 1804
40 1805
39 1806
39 1807
39 1808
39 1809
39 1810
39 1811
39 1812
39 1813
39 1814
39 1815
39 1816
39 1817
40 1818
40 1819
40 1820
41 1821
41 1822
42 1823
42 1824
43 1825
43 1826
43 1827
44 1828
44 1829
44 1830
44 1831
45 1832
45 1833
46 1834
47 1835
47 1836
48 1837
49 1838
50 1839
51 1840
51 1841
51 1842
52 1843
52 1844
53 1845
54 1846
55 1847
56 1848
57 1849
58 1850
58 1851
58 1852
59 1853
59 1854
60 1855
61 1856
61 1857
62 1858
63 1859
63 1860
64 1861
64 1862
65 1863
65 1864
66 1865
66 1866
67 1867
68 1868
69 1869
70 1870
70 1871
71 1872
71 1873
71 1874
72 1875
72 1876
73 1877
74 1878
74 1879
75 1880
76 1881
76 1882
77 1883
78 1884
79 1885
80 1886
81 1887
81 1888
82 1889
83 1890
84 1891
85 1892
85 1893
86 1894
86 1895
86 1896
87 1897
88 1898
89 1899
89 1900
90 1901
90 1902
91 1903
91 1904
92 1905
92 1906
93 1907
94 1908
95 1909
96 1910
97 1911
98 1912
99 1913
100 1914
100 1915
101 1916
102 1917
103 1918
104 1919
105 1920
106 1921
107 1922
108 1923
109 1924
110 1925
111 1925
112 1926
113 1927
114 1928
115 1928
116 1929
117 1930
118 1931
119 1931
120 1932
121 1933
122 1934
123 1934
124 1935
125 1936
126 1937
127 1937
128 1938
129 1939
130 1939
131 1940
132 1941
133 1941
134 1942
135 1942
136 1943
137 1943
138 1944
139 1945
140 1945
141 1946
142 1946
143 1946
144 1947
145 1947
146 1947
147 1948
148 1948
149 1949
150 1949
151 1949
152 1950
153 1950
154 1950
155 1951
156 1951
157 1951
158 1952
159 1952
160 1952
161 1953
162 1953
163 1953
164 1954
165 1954
166 1954
167 1954
168 1954
169 1955
170 1955
171 1955
172 1955
173 1956
174 1956
175 1956
176 1957
177 1957
178 1957
179 1957
180 1957
181 1958
182 1958
183 1958
184 1958
185 1958
186 1958
187 1958
188 1959
189 1959
190 1959
191 1960
192 1960
193 1961
194 1961
195 1961
196 1961
197 1961
198 1962
199 1962
200 1962
201 1962
202 1962
203 1962
204 1962
205 1962
206 1962
207 1963
208 1963
209 1963
210 1963
211 1964
212 1964
213 1964
214 1963
215 1964
216 1964
217 1964
218 1964
219 1964
220 1964
221 1965
222 1965
223 1965
224 1966
225 1966
226 1966
227 1967
228 1967
229 1967
230 1968
231 1968
232 1968
233 1968
234 1969
235 1969
236 1970
237 1970
238 1971
239 1971
240 1971
241 1972
242 1972
243 1972
244 1973
245 1973
246 1974
247 1974
248 1975
249 1975
250 1976
251 1976
252 1977
253 1978
254 1978
255 1979
256 1980
257 1980
258 1980
259 1981
260 1981
261 1981
262 1981
263 1982
264 1982
265 1983
266 1983
267 1984
268 1984
269 1984
270 1984
271 1985
272 1985
273 1985
274 1986
275 1986
276 1986
277 1986
278 1987
279 1987
280 1987
281 1987
282 1988
283 1988
284 1988
285 1988
286 1989
287 1989
288 1989
289 1990
290 1990
291 1990
292 1991
293 1991
294 1992
295 1992
296 1993
297 1994
298 1994
299 1995
300 1995
301 1996
302 1996
303 1997
304 1997
305 1998
306 1998
307 1999
308 1999
309 1999
310 1999
311 1999
312 1999
313 1999
314 1999
315 1999
316 1999
317 1999
318 1998
319 1998
320 1998
321 1998
322 1998
323 1997
324 1997
325 1997
326 1997
327 1997
328 1996
329 1996
330 1996
331 1996
332 1995
333 1995
334 1994
335 1994
336 1994
337 1993
338 1993
339 1992
340 1992
341 1991
342 1991
343 1991
344 1991
345 1990
346 1990
347 1990
348 1990
349 1989
350 1989
351 1989
352 1989
353 1988
354 1988
355 1988
356 1987
357 1987
358 1986
359 1986
360 1986
361 1985
362 1984
363 1984
364 1983
365 1983
366 1982
367 1982
368 1982
369 1982
370 1982
371 1981
372 1981
373 1981
374 1981
375 1981
376 1980
377 1980
378 1980
379 1980
380 1980
381 1980
382 1979
383 1979
384 1979
385 1979
386 1979
387 1979
388 1978
389 1978
390 1978
391 1978
392 1978
393 1978
394 1978
395 1977
396 1977
397 1977
398 1977
399 1977
400 1977
401 1977
402 1977
403 1976
404 1976
405 1976
406 1976
407 1976
408 1975
409 1975
410 1975
411 1975
412 1975
413 1974
414 1974
415 1974
416 1974
417 1974
418 1974
419 1973
420 1973
421 1973
422 1973
423 1973
424 1972
425 1972
426 1972
427 1972
428 1972
429 1972
430 1972
431 1971
432 1971
433 1971
434 1971
435 1971
436 1970
437 1970
438 1969
439 1969
440 1968
441 1968
442 1968
443 1967
444 1967
445 1967
446 1967
447 1967
448 1966
449 1966
450 1966
451 1966
452 1965
453 1965
454 1964
455 1964
456 1964
457 1963
458 1963
459 1962
460 1962
461 1961
462 1961
463 1960
464 1960
465 1959
466 1959
467 1958
468 1958
469 1958
470 1957
471 1957
472 1956
473 1956
474 1956
475 1955
476 1955
477 1954
478 1954
479 1953
480 1953
481 1952
482 1952
483 1951
484 1951
485 1951
486 1950
487 1950
488 1950
489 1949
490 1949
491 1948
492 1948
493 1948
494 1947
495 1947
496 1947
497 1947
498 1946
499 1946
500 1945
501 1945
502 1945
503 1944
504 1944
505 1943
506 1943
507 1942
508 1942
509 1941
510 1941
511 1941
512 1941
513 1941
514 1940
515 1940
516 1939
517 1939
518 1939
519 1938
520 1937
521 1937
522 1936
523 1936
524 1935
525 1935
526 1935
527 1934
528 1934
529 1934
530 1933
531 1933
532 1933
533 1933
534 1932
535 1932
536 1932
537 1932
538 1932
539 1932
540 1931
541 1931
542 1930
543 1930
544 1930
545 1929
546 1929
547 1928
548 1928
549 1927
550 1927
551 1926
552 1926
553 1925
554 1925
555 1924
556 1924
557 1923
558 1923
559 1923
560 1923
561 1923
562 1923
563 1922
564 1922
565 1922
566 1922
567 1922
568 1921
569 1921
570 1921
571 1921
572 1921
573 1920
574 1920
575 1920
576 1920
577 1920
578 1919
579 1919
580 1919
581 1918
582 1918
583 1918
584 1918
585 1917
586 1917
587 1917
588 1917
589 1917
590 1916
591 1916
592 1916
593 1916
594 1916
595 1916
596 1915
597 1915
598 1915
599 1915
600 1914
601 1914
602 1914
603 1913
604 1913
605 1912
606 1912
607 1911
608 1910
609 1910
610 1910
611 1909
612 1909
613 1908
614 1908
615 1908
616 1907
617 1907
618 1907
619 1906
620 1906
621 1905
622 1905
623 1904
624 1904
625 1903
626 1902
627 1901
628 1900
629 1899
630 1898
631 1897
631 1896
632 1895
633 1894
634 1893
634 1892
635 1891
635 1890
636 1889
636 1888
637 1887
638 1886
638 1885
639 1884
639 1883
640 1882
640 1881
641 1880
641 1879
642 1878
643 1877
644 1876
645 1875
645 1874
646 1873
647 1872
647 1871
648 1870
649 1869
649 1868
650 1867
650 1866
651 1865
651 1864
652 1863
652 1862
653 1861
653 1860
653 1859
654 1858
654 1857
654 1856
655 1855
656 1854
657 1853
658 1852
659 1851
660 1851
661 1850
662 1850
663 1849
664 1848
665 1848
666 1847
667 1846
668 1846
669 1845
669 1844
670 1843
670 1842
671 1841
671 1840
671 1839
671 1838
671 1837
671 1836
671 1835
671 1834
671 1833
671 1832
671 1831
672 1830
672 1829
672 1828
672 1827
672 1826
673 1825
673 1824
673 1823
673 1822
673 1821
673 1820
673 1819
673 1818
673 1817
673 1816
673 1815
672 1814
672 1813
672 1812
671 1811
671 1810
671 1809
671 1808
670 1807
670 1806
670 1805
670 1804
669 1803
668 1802
667 1801
666 1800
665 1799
664 1799
663 1798
662 1797
661 1797
660 1796
659 1796
658 1795
657 1795
656 1794
655 1793
654 1793
653 1792
652 1791
651 1791
650 1790
649 1789
648 1788
647 1787
646 1787
645 1786
644 1785
643 1784
642 1783
641 1783
640 1782
639 1781
638 1780
637 1780
636 1779
635 1779
634 1778
633 1778
632 1777
631 1776
630 1776
629 1775
628 1775
627 1774
626 1773
625 1773
624 1772
623 1771
622 1771
621 1770
620 1770
619 1769
618 1769
617 1768
616 1768
615 1767
614 1767
613 1766
612 1766
611 1766
610 1766
609 1766
608 1765
607 1765
606 1765
605 1764
604 1764
603 1764
602 1763
601 1763
600 1763
599 1763
598 1763
597 1763
596 1763
595 1763
594 1763
593 1763
592 1762
591 1762
590 1762
589 1761
588 1761
587 1761
586 1761
585 1761
584 1761
583 1761
582 1761
581 1761
580 1761
579 1761
578 1761
577 1761
576 1761
575 1761
574 1761
573 1761
572 1761
571 1761
570 1761
569 1761
568 1761
567 1761
566 1760
565 1760
564 1760
563 1760
562 1760
561 1760
560 1759
559 1759
558 1759
557 1759
556 1759
555 1759
554 1759
553 1759
552 1759
551 1759
550 1759
549 1759
548 1759
547 1759
546 1760
545 1760
544 1760
543 1760
542 1760
541 1760
540 1760
539 1760
538 1760
537 1760
536 1760
535 1760
534 1760
533 1760
532 1760
531 1760
530 1760
529 1760
528 1760
527 1760
526 1760
525 1760
524 1760
523 1760
522 1760
521 1760
520 1760
519 1760
518 1759
517 1759
516 1759
515 1758
514 1758
513 1758
512 1758
511 1757
510 1757
509 1757
508 1757
507 1757
506 1757
505 1757
504 1758
503 1758
502 1758
501 1758
500 1757
499 1757
498 1757
497 1757
496 1757
495 1757
494 1757
493 1758
492 1757
491 1757
490 1757
489 1757
488 1757
487 1756
486 1756
485 1756
484 1756
483 1756
482 1756
481 1756
480 1756
479 1756
478 1756
477 1756
476 1756
475 1756
474 1756
473 1756
472 1756
471 1756
470 1756
469 1756
468 1756
467 1756
466 1756
465 1755
464 1755
463 1755
462 1755
461 1755
460 1755
459 1755
458 1755
457 1756
456 1757
455 1757
454 1757
453 1756
452 1756
451 1756
450 1756
449 1755
448 1755
447 1755
446 1755
445 1755
444 1755
443 1755
442 1755
441 1755
440 1755
439 1755
438 1755
437 1755
436 1754
435 1754
434 1754
433 1753
432 1753
431 1753
430 1753
429 1753
428 1753
427 1752
426 1752
425 1752
424 1752
423 1752
422 1752
421 1752
420 1752
419 1751
418 1751
417 1751
416 1751
415 1751
414 1751
413 1751
412 1751
411 1751
410 1751
409 1751
408 1751
407 1751
406 1751
405 1751
404 1751
403 1751
402 1751
401 1751
