324 2042
323 2043
322 2043
321 2043
320 2043
319 2043
318 2043
317 2043
316 2044
315 2044
314 2044
313 2044
312 2045
311 2044
310 2045
309 2045
308 2045
307 2045
306 2046
305 2046
304 2046
303 2046
302 2046
301 2047
300 2047
299 2047
298 2047
297 2047
296 2048
295 2048
294 2048
293 2048
292 2048
291 2048
290 2048
289 2048
288 2048
287 2048
286 2048
285 2048
284 2048
283 2048
282 2048
281 2049
280 2049
279 2049
278 2049
277 2050
276 2050
275 2050
274 2050
273 2051
272 2051
271 2051
270 2052
269 2052
268 2052
267 2052
266 2053
265 2053
264 2053
263 2054
262 2054
261 2055
260 2055
259 2055
258 2056
257 2056
256 2056
255 2057
254 2057
253 2058
252 2058
251 2059
250 2059
249 2059
248 2059
247 2059
246 2059
245 2059
244 2059
243 2059
242 2060
241 2060
240 2060
239 2060
238 2060
237 2060
236 2061
235 2061
234 2061
233 2062
232 2062
231 2062
230 2063
229 2063
228 2063
227 2063
226 2063
225 2064
224 2064
223 2065
222 2065
221 2065
220 2066
219 2066
218 2066
217 2066
216 2067
215 2067
214 2067
213 2067
212 2067
211 2068
210 2068
209 2068
208 2068
207 2069
206 2069
205 2069
204 2069
203 2069
202 2070
201 2070
200 2070
199 2071
198 2071
197 2072
196 2072
195 2073
194 2073
193 2073
192 2074
191 2074
190 2075
189 2075
188 2076
187 2076
186 2077
185 2077
184 2078
183 2078
182 2079
181 2079
180 2080
179 2080
178 2080
177 2081
176 2081
175 2081
174 2081
173 2082
172 2082
171 2082
170 2082
169 2083
168 2083
167 2083
166 2083
165 2083
164 2083
163 2083
162 2083
161 2083
160 2083
159 2083
158 2083
157 2083
156 2083
155 2084
154 2084
153 2084
152 2084
151 2084
150 2085
149 2085
148 2085
147 2085
146 2085
145 2085
144 2085
143 2085
142 2085
141 2085
140 2085
139 2085
138 2086
137 2086
136 2086
135 2086
134 2086
133 2087
132 2087
131 2087
130 2087
129 2087
128 2087
127 2087
126 2087
125 2087
124 2087
123 2087
122 2088
121 2088
120 2088
119 2088
118 2088
117 2088
116 2088
115 2089
114 2089
113 2089
112 2089
111 2089
110 2090
109 2090
108 2090
107 2090
106 2090
105 2090
104 2090
103 2090
102 2091
101 2090
100 2090
99 2091
98 2091
97 2092
96 2092
95 2092
94 2092
93 2093
92 2093
91 2093
90 2094
89 2094
88 2094
87 2095
86 2095
85 2096
84 2096
83 2097
82 2097
81 2098
80 2098
79 2099
78 2099
77 2100
76 2100
75 2101
74 2101
73 2102
72 2102
71 2102
70 2103
69 2103
68 2104
67 2105
66 2105
65 2106
64 2106
63 2107
62 2107
61 2108
60 2108
59 2109
58 2109
57 2109
56 2109
55 2110
54 2110
53 2111
52 2111
51 2112
50 2112
49 2112
48 2113
47 2113
46 2114
45 2115
44 2116
43 2116
42 2117
41 2118
40 2119
39 2120
38 2121
38 2122
37 2123
37 2124
36 2125
35 2126
34 2127
34 2128
34 2129
34 2130
35 2131
36 2132
36 2133
37 2134
38 2135
39 2136
40 2137
41 2138
42 2139
43 2140
43 2141
44 2142
45 2143
46 2144
47 2145
48 2146
49 2146
50 2147
51 2147
52 2148
53 2149
54 2149
55 2150
56 2150
57 2151
58 2151
59 2151
60 2151
61 2151
62 2152
63 2152
64 2152
65 2153
66 2153
67 2153
68 2153
69 2153
70 2153
71 2154
72 2154
73 2154
74 2154
75 2154
76 2154
77 2155
78 2155
79 2155
80 2156
81 2156
82 2156
83 2156
84 2156
85 2157
86 2157
87 2157
88 2158
89 2158
90 2158
91 2158
92 2159
93 2159
94 2159
95 2159
96 2160
97 2160
98 2160
99 2161
100 2161
101 2161
102 2162
103 2162
104 2163
105 2163
106 2163
107 2164
108 2164
109 2165
110 2165
111 2165
112 2165
113 2165
114 2165
115 2166
116 2166
117 2166
118 2166
119 2166
120 2166
121 2166
122 2166
123 2166
124 2166
125 2166
126 2166
127 2166
128 2166
129 2166
130 2166
131 2166
132 2167
133 2167
134 2167
135 2167
136 2167
137 2168
138 2168
139 2168
140 2168
141 2168
142 2169
143 2169
144 2169
145 2169
146 2170
147 2170
148 2171
149 2171
150 2171
151 2171
152 2171
153 2171
154 2171
155 2171
156 2171
157 2171
158 2171
159 2171
160 2171
161 2171
162 2171
163 2171
164 2171
165 2171
166 2171
167 2171
168 2171
169 2171
170 2171
171 2171
172 2171
173 2171
174 2171
175 2171
176 2172
177 2172
178 2172
179 2172
180 2172
181 2171
182 2171
183 2171
184 2171
185 2171
186 2171
187 2171
188 2171
189 2172
190 2172
191 2172
192 2172
193 2172
194 2172
195 2172
196 2173
197 2173
198 2173
199 2173
200 2173
201 2173
202 2174
203 2174
204 2174
205 2174
206 2174
207 2175
208 2175
209 2175
210 2175
211 2176
212 2176
213 2176
214 2176
215 2176
216 2176
217 2176
218 2176
219 2176
220 2176
221 2176
222 2176
223 2176
224 2176
225 2176
226 2176
227 2176
228 2176
229 2176
230 2176
231 2176
232 2176
233 2176
234 2176
235 2177
236 2177
237 2177
238 2177
239 2177
240 2177
241 2177
242 2178
243 2178
244 2178
245 2178
246 2179
247 2179
248 2180
249 2180
250 2180
251 2180
252 2180
253 2180
254 2180
255 2180
256 2181
257 2181
258 2181
259 2181
260 2181
261 2181
262 2182
263 2181
264 2181
265 2182
266 2182
267 2182
268 2182
269 2182
270 2183
271 2183
272 2183
273 2183
274 2183
275 2184
276 2184
277 2184
278 2184
279 2184
280 2185
281 2185
282 2186
283 2186
284 2186
285 2186
286 2186
287 2186
288 2186
289 2186
290 2187
291 2187
292 2187
293 2187
294 2187
295 2187
296 2187
297 2187
298 2187
299 2187
300 2187
301 2187
302 2187
303 2187
304 2187
305 2187
306 2187
307 2187
308 2187
309 2188
310 2188
311 2188
312 2188
313 2188
314 2188
315 2188
316 2188
317 2188
318 2189
319 2189
320 2189
321 2189
322 2189
323 2190
324 2190
325 2190
326 2190
327 2190
328 2190
329 2190
330 2190
331 2190
332 2190
333 2190
334 2190
335 2190
336 2190
337 2190
338 2190
339 2190
340 2191
341 2191
342 2191
343 2191
344 2191
345 2191
346 2191
347 2191
348 2191
349 2192
350 2192
351 2192
352 2192
353 2192
354 2192
355 2192
356 2193
357 2193
358 2193
359 2193
360 2194
361 2194
362 2194
363 2194
364 2194
365 2195
366 2195
367 2195
368 2195
369 2196
370 2196
371 2196
372 2196
373 2196
374 2197
375 2197
376 2197
377 2197
378 2197
379 2197
380 2197
381 2197
382 2198
383 2198
384 2198
385 2198
386 2198
387 2198
388 2198
389 2198
390 2198
391 2198
392 2198
393 2198
394 2198
395 2198
396 2198
397 2198
398 2198
399 2198
400 2198
401 2198
402 2198
403 2198
404 2198
405 2198
406 2198
407 2198
408 2198
409 2198
410 2198
411 2198
412 2198
413 2198
414 2198
415 2198
416 2198
417 2198
418 2198
419 2198
420 2198
421 2199
422 2199
423 2200
424 2200
425 2200
426 2200
427 2200
428 2200
429 2200
430 2200
431 2200
432 2200
433 2200
434 2201
435 2201
436 2201
437 2201
438 2201
439 2200
440 2200
441 2200
442 2200
443 2200
444 2200
445 2200
446 2200
447 2200
448 2200
449 2200
450 2200
451 2200
452 2200
453 2200
454 2200
455 2200
456 2200
457 2201
458 2201
459 2201
460 2201
461 2202
462 2202
463 2202
464 2202
465 2202
466 2202
467 2202
468 2202
469 2202
470 2202
471 2202
472 2202
473 2202
474 2202
475 2202
476 2202
477 2202
478 2202
479 2202
480 2202
481 2202
482 2202
483 2201
484 2201
485 2201
486 2201
487 2201
488 2201
489 2201
490 2200
491 2200
492 2200
493 2200
494 2200
495 2200
496 2200
497 2200
498 2200
499 2200
500 2200
501 2200
502 2200
503 2200
504 2200
505 2200
506 2200
507 2200
508 2200
509 2200
510 2200
511 2199
512 2199
513 2199
514 2198
515 2198
516 2198
517 2198
518 2198
519 2198
520 2198
521 2198
522 2198
523 2198
524 2198
525 2198
526 2198
527 2198
528 2198
529 2198
530 2198
531 2198
532 2198
533 2198
534 2198
535 2198
536 2198
537 2198
538 2198
539 2198
540 2198
541 2198
542 2198
543 2198
544 2198
545 2198
546 2198
547 2198
548 2198
549 2198
550 2197
551 2197
552 2197
553 2197
554 2197
555 2197
556 2196
557 2196
558 2196
559 2196
560 2196
561 2195
562 2195
563 2194
564 2194
565 2194
566 2194
567 2194
568 2194
569 2194
570 2193
571 2193
572 2192
573 2192
574 2192
575 2192
576 2191
577 2191
578 2191
579 2191
580 2191
581 2191
582 2191
583 2191
584 2191
585 2191
586 2191
587 2191
588 2191
589 2191
590 2191
591 2191
592 2191
593 2191
594 2191
595 2192
596 2192
597 2192
598 2192
599 2192
600 2192
601 2193
602 2192
603 2192
604 2192
605 2192
606 2192
607 2192
608 2192
609 2192
610 2192
611 2192
612 2192
613 2192
614 2192
615 2191
616 2191
617 2191
618 2191
619 2191
620 2191
621 2190
622 2190
623 2190
624 2190
625 2190
626 2190
627 2189
628 2189
629 2189
630 2189
631 2189
632 2189
633 2189
634 2189
635 2189
636 2188
637 2188
638 2188
639 2188
640 2188
641 2188
642 2188
643 2188
644 2188
645 2188
646 2187
647 2187
648 2187
649 2187
650 2187
651 2186
652 2186
653 2185
654 2184
655 2184
656 2183
657 2183
658 2182
659 2181
660 2180
660 2179
661 2178
662 2177
663 2176
663 2175
664 2174
664 2173
664 2172
665 2171
665 2170
665 2169
666 2168
666 2167
666 2166
666 2165
666 2164
666 2163
666 2162
666 2161
666 2160
666 2159
666 2158
666 2157
666 2156
666 2155
667 2154
667 2153
667 2152
667 2151
667 2150
667 2149
667 2148
668 2147
668 2146
668 2145
668 2144
668 2143
668 2142
668 2141
667 2140
667 2139
667 2138
667 2137
667 2136
667 2135
667 2134
666 2133
666 2132
666 2131
666 2130
666 2129
666 2128
666 2127
666 2126
666 2125
665 2124
665 2123
665 2122
665 2121
665 2120
665 2119
665 2118
664 2117
664 2116
664 2115
664 2114
665 2113
665 2112
665 2111
666 2110
666 2109
666 2108
667 2107
667 2106
667 2105
667 2104
667 2103
667 2102
667 2101
666 2100
666 2099
666 2098
665 2097
665 2096
664 2095
664 2094
663 2093
663 2092
662 2091
662 2090
661 2089
660 2088
659 2087
658 2086
658 2085
657 2084
656 2083
655 2082
654 2081
653 2080
652 2079
651 2078
650 2078
649 2077
648 2076
647 2075
646 2075
645 2074
644 2073
643 2072
642 2071
641 2070
640 2069
639 2068
638 2067
637 2066
636 2065
635 2064
634 2063
633 2062
632 2062
631 2061
630 2060
629 2060
628 2059
627 2058
626 2058
625 2057
624 2057
623 2056
622 2056
621 2056
620 2055
619 2055
618 2055
617 2055
616 2055
615 2055
614 2055
613 2055
612 2054
611 2054
610 2054
609 2054
608 2054
607 2054
606 2054
605 2054
604 2054
603 2054
602 2054
601 2053
600 2053
599 2053
598 2053
597 2053
596 2053
595 2052
594 2052
593 2052
592 2052
591 2052
590 2052
589 2052
588 2052
587 2052
586 2052
585 2052
584 2052
583 2052
582 2051
581 2051
580 2051
579 2050
578 2050
577 2050
576 2049
575 2049
574 2049
573 2049
572 2049
571 2049
570 2049
569 2049
568 2049
567 2049
566 2049
565 2049
564 2049
563 2049
562 2049
561 2050
560 2050
559 2050
558 2050
557 2050
556 2050
555 2050
554 2050
553 2051
552 2051
551 2051
550 2051
549 2051
548 2051
547 2052
546 2052
545 2052
544 2052
543 2053
542 2053
541 2053
540 2053
539 2054
538 2054
537 2054
536 2054
535 2054
534 2054
533 2054
532 2055
531 2055
530 2055
529 2055
528 2055
527 2055
526 2055
525 2055
524 2055
523 2055
522 2056
521 2056
520 2056
519 2056
518 2056
517 2056
516 2056
515 2056
514 2056
513 2055
512 2055
511 2055
510 2055
509 2055
508 2055
507 2055
506 2055
505 2055
504 2055
503 2055
502 2055
501 2055
500 2055
499 2055
498 2055
497 2055
496 2055
495 2055
494 2054
493 2054
492 2054
491 2054
490 2054
489 2054
488 2054
487 2053
486 2053
485 2053
484 2053
483 2052
482 2052
481 2052
480 2052
479 2052
478 2052
477 2052
476 2052
475 2052
474 2052
473 2052
472 2052
471 2051
470 2051
469 2051
468 2051
467 2051
466 2051
465 2051
464 2050
463 2050
462 2050
461 2049
460 2049
459 2049
458 2049
457 2049
456 2049
455 2049
454 2048
453 2048
452 2048
451 2048
450 2048
449 2048
448 2048
447 2048
446 2048
445 2048
444 2048
443 2048
442 2049
441 2049
440 2049
439 2049
438 2049
437 2049
436 2049
435 2049
434 2049
433 2049
432 2049
431 2049
430 2049
429 2049
428 2049
427 2049
426 2049
425 2049
424 2049
423 2049
422 2049
421 2049
420 2049
419 2049
418 2049
417 2049
416 2049
415 2049
414 2049
413 2049
412 2048
411 2048
410 2048
409 2048
408 2048
407 2048
406 2048
405 2048
404 2048
403 2048
402 2047
401 2047
400 2047
399 2047
398 2047
397 2047
396 2047
395 2047
394 2047
393 2047
392 2047
391 2047
390 2047
389 2047
388 2047
387 2047
386 2047
385 2047
384 2047
383 2047
382 2047
381 2047
380 2047
379 2047
378 2048
377 2048
376 2048
375 2048
374 2048
373 2048
372 2048
371 2048
370 2048
369 2048
368 2048
367 2048
366 2048
365 2048
364 2048
363 2048
362 2048
361 2048
360 2048
359 2048
358 2047
357 2047
356 2047
355 2047
354 2047
353 2047
352 2047
351 2046
350 2046
349 2046
348 2046
347 2046
346 2045
345 2045
344 2045
343 2044
342 2044
341 2044
340 2044
339 2044
338 2044
337 2043
336 2043
335 2043
334 2043
333 2043
332 2043
331 2043
330 2043
329 2043
328 2042
327 2042
326 2042
325 2042
324 2042
