440 2245
439 2246
438 2246
437 2246
436 2246
435 2246
434 2247
433 2247
432 2247
431 2247
430 2247
429 2247
428 2247
427 2247
426 2247
425 2247
424 2247
423 2248
422 2248
421 2248
420 2248
419 2248
418 2248
417 2248
416 2248
415 2247
414 2247
413 2247
412 2247
411 2247
410 2248
409 2248
408 2248
407 2248
406 2248
405 2248
404 2248
403 2248
402 2248
401 2249
400 2249
399 2249
398 2249
397 2249
396 2249
395 2249
394 2249
393 2249
392 2250
391 2250
390 2251
389 2251
388 2252
387 2252
386 2253
385 2253
384 2253
383 2253
382 2254
381 2254
380 2254
379 2254
378 2254
377 2254
376 2254
375 2254
374 2254
373 2254
372 2254
371 2254
370 2254
369 2254
368 2254
367 2254
366 2254
365 2254
364 2254
363 2255
362 2255
361 2255
360 2255
359 2255
358 2255
357 2255
356 2255
355 2255
354 2255
353 2255
352 2255
351 2255
350 2256
349 2256
348 2256
347 2256
346 2257
345 2257
344 2257
343 2258
342 2258
341 2258
340 2259
339 2259
338 2259
337 2260
336 2260
335 2260
334 2260
333 2261
332 2261
331 2261
330 2261
329 2261
328 2261
327 2261
326 2261
325 2262
324 2262
323 2262
322 2262
321 2263
320 2263
319 2263
318 2263
317 2264
316 2264
315 2264
314 2264
313 2264
312 2264
311 2264
310 2264
309 2264
308 2264
307 2264
306 2264
305 2264
304 2264
303 2264
302 2264
301 2264
300 2264
299 2264
298 2264
297 2264
296 2265
295 2265
294 2265
293 2266
292 2266
291 2266
290 2266
289 2266
288 2267
287 2267
286 2267
285 2267
284 2268
283 2268
282 2268
281 2268
280 2269
279 2269
278 2269
277 2269
276 2269
275 2270
274 2270
273 2270
272 2270
271 2270
270 2270
269 2270
268 2270
267 2270
266 2269
265 2269
264 2269
263 2269
262 2268
261 2268
260 2268
259 2268
258 2268
257 2268
256 2267
255 2267
254 2267
253 2267
252 2267
251 2268
250 2268
249 2268
248 2268
247 2269
246 2269
245 2270
244 2270
243 2271
242 2272
241 2272
240 2273
239 2274
238 2274
237 2275
236 2275
235 2276
234 2276
233 2276
232 2277
231 2277
230 2277
229 2278
228 2278
227 2278
226 2279
225 2279
224 2279
223 2280
222 2280
221 2280
220 2280
219 2281
218 2281
217 2281
216 2281
215 2281
214 2282
213 2282
212 2282
211 2283
210 2283
209 2283
208 2283
207 2284
206 2284
205 2284
204 2285
203 2285
202 2285
201 2285
200 2286
199 2286
198 2286
197 2287
196 2287
195 2287
194 2287
193 2288
192 2288
191 2289
190 2289
189 2290
188 2290
187 2290
186 2291
185 2291
184 2292
183 2292
182 2293
181 2293
180 2294
179 2295
178 2295
177 2296
176 2296
175 2297
174 2297
173 2298
172 2298
171 2298
170 2299
169 2299
168 2300
167 2300
166 2301
165 2301
164 2301
163 2302
162 2302
161 2302
160 2302
159 2302
158 2302
157 2302
156 2302
155 2303
154 2303
153 2303
152 2303
151 2303
150 2304
149 2304
148 2304
147 2304
146 2305
145 2305
144 2305
143 2305
142 2305
141 2306
140 2306
139 2306
138 2306
137 2306
136 2306
135 2307
134 2307
133 2307
132 2307
131 2307
130 2308
129 2308
128 2308
127 2309
126 2309
125 2309
124 2310
123 2310
122 2310
121 2311
120 2311
119 2312
118 2312
117 2313
116 2313
115 2313
114 2313
113 2313
112 2314
111 2314
110 2314
109 2315
108 2315
107 2315
106 2316
105 2317
104 2318
103 2319
102 2319
101 2320
100 2320
99 2321
98 2321
97 2322
96 2322
95 2323
94 2323
93 2324
92 2324
91 2324
90 2325
89 2325
88 2325
87 2325
86 2325
85 2325
84 2325
83 2325
82 2325
81 2325
80 2326
79 2326
78 2327
77 2327
76 2328
75 2328
74 2329
73 2329
72 2330
71 2331
70 2332
69 2333
68 2333
67 2334
66 2335
65 2336
64 2337
63 2338
62 2338
61 2339
60 2339
59 2340
58 2340
57 2340
56 2341
55 2341
54 2342
53 2342
52 2342
51 2343
50 2344
49 2345
48 2346
47 2346
46 2347
45 2348
44 2348
43 2349
42 2350
41 2351
40 2352
39 2352
38 2353
37 2354
36 2355
35 2356
35 2357
35 2358
35 2359
35 2360
36 2361
37 2362
38 2363
39 2364
40 2364
41 2365
42 2365
43 2366
44 2366
45 2367
46 2367
47 2368
48 2368
49 2369
50 2369
51 2369
52 2370
53 2370
54 2371
55 2371
56 2372
57 2373
58 2374
59 2374
60 2375
61 2376
62 2376
63 2377
64 2378
65 2379
66 2379
67 2380
68 2381
69 2381
70 2382
71 2383
72 2383
73 2384
74 2384
75 2385
76 2385
77 2386
78 2386
79 2387
80 2387
81 2388
82 2388
83 2388
84 2389
85 2389
86 2389
87 2390
88 2390
89 2390
90 2390
91 2391
92 2391
93 2391
94 2392
95 2392
96 2392
97 2392
98 2392
99 2393
100 2393
101 2393
102 2393
103 2393
104 2393
105 2394
106 2394
107 2394
108 2394
109 2394
110 2394
111 2395
112 2395
113 2395
114 2395
115 2395
116 2395
117 2395
118 2395
119 2395
120 2395
121 2396
122 2396
123 2396
124 2396
125 2397
126 2397
127 2397
128 2398
129 2398
130 2399
131 2400
132 2400
133 2401
134 2402
135 2403
136 2403
137 2404
138 2405
139 2405
140 2406
141 2406
142 2406
143 2406
144 2406
145 2406
146 2406
147 2406
148 2406
149 2406
150 2406
151 2406
152 2406
153 2406
154 2406
155 2406
156 2406
157 2406
158 2406
159 2406
160 2406
161 2406
162 2406
163 2407
164 2407
165 2407
166 2407
167 2407
168 2407
169 2407
170 2407
171 2407
172 2407
173 2408
174 2408
175 2408
176 2408
177 2409
178 2409
179 2410
180 2410
181 2410
182 2411
183 2411
184 2411
185 2412
186 2412
187 2413
188 2413
189 2413
190 2414
191 2414
192 2414
193 2414
194 2414
195 2414
196 2414
197 2414
198 2414
199 2414
200 2413
201 2413
202 2413
203 2413
204 2413
205 2413
206 2413
207 2413
208 2413
209 2412
210 2412
211 2412
212 2412
213 2412
214 2412
215 2412
216 2412
217 2412
218 2412
219 2412
220 2412
221 2412
222 2412
223 2413
224 2413
225 2413
226 2413
227 2413
228 2413
229 2414
230 2414
231 2414
232 2414
233 2415
234 2415
235 2415
236 2415
237 2416
238 2416
239 2416
240 2417
241 2418
242 2419
243 2420
244 2420
245 2421
246 2422
247 2422
248 2423
249 2423
250 2423
251 2424
252 2424
253 2424
254 2424
255 2425
256 2425
257 2425
258 2425
259 2425
260 2426
261 2426
262 2426
263 2426
264 2426
265 2426
266 2426
267 2426
268 2426
269 2426
270 2426
271 2426
272 2426
273 2426
274 2426
275 2427
276 2427
277 2427
278 2428
279 2428
280 2428
281 2428
282 2429
283 2429
284 2429
285 2430
286 2430
287 2430
288 2430
289 2430
290 2430
291 2430
292 2430
293 2430
294 2430
295 2430
296 2430
297 2430
298 2430
299 2430
300 2430
301 2430
302 2430
303 2430
304 2430
305 2430
306 2430
307 2430
308 2430
309 2430
310 2431
311 2431
312 2431
313 2432
314 2432
315 2432
316 2432
317 2433
318 2433
319 2433
320 2433
321 2434
322 2434
323 2434
324 2434
325 2434
326 2434
327 2435
328 2435
329 2435
330 2435
331 2435
332 2435
333 2435
334 2436
335 2436
336 2436
337 2436
338 2437
339 2437
340 2437
341 2437
342 2437
343 2437
344 2437
345 2438
346 2438
347 2438
348 2438
349 2438
350 2438
351 2438
352 2438
353 2438
354 2438
355 2438
356 2438
357 2438
358 2438
359 2438
360 2438
361 2438
362 2438
363 2438
364 2438
365 2438
366 2438
367 2438
368 2438
369 2438
370 2438
371 2438
372 2438
373 2438
374 2438
375 2438
376 2438
377 2438
378 2438
379 2438
380 2438
381 2438
382 2438
383 2439
384 2439
385 2439
386 2440
387 2440
388 2441
389 2441
390 2441
391 2441
392 2442
393 2442
394 2442
395 2442
396 2443
397 2443
398 2443
399 2443
400 2443
401 2443
402 2443
403 2443
404 2444
405 2444
406 2444
407 2444
408 2444
409 2443
410 2443
411 2443
412 2443
413 2443
414 2443
415 2443
416 2443
417 2443
418 2443
419 2444
420 2444
421 2444
422 2444
423 2444
424 2444
425 2444
426 2444
427 2444
428 2445
429 2445
430 2445
431 2445
432 2445
433 2445
434 2446
435 2446
436 2446
437 2446
438 2446
439 2446
440 2446
441 2446
442 2446
443 2446
444 2446
445 2446
446 2446
447 2446
448 2446
449 2446
450 2446
451 2446
452 2446
453 2446
454 2445
455 2445
456 2445
457 2445
458 2444
459 2444
460 2444
461 2444
462 2444
463 2444
464 2444
465 2444
466 2444
467 2444
468 2444
469 2444
470 2444
471 2444
472 2443
473 2443
474 2443
475 2443
476 2444
477 2444
478 2444
479 2444
480 2444
481 2444
482 2444
483 2443
484 2443
485 2443
486 2443
487 2442
488 2442
489 2441
490 2441
491 2441
492 2440
493 2440
494 2440
495 2439
496 2439
497 2438
498 2438
499 2438
500 2437
501 2437
502 2437
503 2436
504 2436
505 2436
506 2435
507 2435
508 2434
509 2434
510 2434
511 2434
512 2433
513 2433
514 2433
515 2433
516 2433
517 2433
518 2433
519 2433
520 2433
521 2433
522 2433
523 2433
524 2433
525 2433
526 2433
527 2433
528 2433
529 2433
530 2433
531 2433
532 2433
533 2433
534 2433
535 2433
536 2433
537 2433
538 2433
539 2433
540 2433
541 2433
542 2433
543 2433
544 2433
545 2433
546 2433
547 2433
548 2433
549 2433
550 2434
551 2434
552 2434
553 2434
554 2434
555 2434
556 2434
557 2433
558 2433
559 2434
560 2434
561 2434
562 2434
563 2435
564 2435
565 2435
566 2434
567 2434
568 2434
569 2433
570 2433
571 2432
572 2432
573 2432
574 2432
575 2432
576 2432
577 2431
578 2431
579 2431
580 2431
581 2431
582 2431
583 2430
584 2430
585 2430
586 2430
587 2429
588 2429
589 2429
590 2428
591 2428
592 2428
593 2427
594 2427
595 2427
596 2426
597 2426
598 2425
599 2425
600 2425
601 2424
602 2424
603 2424
604 2424
605 2424
606 2424
607 2423
608 2423
609 2423
610 2423
611 2423
612 2422
613 2422
614 2422
615 2422
616 2422
617 2423
618 2423
619 2422
620 2422
621 2422
622 2422
623 2422
624 2422
625 2421
626 2421
627 2421
628 2422
629 2422
630 2422
631 2422
632 2422
633 2422
634 2422
635 2421
636 2421
637 2421
638 2421
639 2421
640 2421
641 2421
642 2420
643 2420
644 2419
645 2419
646 2418
647 2418
648 2417
649 2416
650 2416
651 2415
651 2414
652 2413
652 2412
653 2411
653 2410
654 2409
654 2408
655 2407
655 2406
655 2405
655 2404
656 2403
656 2402
656 2401
656 2400
656 2399
656 2398
656 2397
656 2396
656 2395
656 2394
657 2393
657 2392
657 2391
658 2390
658 2389
658 2388
658 2387
658 2386
658 2385
658 2384
659 2383
659 2382
660 2381
660 2380
660 2379
661 2378
662 2377
663 2376
664 2375
665 2374
665 2373
666 2372
667 2371
668 2370
669 2369
669 2368
669 2367
669 2366
669 2365
669 2364
669 2363
669 2362
669 2361
669 2360
669 2359
669 2358
669 2357
669 2356
669 2355
669 2354
669 2353
669 2352
669 2351
669 2350
669 2349
669 2348
669 2347
670 2346
669 2345
669 2344
669 2343
669 2342
669 2341
670 2340
669 2339
669 2338
669 2337
669 2336
669 2335
669 2334
668 2333
668 2332
668 2331
667 2330
667 2329
667 2328
667 2327
667 2326
667 2325
666 2324
666 2323
666 2322
666 2321
666 2320
666 2319
666 2318
666 2317
666 2316
666 2315
666 2314
666 2313
665 2312
665 2311
665 2310
665 2309
665 2308
664 2307
664 2306
664 2305
663 2304
663 2303
662 2302
662 2301
661 2300
660 2299
659 2298
658 2297
657 2296
656 2295
655 2295
654 2294
653 2293
652 2292
651 2292
650 2291
649 2291
648 2290
647 2290
646 2289
645 2288
644 2288
643 2287
642 2286
641 2286
640 2285
639 2284
638 2283
637 2283
636 2282
635 2282
634 2281
633 2280
632 2280
631 2279
630 2279
629 2278
628 2278
627 2278
626 2277
625 2277
624 2276
623 2275
622 2275
621 2274
620 2274
619 2273
618 2273
617 2272
616 2271
615 2271
614 2270
613 2270
612 2269
611 2269
610 2269
609 2268
608 2268
607 2268
606 2267
605 2267
604 2266
603 2266
602 2265
601 2265
600 2264
599 2264
598 2264
597 2263
596 2263
595 2263
594 2262
593 2262
592 2261
591 2261
590 2260
589 2260
588 2260
587 2259
586 2259
585 2259
584 2258
583 2258
582 2257
581 2257
580 2257
579 2257
578 2257
577 2256
576 2256
575 2256
574 2256
573 2256
572 2256
571 2256
570 2256
569 2256
568 2256
567 2255
566 2255
565 2255
564 2255
563 2254
562 2254
561 2254
560 2254
559 2253
558 2253
557 2253
556 2253
555 2253
554 2253
553 2252
552 2252
551 2252
550 2252
549 2252
548 2252
547 2251
546 2251
545 2251
544 2250
543 2250
542 2250
541 2250
540 2250
539 2250
538 2250
537 2250
536 2250
535 2250
534 2250
533 2250
532 2250
531 2250
530 2250
529 2249
528 2249
527 2249
526 2249
525 2249
524 2249
523 2249
522 2249
521 2249
520 2249
519 2250
518 2250
517 2251
516 2251
515 2252
514 2252
513 2253
512 2253
511 2254
510 2254
509 2254
508 2254
507 2255
506 2255
505 2255
504 2255
503 2256
502 2256
501 2257
500 2257
499 2257
498 2257
497 2257
496 2257
495 2257
494 2257
493 2257
492 2257
491 2257
490 2257
489 2257
488 2257
487 2256
486 2256
485 2256
484 2255
483 2254
482 2253
481 2252
481 2251
480 2250
479 2249
478 2249
477 2248
476 2248
475 2248
474 2248
473 2248
472 2247
471 2247
470 2247
469 2247
468 2247
467 2247
466 2247
465 2246
464 2246
463 2246
462 2246
461 2245
460 2245
459 2245
458 2245
457 2245
456 2245
455 2245
454 2245
453 2245
452 2245
451 2245
450 2245
449 2245
448 2245
447 2245
446 2245
445 2245
444 2245
443 2245
442 2245
441 2245
440 2245
