397 37
396 38
395 38
394 38
393 38
392 38
391 38
390 38
389 38
388 38
387 39
386 39
385 39
384 40
383 40
382 40
381 40
380 40
379 40
378 40
377 40
376 40
375 40
374 40
373 40
372 40
371 40
370 40
369 40
368 39
367 39
366 39
365 39
364 39
363 39
362 39
361 39
360 39
359 39
358 39
357 39
356 39
355 39
354 39
353 39
352 39
351 39
350 39
349 38
348 38
347 38
346 38
345 38
344 38
343 38
342 38
341 38
340 38
339 38
338 39
337 39
336 39
335 39
334 40
333 40
332 41
331 41
330 41
329 41
328 42
327 42
326 43
325 43
324 43
323 43
322 43
321 43
320 44
319 44
318 44
317 44
316 44
315 44
314 44
313 44
312 44
311 44
310 44
309 44
308 44
307 45
306 45
305 45
304 45
303 45
302 46
301 46
300 46
299 46
298 46
297 46
296 46
295 46
294 46
293 46
292 46
291 46
290 46
289 46
288 46
287 46
286 46
285 46
284 46
283 46
282 46
281 46
280 46
279 46
278 46
277 46
276 46
275 46
274 47
273 47
272 47
271 47
270 48
269 48
268 48
267 48
266 48
265 49
264 49
263 49
262 49
261 49
260 49
259 49
258 49
257 49
256 49
255 49
254 49
253 49
252 49
251 49
250 49
249 49
248 49
247 49
246 49
245 49
244 49
243 49
242 49
241 50
240 50
239 50
238 50
237 51
236 51
235 51
234 51
233 51
232 51
231 51
230 51
229 51
228 51
227 52
226 52
225 52
224 52
223 53
222 53
221 53
220 54
219 54
218 54
217 54
216 55
215 55
214 55
213 55
212 56
211 56
210 56
209 56
208 56
207 56
206 56
205 57
204 57
203 57
202 57
201 58
200 58
199 58
198 58
197 58
196 58
195 58
194 58
193 59
192 59
191 59
190 59
189 59
188 59
187 59
186 59
185 59
184 60
183 60
182 60
181 60
180 60
179 60
178 60
177 60
176 60
175 60
174 60
173 60
172 59
171 59
170 59
169 59
168 59
167 59
166 59
165 59
164 59
163 59
162 59
161 59
160 59
159 59
158 59
157 59
156 59
155 59
154 59
153 60
152 60
151 60
150 60
149 61
148 61
147 61
146 61
145 61
144 61
143 61
142 61
141 61
140 61
139 61
138 61
137 61
136 60
135 60
134 60
133 60
132 59
131 59
130 59
129 59
128 59
127 60
126 60
125 60
124 60
123 61
122 61
121 61
120 62
119 62
118 62
117 63
116 63
115 63
114 64
113 64
112 64
111 64
110 65
109 65
108 65
107 65
106 66
105 66
104 67
103 67
102 68
101 69
100 69
99 69
98 70
97 71
96 71
95 72
94 72
93 73
92 73
91 73
90 74
89 74
88 75
87 75
86 75
85 75
84 76
83 76
82 76
81 77
80 77
79 77
78 76
77 77
76 77
75 77
74 78
73 78
72 78
71 79
70 79
69 79
68 80
67 80
66 80
65 80
64 81
63 81
62 82
61 82
60 82
59 83
58 83
57 83
56 83
55 84
54 84
53 84
52 84
51 84
50 84
49 84
48 84
47 84
46 84
45 84
44 85
43 85
42 85
41 85
40 86
39 86
38 87
37 88
36 89
35 89
34 90
33 90
32 91
31 91
30 92
29 92
28 93
27 93
26 94
25 94
24 95
23 96
23 97
22 98
22 99
23 100
23 101
23 102
24 103
24 104
25 105
25 106
25 107
26 108
26 109
27 110
27 111
28 112
28 113
29 114
29 115
30 116
30 117
31 118
31 119
32 120
32 121
33 122
34 123
34 124
35 125
36 126
37 127
38 128
39 128
40 129
41 130
42 130
43 131
44 131
45 132
46 132
47 132
48 132
49 132
50 133
51 133
52 133
53 134
54 134
55 134
56 134
57 134
58 134
59 134
60 134
61 134
62 134
63 134
64 134
65 134
66 134
67 135
68 135
69 136
70 136
71 137
72 137
73 138
74 138
75 138
76 138
77 139
78 139
79 139
80 140
81 140
82 141
83 142
84 142
85 143
86 143
87 143
88 143
89 144
90 144
91 145
92 146
93 146
94 147
95 147
96 148
97 149
98 149
99 150
100 150
101 151
102 151
103 152
104 152
105 153
106 153
107 154
108 155
109 156
110 156
111 157
112 158
113 158
114 159
115 160
116 160
117 161
118 161
119 161
120 162
121 162
122 163
123 163
124 164
125 164
126 164
127 164
128 164
129 164
130 164
131 164
132 164
133 164
134 164
135 164
136 164
137 165
138 165
139 165
140 165
141 165
142 166
143 166
144 166
145 166
146 166
147 166
148 166
149 167
150 167
151 167
152 167
153 168
154 168
155 168
156 168
157 168
158 168
159 168
160 168
161 168
162 168
163 168
164 168
165 168
166 168
167 168
168 167
169 167
170 167
171 166
172 166
173 166
174 166
175 165
176 165
177 165
178 165
179 165
180 165
181 165
182 165
183 165
184 165
185 165
186 165
187 165
188 165
189 165
190 165
191 165
192 165
193 165
194 165
195 165
196 165
197 165
198 165
199 165
200 165
201 165
202 165
203 165
204 165
205 164
206 164
207 164
208 164
209 164
210 164
211 164
212 164
213 164
214 164
215 164
216 164
217 164
218 164
219 164
220 164
221 164
222 164
223 164
224 164
225 164
226 164
227 164
228 164
229 164
230 164
231 164
232 164
233 164
234 164
235 164
236 164
237 164
238 164
239 165
240 165
241 166
242 166
243 167
244 167
245 167
246 168
247 168
248 168
249 168
250 169
251 169
252 169
253 169
254 169
255 169
256 169
257 170
258 170
259 170
260 170
261 170
262 170
263 170
264 170
265 170
266 170
267 170
268 171
269 171
270 171
271 171
272 171
273 171
274 171
275 171
276 171
277 171
278 171
279 171
280 171
281 171
282 171
283 171
284 171
285 171
286 171
287 171
288 171
289 171
290 171
291 172
292 172
293 172
294 172
295 172
296 173
297 173
298 174
299 174
300 175
301 175
302 175
303 175
304 176
305 176
306 177
307 177
308 178
309 178
310 178
311 179
312 179
313 179
314 179
315 179
316 179
317 178
318 178
319 178
320 178
321 178
322 178
323 177
324 177
325 177
326 177
327 177
328 177
329 177
330 177
331 176
332 176
333 176
334 176
335 176
336 176
337 176
338 176
339 176
340 176
341 176
342 176
343 176
344 176
345 176
346 175
347 175
348 175
349 175
350 175
351 175
352 175
353 175
354 174
355 174
356 174
357 174
358 174
359 174
360 174
361 174
362 174
363 174
364 174
365 174
366 173
367 173
368 173
369 173
370 173
371 172
372 172
373 172
374 172
375 172
376 172
377 172
378 172
379 172
380 172
381 172
382 172
383 172
384 172
385 173
386 173
387 173
388 173
389 173
390 174
391 174
392 175
393 175
394 175
395 176
396 176
397 176
398 176
399 177
400 177
401 177
402 177
403 177
404 177
405 177
406 177
407 177
408 178
409 178
410 178
411 178
412 178
413 178
414 178
415 178
416 178
417 178
418 178
419 177
420 177
421 177
422 177
423 177
424 177
425 176
426 176
427 176
428 176
429 176
430 176
431 176
432 176
433 176
434 176
435 176
436 176
437 176
438 176
439 176
440 175
441 175
442 175
443 175
444 174
445 174
446 174
447 174
448 173
449 173
450 173
451 172
452 172
453 172
454 172
455 171
456 171
457 171
458 171
459 171
460 171
461 171
462 170
463 170
464 170
465 170
466 170
467 170
468 170
469 170
470 170
471 170
472 170
473 170
474 170
475 170
476 170
477 170
478 170
479 170
480 170
481 169
482 169
483 169
484 169
485 169
486 169
487 169
488 169
489 169
490 169
491 169
492 169
493 169
494 168
495 168
496 168
497 168
498 168
499 168
500 168
501 168
502 168
503 168
504 168
505 168
506 168
507 168
508 168
509 168
510 167
511 167
512 167
513 166
514 166
515 166
516 166
517 166
518 166
519 166
520 166
521 166
522 166
523 166
524 166
525 166
526 166
527 166
528 166
529 166
530 166
531 166
532 166
533 166
534 166
535 166
536 166
537 166
538 165
539 165
540 165
541 165
542 165
543 165
544 165
545 165
546 165
547 165
548 165
549 165
550 165
551 165
552 165
553 165
554 165
555 165
556 165
557 165
558 165
559 165
560 164
561 164
562 164
563 164
564 164
565 163
566 163
567 163
568 163
569 163
570 163
571 163
572 162
573 162
574 162
575 162
576 161
577 161
578 161
579 161
580 160
581 160
582 160
583 159
584 159
585 159
586 159
587 159
588 159
589 159
590 158
591 158
592 158
593 158
594 158
595 157
596 157
597 156
598 156
599 156
600 156
601 155
602 155
603 155
604 155
605 155
606 155
607 154
608 154
609 154
610 153
611 153
612 153
613 152
614 152
615 152
616 151
617 151
618 150
619 150
620 150
621 150
622 149
623 149
624 149
625 149
626 149
627 149
628 149
629 149
630 148
631 148
632 148
633 147
634 147
635 146
636 146
637 145
638 145
639 145
640 144
641 144
642 143
643 143
644 142
645 142
646 142
647 141
648 141
649 140
650 139
651 139
652 139
653 138
654 137
655 137
656 136
657 135
658 134
659 134
660 133
661 132
662 131
663 131
664 130
665 129
666 128
667 127
668 127
669 126
670 125
671 125
672 124
673 123
674 123
675 122
676 122
677 121
678 121
679 120
680 119
681 118
682 117
683 116
684 115
685 114
686 113
687 112
688 111
689 110
689 109
689 108
690 107
690 106
691 105
691 104
691 103
691 102
691 101
691 100
691 99
691 98
691 97
691 96
691 95
691 94
691 93
691 92
691 91
691 90
690 89
690 88
690 87
690 86
689 85
689 84
689 83
689 82
688 81
688 80
688 79
688 78
687 77
687 76
686 75
686 74
685 73
685 72
684 71
683 70
682 70
681 69
680 68
679 68
678 68
677 67
676 67
675 66
674 66
673 65
672 64
671 64
670 63
669 63
668 62
667 62
666 62
665 61
664 61
663 61
662 61
661 61
660 61
659 61
658 61
657 61
656 60
655 60
654 60
653 60
652 60
651 60
650 60
649 60
648 60
647 59
646 59
645 59
644 59
643 59
642 58
641 58
640 58
639 58
638 57
637 57
636 57
635 57
634 57
633 57
632 57
631 57
630 56
629 56
628 56
627 56
626 56
625 56
624 56
623 56
622 56
621 56
620 55
619 55
618 55
617 54
616 54
615 54
614 53
613 53
612 53
611 52
610 52
609 52
608 52
607 52
606 52
605 51
604 51
603 51
602 51
601 51
600 51
599 50
598 50
597 50
596 50
595 50
594 50
593 50
592 50
591 50
590 50
589 50
588 50
587 50
586 50
585 50
584 50
583 50
582 50
581 50
580 50
579 50
578 49
577 49
576 49
575 49
574 49
573 49
572 48
571 48
570 48
569 48
568 48
567 48
566 48
565 48
564 48
563 47
562 47
561 47
560 47
559 47
558 47
557 47
556 47
555 47
554 47
553 46
552 46
551 46
550 46
549 46
548 46
547 46
546 46
545 46
544 46
543 46
542 45
541 45
540 45
539 45
538 45
537 45
536 45
535 45
534 46
533 46
532 46
531 46
530 46
529 46
528 46
527 46
526 46
525 46
524 46
523 46
522 46
521 46
520 46
519 46
518 46
517 46
516 46
515 46
514 46
513 46
512 46
511 46
510 46
509 46
508 46
507 46
506 46
505 46
504 46
503 46
502 46
501 46
500 46
499 46
498 46
497 46
496 46
495 45
494 45
493 45
492 45
491 45
490 45
489 45
488 45
487 45
486 44
485 44
484 44
483 44
482 43
481 43
480 43
479 43
478 43
477 43
476 43
475 42
474 42
473 42
472 42
471 42
470 42
469 42
468 42
467 42
466 42
465 42
464 42
463 42
462 42
461 42
460 42
459 42
458 42
457 41
456 41
455 41
454 41
453 41
452 41
451 41
450 41
449 40
448 40
447 40
446 40
445 39
444 39
443 39
442 39
441 38
440 38
439 38
438 37
437 37
436 37
435 37
434 37
433 37
432 37
431 37
430 37
429 37
428 37
427 37
426 37
425 37
424 37
423 37
422 37
421 37
420 37
419 37
418 37
417 37
416 37
415 37
414 37
413 37
412 37
411 37
410 37
409 37
408 37
407 37
406 37
405 37
404 37
403 37
402 37
401 37
400 37
399 37
398 37
397 37
