364 218
363 219
362 219
361 219
360 219
359 219
358 219
357 219
356 219
355 219
354 219
353 219
352 219
351 219
350 220
349 220
348 221
347 221
346 221
345 221
344 221
343 221
342 221
341 221
340 221
339 222
338 222
337 222
336 222
335 223
334 223
333 223
332 223
331 223
330 223
329 223
328 223
327 223
326 223
325 223
324 223
323 223
322 223
321 223
320 224
319 224
318 224
317 225
316 225
315 225
314 225
313 225
312 225
311 225
310 225
309 225
308 225
307 225
306 224
305 224
304 224
303 224
302 224
301 224
300 224
299 223
298 223
297 223
296 223
295 223
294 222
293 222
292 222
291 221
290 221
289 221
288 221
287 220
286 220
285 220
284 220
283 220
282 220
281 220
280 220
279 220
278 220
277 220
276 220
275 220
274 220
273 220
272 220
271 220
270 221
269 221
268 221
267 221
266 222
265 222
264 222
263 223
262 223
261 223
260 223
259 223
258 224
257 224
256 224
255 224
254 224
253 225
252 225
251 225
250 226
249 226
248 226
247 226
246 226
245 226
244 227
243 227
242 227
241 227
240 228
239 228
238 228
237 228
236 228
235 228
234 228
233 228
232 228
231 228
230 228
229 228
228 228
227 228
226 228
225 228
224 227
223 228
222 228
221 228
220 229
219 229
218 229
217 229
216 230
215 230
214 230
213 230
212 231
211 231
210 231
209 232
208 232
207 232
206 232
205 232
204 232
203 233
202 233
201 233
200 233
199 233
198 233
197 233
196 233
195 233
194 233
193 233
192 233
191 233
190 233
189 233
188 233
187 234
186 234
185 234
184 234
183 234
182 234
181 234
180 234
179 234
178 234
177 234
176 234
175 234
174 234
173 234
172 234
171 234
170 234
169 234
168 234
167 234
166 234
165 234
164 234
163 234
162 234
161 234
160 234
159 235
158 235
157 236
156 236
155 236
154 237
153 237
152 238
151 238
150 239
149 239
148 239
147 240
146 240
145 241
144 241
143 242
142 242
141 243
140 243
139 244
138 244
137 244
136 245
135 245
134 245
133 246
132 246
131 247
130 247
129 247
128 247
127 248
126 248
125 248
124 249
123 249
122 249
121 249
120 249
119 250
118 250
117 251
116 251
115 252
114 252
113 253
112 253
111 254
110 254
109 254
108 255
107 255
106 256
105 256
104 256
103 257
102 257
101 258
100 258
99 259
98 259
97 260
96 260
95 260
94 261
93 261
92 261
91 262
90 262
89 263
88 263
87 264
86 265
85 265
84 266
83 267
82 267
81 268
80 268
79 269
78 269
77 270
76 270
75 270
74 271
73 271
72 272
71 272
70 272
69 273
68 273
67 274
66 274
65 275
64 275
63 276
62 276
61 277
60 277
59 278
58 278
57 279
56 279
55 280
54 281
53 281
52 281
51 281
50 282
49 282
48 282
47 283
46 284
45 284
44 285
43 285
42 286
41 286
40 286
39 286
38 287
37 287
36 288
35 289
34 289
33 290
32 290
31 291
30 292
30 293
29 294
29 295
28 296
27 297
27 298
27 299
26 300
26 301
25 302
25 303
25 304
25 305
25 306
24 307
24 308
24 309
24 310
24 311
24 312
24 313
24 314
25 315
25 316
26 317
27 317
28 318
29 318
30 319
31 319
32 320
33 320
34 320
35 321
36 321
37 321
38 322
39 322
40 322
41 322
42 322
43 322
44 322
45 323
46 323
47 323
48 324
49 324
50 324
51 325
52 325
53 325
54 326
55 326
56 326
57 327
58 327
59 327
60 328
61 328
62 328
63 329
64 329
65 329
66 330
67 330
68 330
69 331
70 331
71 331
72 331
73 332
74 332
75 332
76 333
77 333
78 334
79 334
80 334
81 335
82 335
83 335
84 336
85 336
86 336
87 337
88 337
89 337
90 338
91 338
92 338
93 339
94 339
95 339
96 340
97 340
98 340
99 341
100 341
101 341
102 342
103 342
104 342
105 342
106 343
107 344
108 344
109 345
110 346
111 346
112 347
113 347
114 348
115 348
116 349
117 349
118 350
119 350
120 351
121 351
122 351
123 352
124 352
125 352
126 352
127 353
128 353
129 353
130 353
131 353
132 354
133 354
134 354
135 354
136 354
137 354
138 355
139 355
140 355
141 355
142 355
143 355
144 355
145 356
146 356
147 356
148 356
149 357
150 357
151 357
152 357
153 357
154 358
155 358
156 358
157 359
158 359
159 359
160 359
161 359
162 359
163 360
164 360
165 360
166 360
167 360
168 361
169 361
170 361
171 361
172 362
173 362
174 362
175 362
176 362
177 362
178 362
179 363
180 363
181 363
182 363
183 363
184 363
185 363
186 363
187 363
188 363
189 363
190 363
191 363
192 363
193 363
194 363
195 363
196 363
197 363
198 363
199 363
200 364
201 364
202 364
203 364
204 364
205 364
206 364
207 364
208 364
209 365
210 365
211 365
212 365
213 365
214 365
215 365
216 365
217 366
218 366
219 366
220 366
221 366
222 366
223 366
224 366
225 366
226 366
227 366
228 366
229 366
230 366
231 366
232 366
233 366
234 366
235 366
236 366
237 366
238 366
239 366
240 366
241 367
242 366
243 366
244 366
245 366
246 366
247 367
248 367
249 367
250 367
251 367
252 367
253 367
254 367
255 366
256 366
257 366
258 366
259 366
260 366
261 366
262 367
263 367
264 367
265 367
266 368
267 368
268 368
269 368
270 369
271 369
272 369
273 369
274 369
275 369
276 370
277 370
278 370
279 370
280 370
281 370
282 370
283 370
284 370
285 370
286 370
287 370
288 370
289 370
290 370
291 370
292 370
293 370
294 370
295 370
296 370
297 370
298 370
299 370
300 370
301 370
302 370
303 370
304 370
305 370
306 370
307 370
308 370
309 370
310 370
311 370
312 370
313 370
314 370
315 370
316 370
317 370
318 370
319 370
320 370
321 370
322 370
323 370
324 370
325 370
326 370
327 371
328 371
329 371
330 371
331 371
332 371
333 371
334 372
335 372
336 372
337 372
338 373
339 373
340 373
341 373
342 373
343 373
344 373
345 373
346 373
347 373
348 373
349 374
350 374
351 374
352 374
353 374
354 374
355 374
356 374
357 375
358 375
359 375
360 375
361 375
362 375
363 376
364 376
365 376
366 376
367 376
368 376
369 377
370 377
371 377
372 377
373 377
374 378
375 378
376 378
377 379
378 379
379 379
380 379
381 380
382 380
383 380
384 380
385 380
386 381
387 381
388 381
389 382
390 382
391 382
392 383
393 383
394 383
395 384
396 384
397 384
398 384
399 384
400 385
401 385
402 385
403 385
404 385
405 385
406 385
407 385
408 385
409 385
410 385
411 385
412 385
413 385
414 385
415 385
416 385
417 385
418 385
419 385
420 385
421 385
422 385
423 385
424 385
425 385
426 385
427 385
428 385
429 385
430 385
431 385
432 384
433 384
434 384
435 384
436 384
437 384
438 384
439 384
440 384
441 383
442 383
443 383
444 382
445 382
446 382
447 382
448 381
449 381
450 381
451 381
452 381
453 381
454 381
455 380
456 380
457 380
458 380
459 380
460 380
461 380
462 380
463 380
464 380
465 380
466 380
467 380
468 380
469 380
470 380
471 380
472 380
473 380
474 380
475 380
476 380
477 380
478 380
479 380
480 380
481 380
482 380
483 380
484 380
485 381
486 381
487 381
488 381
489 381
490 381
491 381
492 381
493 382
494 382
495 382
496 382
497 382
498 382
499 382
500 382
501 382
502 382
503 382
504 382
505 382
506 382
507 382
508 382
509 382
510 382
511 382
512 381
513 381
514 381
515 381
516 381
517 380
518 380
519 380
520 380
521 380
522 380
523 380
524 379
525 379
526 379
527 379
528 379
529 379
530 378
531 378
532 378
533 377
534 377
535 377
536 376
537 376
538 376
539 376
540 376
541 375
542 375
543 375
544 375
545 375
546 375
547 375
548 374
549 374
550 374
551 374
552 374
553 374
554 374
555 374
556 373
557 373
558 373
559 373
560 373
561 372
562 372
563 372
564 372
565 372
566 372
567 371
568 371
569 371
570 371
571 370
572 370
573 369
574 369
575 369
576 368
577 368
578 367
579 367
580 366
581 366
582 366
583 365
584 365
585 365
586 364
587 364
588 364
589 364
590 364
591 363
592 363
593 363
594 363
595 363
596 363
597 363
598 363
599 362
600 362
601 362
602 362
603 362
604 362
605 362
606 362
607 362
608 362
609 362
610 362
611 362
612 362
613 362
614 362
615 362
616 362
617 362
618 362
619 362
620 362
621 362
622 362
623 362
624 362
625 362
626 361
627 361
628 361
629 361
630 361
631 360
632 360
633 360
634 360
635 359
636 359
637 359
638 358
639 358
640 358
641 358
642 357
643 357
644 357
645 357
646 357
647 357
648 357
649 356
650 356
651 356
652 356
653 355
654 355
655 355
656 355
657 354
658 354
659 354
660 354
661 353
662 353
663 352
664 352
665 351
666 351
667 350
668 350
669 349
670 349
671 348
672 348
673 348
674 347
675 347
676 346
677 345
678 345
679 344
680 344
681 343
682 343
683 343
684 342
685 342
686 341
687 340
688 339
689 338
690 337
690 336
691 335
691 334
691 333
692 332
692 331
692 330
692 329
692 328
692 327
692 326
692 325
692 324
692 323
692 322
692 321
692 320
691 319
691 318
691 317
691 316
691 315
691 314
692 313
692 312
692 311
692 310
692 309
691 308
691 307
691 306
691 305
691 304
691 303
690 302
690 301
690 300
689 299
689 298
689 297
689 296
689 295
688 294
688 293
687 292
687 291
687 290
687 289
686 288
686 287
686 286
687 285
687 284
687 283
687 282
687 281
687 280
687 279
687 278
687 277
687 276
687 275
686 274
686 273
686 272
686 271
685 270
684 269
684 268
684 267
683 266
683 265
682 264
682 263
681 262
680 261
680 260
679 259
678 258
677 257
676 256
676 255
676 254
675 253
674 252
673 251
672 250
672 249
671 248
671 247
670 246
670 245
669 244
669 243
669 242
668 241
667 240
666 239
665 238
665 237
664 236
663 235
662 234
661 234
660 233
659 233
658 233
657 232
656 232
655 232
654 232
653 232
652 231
651 231
650 231
649 230
648 230
647 230
646 230
645 230
644 230
643 230
642 230
641 230
640 230
639 230
638 229
637 229
636 229
635 229
634 228
633 228
632 228
631 228
630 228
629 228
628 227
627 228
626 227
625 227
624 228
623 228
622 228
621 228
620 229
619 229
618 229
617 229
616 229
615 229
614 229
613 229
612 229
611 229
610 229
609 229
608 228
607 228
606 228
605 228
604 228
603 227
602 227
601 227
600 226
599 226
598 226
597 225
596 225
595 225
594 224
593 224
592 224
591 223
590 223
589 223
588 223
587 223
586 223
585 223
584 223
583 223
582 223
581 222
580 222
579 222
578 222
577 221
576 221
575 221
574 220
573 220
572 220
571 220
570 220
569 220
568 220
567 220
566 220
565 220
564 220
563 220
562 220
561 220
560 221
559 221
558 221
557 222
556 222
555 222
554 222
553 222
552 222
551 223
550 223
549 223
548 223
547 223
546 223
545 223
544 223
543 223
542 223
541 223
540 223
539 223
538 222
537 222
536 222
535 222
534 221
533 221
532 220
531 220
530 219
529 219
528 219
527 219
526 218
525 218
524 218
523 218
522 218
521 218
520 218
519 218
518 219
517 219
516 219
515 219
514 219
513 219
512 219
511 219
510 219
509 219
508 219
507 219
506 219
505 219
504 220
503 220
502 220
501 221
500 221
499 220
498 220
497 220
496 220
495 220
494 220
493 220
492 220
491 220
490 220
489 219
488 219
487 219
486 219
485 219
484 219
483 219
482 219
481 218
480 218
479 218
478 218
477 218
476 218
475 218
474 218
473 218
472 218
471 218
470 218
469 218
468 218
467 219
466 219
465 219
464 219
463 219
462 219
461 220
460 220
459 220
458 220
457 220
456 220
455 220
454 220
453 220
452 220
451 220
450 220
449 220
448 220
447 220
446 220
445 220
444 220
443 220
442 220
441 220
440 220
439 219
438 219
437 219
436 219
435 219
434 219
433 218
432 218
431 218
430 218
429 218
428 218
427 218
426 218
425 218
424 218
423 218
422 218
421 218
420 218
419 218
418 218
417 218
416 218
415 218
414 218
413 219
412 219
411 219
410 219
409 219
408 219
407 220
406 220
405 220
404 220
403 220
402 220
401 220
400 220
399 220
398 220
397 220
396 220
395 220
394 220
393 220
392 220
391 220
390 220
389 220
388 220
387 220
386 220
385 220
384 220
383 220
382 220
381 220
380 219
379 219
378 219
377 219
376 219
375 219
374 219
373 219
372 218
371 218
370 218
369 218
368 218
367 218
366 218
365 218
364 218
