564 431
563 432
562 432
561 432
560 432
559 433
558 433
557 434
556 434
555 435
554 435
553 435
552 436
551 436
550 437
549 437
548 438
547 438
546 439
545 439
544 440
543 440
542 440
541 441
540 441
539 441
538 442
537 442
536 442
535 442
534 443
533 443
532 443
531 443
530 443
529 443
528 442
527 442
526 442
525 442
524 442
523 441
522 441
521 440
520 440
519 440
518 440
517 440
516 439
515 439
514 439
513 439
512 439
511 439
510 439
509 439
508 439
507 439
506 439
505 439
504 438
503 438
502 438
501 438
500 438
499 438
498 437
497 437
496 437
495 437
494 437
493 437
492 437
491 438
490 438
489 438
488 439
487 439
486 439
485 439
484 439
483 439
482 439
481 439
480 439
479 439
478 440
477 440
476 440
475 440
474 440
473 440
472 440
471 441
470 441
469 441
468 441
467 441
466 441
465 441
464 441
463 441
462 441
461 441
460 441
459 441
458 441
457 441
456 441
455 441
454 441
453 441
452 441
451 441
450 440
449 440
448 440
447 440
446 440
445 440
444 440
443 440
442 440
441 440
440 441
439 441
438 441
437 441
436 441
435 441
434 441
433 441
432 441
431 441
430 441
429 441
428 441
427 441
426 441
425 441
424 441
423 441
422 441
421 440
420 440
419 440
418 440
417 440
416 440
415 440
414 440
413 440
412 440
411 440
410 440
409 441
408 441
407 441
406 441
405 441
404 441
403 440
402 440
401 440
400 440
399 440
398 440
397 440
396 440
395 440
394 440
393 439
392 439
391 439
390 439
389 439
388 439
387 439
386 439
385 439
384 439
383 439
382 439
381 438
380 438
379 438
378 438
377 438
376 439
375 439
374 439
373 439
372 439
371 439
370 440
369 440
368 440
367 440
366 440
365 440
364 440
363 440
362 440
361 440
360 440
359 440
358 439
357 439
356 439
355 439
354 439
353 439
352 439
351 439
350 439
349 439
348 438
347 438
346 438
345 438
344 438
343 438
342 437
341 437
340 437
339 437
338 437
337 437
336 437
335 437
334 437
333 437
332 437
331 436
330 436
329 435
328 435
327 435
326 435
325 435
324 435
323 435
322 435
321 435
320 435
319 435
318 435
317 435
316 435
315 435
314 435
313 435
312 435
311 435
310 435
309 435
308 436
307 436
306 436
305 436
304 436
303 436
302 436
301 437
300 437
299 437
298 437
297 437
296 437
295 437
294 437
293 437
292 437
291 437
290 437
289 437
288 437
287 436
286 437
285 437
284 437
283 437
282 437
281 437
280 437
279 438
278 438
277 439
276 440
275 440
274 440
273 440
272 441
271 441
270 441
269 441
268 441
267 441
266 441
265 441
264 441
263 441
262 441
261 440
260 440
259 440
258 440
257 440
256 440
255 440
254 440
253 440
252 440
251 440
250 440
249 441
248 441
247 441
246 441
245 441
244 441
243 442
242 442
241 442
240 442
239 443
238 443
237 444
236 444
235 445
234 445
233 445
232 446
231 446
230 446
229 446
228 446
227 447
226 447
225 447
224 447
223 447
222 447
221 447
220 447
219 447
218 448
217 448
216 448
215 448
214 448
213 449
212 449
211 450
210 451
209 452
208 453
208 454
207 455
206 456
206 457
205 458
204 459
203 460
202 461
202 462
201 463
200 464
199 465
199 466
198 467
197 468
196 469
195 470
194 471
193 472
192 473
191 474
190 474
189 475
188 476
187 477
186 478
185 479
184 479
183 480
182 480
181 481
180 482
179 482
178 483
177 483
176 484
175 484
174 485
173 485
172 486
171 486
170 487
169 487
168 487
167 488
166 488
165 488
164 489
163 489
162 489
161 489
160 489
159 490
158 490
157 490
156 490
155 491
154 491
153 491
152 492
151 492
150 492
149 492
148 493
147 493
146 493
145 493
144 493
143 493
142 493
141 493
140 493
139 493
138 493
137 493
136 493
135 494
134 494
133 494
132 494
131 494
130 494
129 494
128 494
127 494
126 494
125 494
124 494
123 494
122 494
121 493
120 493
119 493
118 493
117 493
116 493
115 493
114 493
113 493
112 493
111 493
110 493
109 493
108 493
107 493
106 493
105 493
104 493
103 493
102 493
101 493
100 493
99 493
98 494
97 494
96 494
95 495
94 495
93 496
92 496
91 497
90 498
89 498
88 499
87 499
86 500
85 500
84 501
83 501
82 502
81 503
80 503
79 504
78 505
77 505
76 505
75 506
74 506
73 507
72 507
71 508
70 509
69 509
68 510
67 510
66 511
65 512
64 512
63 513
62 513
61 514
60 515
59 516
58 517
57 518
56 519
55 520
54 521
53 522
52 523
51 524
50 525
49 526
48 527
47 528
46 529
45 529
44 530
43 531
42 531
41 532
40 532
39 533
38 534
37 534
36 535
35 536
34 537
33 538
32 539
31 540
30 541
30 542
29 543
29 544
29 545
28 546
28 547
27 548
27 549
26 550
26 551
26 552
25 553
25 554
25 555
25 556
24 557
24 558
24 559
24 560
23 561
23 562
23 563
23 564
23 565
22 566
22 567
22 568
23 569
23 570
23 571
23 572
23 573
24 574
25 575
25 576
26 577
27 577
28 578
29 579
30 579
31 579
32 579
33 579
34 579
35 579
36 579
37 579
38 579
39 578
40 578
41 578
42 578
43 577
44 577
45 577
46 576
47 576
48 576
49 576
50 576
51 576
52 576
53 576
54 576
55 577
56 577
57 577
58 577
59 577
60 577
61 577
62 577
63 577
64 577
65 577
66 577
67 577
68 577
69 577
70 577
71 577
72 577
73 577
74 577
75 576
76 576
77 576
78 576
79 576
80 576
81 576
82 576
83 576
84 576
85 576
86 576
87 576
88 576
89 577
90 577
91 577
92 577
93 577
94 577
95 578
96 578
97 578
98 578
99 578
100 577
101 577
102 577
103 577
104 577
105 577
106 576
107 576
108 576
109 576
110 576
111 576
112 576
113 576
114 576
115 577
116 577
117 577
118 578
119 578
120 579
121 579
122 579
123 579
124 579
125 579
126 579
127 579
128 579
129 579
130 579
131 579
132 579
133 579
134 579
135 579
136 579
137 580
138 580
139 580
140 580
141 580
142 580
143 580
144 580
145 580
146 580
147 581
148 581
149 581
150 581
151 581
152 581
153 581
154 581
155 581
156 581
157 581
158 581
159 580
160 580
161 580
162 580
163 580
164 580
165 580
166 580
167 580
168 580
169 580
170 580
171 580
172 580
173 580
174 580
175 580
176 580
177 580
178 580
179 580
180 580
181 580
182 580
183 580
184 580
185 580
186 580
187 580
188 580
189 580
190 580
191 580
192 580
193 580
194 580
195 580
196 580
197 580
198 580
199 580
200 580
201 580
202 580
203 580
204 580
205 580
206 580
207 581
208 581
209 581
210 582
211 582
212 582
213 582
214 582
215 583
216 583
217 583
218 583
219 583
220 583
221 583
222 583
223 583
224 583
225 583
226 583
227 583
228 583
229 583
230 583
231 583
232 583
233 583
234 583
235 582
236 582
237 582
238 582
239 582
240 581
241 581
242 581
243 580
244 580
245 580
246 579
247 579
248 579
249 578
250 578
251 578
252 578
253 577
254 577
255 577
256 577
257 577
258 576
259 576
260 576
261 576
262 576
263 575
264 575
265 575
266 575
267 575
268 575
269 575
270 575
271 575
272 575
273 575
274 576
275 576
276 576
277 577
278 577
279 578
280 578
281 578
282 579
283 579
284 580
285 580
286 581
287 581
288 582
289 582
290 583
291 584
292 584
293 585
294 585
295 586
296 586
297 587
298 587
299 588
300 588
301 588
302 588
303 588
304 588
305 588
306 589
307 589
308 589
309 589
310 589
311 589
312 589
313 589
314 589
315 590
316 590
317 590
318 590
319 590
320 591
321 591
322 591
323 591
324 591
325 591
326 591
327 591
328 591
329 591
330 591
331 591
332 591
333 591
334 591
335 591
336 590
337 590
338 590
339 590
340 590
341 590
342 590
343 590
344 590
345 590
346 589
347 589
348 589
349 589
350 590
351 590
352 590
353 590
354 591
355 591
356 591
357 592
358 592
359 592
360 593
361 593
362 593
363 593
364 594
365 594
366 594
367 594
368 594
369 594
370 594
371 594
372 594
373 594
374 594
375 594
376 594
377 594
378 594
379 594
380 594
381 594
382 594
383 594
384 594
385 594
386 594
387 594
388 594
389 594
390 594
391 594
392 594
393 595
394 595
395 595
396 595
397 595
398 596
399 596
400 596
401 596
402 596
403 596
404 597
405 597
406 597
407 598
408 598
409 598
410 599
411 599
412 599
413 599
414 599
415 599
416 599
417 599
418 600
419 600
420 600
421 600
422 600
423 601
424 601
425 601
426 601
427 601
428 601
429 602
430 602
431 602
432 602
433 602
434 602
435 602
436 603
437 603
438 603
439 603
440 604
441 604
442 604
443 604
444 605
445 605
446 606
447 606
448 606
449 607
450 607
451 607
452 607
453 607
454 607
455 608
456 608
457 608
458 608
459 608
460 608
461 608
462 608
463 608
464 608
465 608
466 608
467 608
468 608
469 609
470 609
471 609
472 609
473 609
474 610
475 610
476 611
477 611
478 611
479 612
480 612
481 612
482 612
483 613
484 613
485 613
486 613
487 613
488 613
489 613
490 613
491 613
492 613
493 613
494 613
495 613
496 613
497 613
498 613
499 613
500 613
501 613
502 613
503 613
504 613
505 613
506 613
507 613
508 613
509 613
510 613
511 613
512 613
513 613
514 613
515 613
516 613
517 613
518 613
519 613
520 613
521 613
522 613
523 613
524 613
525 613
526 613
527 614
528 614
529 614
530 614
531 614
532 614
533 614
534 614
535 614
536 614
537 614
538 614
539 614
540 615
541 615
542 615
543 615
544 616
545 616
546 616
547 616
548 617
549 617
550 617
551 618
552 618
553 618
554 618
555 618
556 618
557 618
558 618
559 618
560 618
561 618
562 618
563 618
564 618
565 618
566 618
567 618
568 618
569 618
570 618
571 618
572 618
573 618
574 618
575 619
576 619
577 619
578 619
579 619
580 619
581 619
582 619
583 619
584 619
585 619
586 619
587 619
588 619
589 619
590 619
591 619
592 619
593 619
594 620
595 620
596 620
597 620
598 621
599 621
600 621
601 621
602 621
603 621
604 621
605 621
606 621
607 621
608 621
609 621
610 621
611 621
612 620
613 620
614 620
615 620
616 620
617 620
618 620
619 620
620 620
621 619
622 619
623 619
624 619
625 619
626 619
627 619
628 619
629 619
630 619
631 618
632 618
633 618
634 618
635 618
636 618
637 618
638 618
639 618
640 618
641 618
642 618
643 617
644 617
645 617
646 617
647 617
648 617
649 617
650 616
651 616
652 616
653 616
654 616
655 616
656 615
657 615
658 615
659 615
660 615
661 616
662 616
663 616
664 616
665 616
666 616
667 616
668 616
669 615
670 615
671 615
672 615
673 615
674 614
675 614
676 613
677 612
677 611
678 610
679 609
679 608
680 607
680 606
681 605
681 604
682 603
682 602
683 601
683 600
683 599
683 598
684 597
684 596
684 595
684 594
685 593
684 592
685 591
685 590
685 589
685 588
685 587
685 586
685 585
686 584
686 583
686 582
686 581
686 580
686 579
686 578
686 577
686 576
686 575
687 574
687 573
688 572
688 571
688 570
688 569
689 568
689 567
690 566
690 565
690 564
691 563
691 562
691 561
691 560
691 559
691 558
691 557
691 556
691 555
691 554
691 553
691 552
691 551
690 550
690 549
690 548
689 547
689 546
689 545
689 544
688 543
688 542
688 541
688 540
688 539
687 538
687 537
687 536
687 535
687 534
687 533
687 532
687 531
687 530
687 529
686 528
686 527
686 526
686 525
686 524
686 523
686 522
686 521
686 520
687 519
687 518
687 517
687 516
687 515
687 514
687 513
687 512
687 511
687 510
687 509
687 508
687 507
687 506
687 505
688 504
688 503
688 502
688 501
688 500
687 499
687 498
687 497
686 496
685 495
684 494
683 493
682 493
681 492
680 491
679 491
678 490
677 489
676 488
675 487
674 487
673 486
672 485
671 484
670 483
669 482
668 481
667 480
667 479
666 478
666 477
665 476
665 475
664 474
664 473
664 472
663 471
662 470
661 469
660 468
659 467
658 466
657 466
656 465
655 464
654 464
653 463
652 463
651 463
650 462
649 462
648 461
647 461
646 461
645 461
644 461
643 460
642 460
641 459
640 459
639 459
638 458
637 458
636 458
635 457
634 457
633 456
632 456
631 455
630 455
629 455
628 455
627 455
626 455
625 455
624 455
623 455
622 455
621 454
620 454
619 454
618 454
617 453
616 453
615 452
614 452
613 452
612 451
611 451
610 450
609 450
608 449
607 449
606 448
605 448
604 447
603 447
602 446
601 446
600 445
599 445
598 444
597 444
596 443
595 443
594 442
593 442
592 441
591 441
590 440
589 440
588 439
587 439
586 439
585 438
584 438
583 437
582 437
581 437
580 437
579 436
578 436
577 436
576 436
575 435
574 435
573 434
572 434
571 434
570 433
569 433
568 432
567 432
566 432
565 432
564 431
