390 663
389 664
388 664
387 664
386 664
385 664
384 664
383 664
382 664
381 664
380 664
379 664
378 664
377 664
376 664
375 664
374 664
373 664
372 664
371 664
370 664
369 664
368 664
367 664
366 664
365 665
364 665
363 665
362 665
361 666
360 666
359 666
358 666
357 666
356 666
355 666
354 667
353 667
352 667
351 667
350 668
349 668
348 668
347 668
346 668
345 668
344 669
343 669
342 669
341 669
340 669
339 670
338 670
337 670
336 670
335 670
334 670
333 671
332 671
331 671
330 671
329 671
328 671
327 670
326 670
325 670
324 670
323 670
322 670
321 670
320 670
319 670
318 670
317 670
316 671
315 671
314 671
313 671
312 671
311 671
310 672
309 672
308 672
307 673
306 673
305 673
304 673
303 673
302 673
301 673
300 673
299 673
298 673
297 673
296 673
295 673
294 673
293 673
292 673
291 673
290 673
289 673
288 673
287 673
286 673
285 673
284 673
283 673
282 673
281 673
280 674
279 674
278 674
277 674
276 675
275 675
274 675
273 676
272 676
271 676
270 676
269 676
268 676
267 676
266 676
265 676
264 677
263 677
262 677
261 677
260 677
259 677
258 677
257 677
256 677
255 677
254 677
253 678
252 678
251 678
250 678
249 678
248 678
247 678
246 678
245 678
244 678
243 678
242 678
241 678
240 678
239 678
238 679
237 679
236 679
235 679
234 679
233 679
232 679
231 679
230 679
229 679
228 679
227 680
226 680
225 680
224 680
223 680
222 681
221 681
220 681
219 681
218 681
217 681
216 681
215 681
214 681
213 681
212 681
211 681
210 681
209 681
208 681
207 681
206 681
205 681
204 681
203 681
202 682
201 682
200 682
199 682
198 683
197 683
196 683
195 683
194 684
193 684
192 684
191 684
190 685
189 685
188 685
187 685
186 685
185 685
184 685
183 686
182 686
181 686
180 686
179 687
178 687
177 687
176 687
175 687
174 687
173 687
172 687
171 688
170 688
169 688
168 689
167 689
166 689
165 690
164 690
163 690
162 690
161 691
160 691
159 691
158 692
157 692
156 692
155 693
154 693
153 693
152 693
151 694
150 694
149 694
148 694
147 694
146 694
145 695
144 695
143 695
142 695
141 696
140 696
139 696
138 696
137 696
136 697
135 696
134 697
133 697
132 697
131 697
130 698
129 698
128 699
127 699
126 699
125 700
124 700
123 700
122 700
121 701
120 701
119 701
118 702
117 702
116 702
115 703
114 703
113 703
112 704
111 704
110 705
109 705
108 705
107 706
106 706
105 706
104 707
103 707
102 707
101 708
100 708
99 708
98 708
97 709
96 709
95 709
94 709
93 710
92 710
91 710
90 711
89 711
88 711
87 711
86 711
85 711
84 711
83 711
82 711
81 712
80 712
79 712
78 712
77 713
76 713
75 713
74 714
73 714
72 714
71 714
70 714
69 715
68 715
67 716
66 716
65 717
64 717
63 717
62 718
61 718
60 719
59 719
58 720
57 720
56 721
55 721
54 722
53 722
52 722
51 723
50 723
49 724
48 724
47 724
46 725
45 725
44 725
43 726
42 726
41 727
40 727
39 728
38 729
37 730
36 730
35 731
34 732
33 733
32 734
31 735
30 736
29 737
28 738
27 739
27 740
26 741
26 742
26 743
26 744
26 745
26 746
26 747
26 748
26 749
27 750
27 751
27 752
27 753
27 754
27 755
28 756
28 757
28 758
28 759
28 760
28 761
28 762
27 763
27 764
27 765
26 766
26 767
26 768
25 769
25 770
25 771
24 772
24 773
23 774
23 775
23 776
22 777
22 778
21 779
21 780
20 781
20 782
20 783
20 784
21 784
22 785
23 786
24 786
25 787
26 788
27 789
28 789
29 789
30 790
31 790
32 790
33 790
34 790
35 791
36 791
37 791
38 791
39 791
40 791
41 791
42 791
43 791
44 791
45 791
46 791
47 791
48 792
49 792
50 792
51 792
52 792
53 792
54 792
55 792
56 793
57 793
58 793
59 793
60 793
61 794
62 794
63 794
64 794
65 794
66 794
67 795
68 795
69 795
70 795
71 795
72 795
73 795
74 795
75 795
76 795
77 795
78 795
79 795
80 795
81 795
82 795
83 795
84 795
85 795
86 795
87 795
88 795
89 795
90 796
91 796
92 796
93 796
94 796
95 796
96 796
97 796
98 797
99 797
100 797
101 797
102 797
103 797
104 797
105 797
106 797
107 797
108 797
109 797
110 797
111 797
112 797
113 797
114 797
115 797
116 797
117 797
118 797
119 796
120 796
121 796
122 796
123 795
124 795
125 795
126 795
127 795
128 795
129 795
130 795
131 795
132 795
133 795
134 795
135 795
136 795
137 795
138 796
139 796
140 796
141 796
142 796
143 796
144 796
145 796
146 796
147 796
148 797
149 797
150 797
151 797
152 797
153 797
154 797
155 797
156 797
157 797
158 797
159 797
160 797
161 797
162 797
163 797
164 797
165 797
166 797
167 797
168 797
169 797
170 797
171 797
172 797
173 797
174 797
175 797
176 797
177 797
178 797
179 797
180 797
181 798
182 798
183 798
184 798
185 798
186 798
187 798
188 798
189 798
190 798
191 799
192 799
193 799
194 799
195 799
196 799
197 799
198 799
199 799
200 799
201 800
202 800
203 800
204 800
205 801
206 801
207 801
208 801
209 801
210 801
211 801
212 801
213 801
214 801
215 801
216 801
217 801
218 801
219 801
220 800
221 800
222 800
223 800
224 800
225 800
226 800
227 800
228 800
229 801
230 801
231 801
232 801
233 801
234 802
235 802
236 802
237 802
238 803
239 803
240 803
241 803
242 804
243 804
244 804
245 804
246 804
247 804
248 805
249 805
250 805
251 805
252 805
253 805
254 805
255 805
256 805
257 805
258 805
259 805
260 805
261 805
262 805
263 805
264 805
265 805
266 805
267 805
268 805
269 805
270 805
271 805
272 805
273 805
274 805
275 805
276 805
277 805
278 805
279 805
280 805
281 805
282 805
283 805
284 805
285 805
286 805
287 805
288 805
289 805
290 805
291 805
292 805
293 805
294 805
295 805
296 806
297 806
298 806
299 806
300 806
301 806
302 806
303 806
304 806
305 806
306 806
307 806
308 806
309 806
310 806
311 806
312 806
313 807
314 807
315 807
316 807
317 807
318 807
319 807
320 807
321 808
322 808
323 808
324 808
325 808
326 808
327 808
328 808
329 808
330 808
331 808
332 808
333 808
334 808
335 809
336 808
337 808
338 808
339 808
340 807
341 807
342 807
343 807
344 806
345 806
346 806
347 806
348 806
349 805
350 805
351 805
352 804
353 804
354 804
355 804
356 803
357 803
358 803
359 803
360 803
361 803
362 803
363 803
364 803
365 803
366 803
367 803
368 803
369 803
370 803
371 802
372 802
373 802
374 802
375 802
376 802
377 802
378 802
379 802
380 802
381 802
382 802
383 802
384 802
385 802
386 802
387 802
388 802
389 802
390 802
391 802
392 802
393 802
394 802
395 802
396 802
397 802
398 802
399 802
400 802
401 802
402 802
403 803
404 803
405 803
406 803
407 803
408 803
409 803
410 803
411 803
412 803
413 803
414 803
415 804
416 804
417 804
418 804
419 804
420 804
421 804
422 804
423 804
424 804
425 804
426 804
427 804
428 804
429 804
430 804
431 804
432 804
433 805
434 805
435 805
436 805
437 805
438 805
439 805
440 805
441 805
442 805
443 805
444 805
445 805
446 805
447 805
448 805
449 805
450 805
451 805
452 805
453 805
454 805
455 805
456 805
457 805
458 804
459 804
460 804
461 804
462 804
463 804
464 804
465 804
466 804
467 803
468 803
469 803
470 803
471 803
472 803
473 802
474 802
475 802
476 802
477 802
478 802
479 802
480 803
481 803
482 803
483 803
484 803
485 803
486 803
487 803
488 803
489 803
490 803
491 804
492 803
493 804
494 804
495 804
496 804
497 804
498 804
499 804
500 804
501 804
502 804
503 804
504 804
505 804
506 804
507 804
508 804
509 804
510 804
511 804
512 804
513 804
514 804
515 804
516 804
517 804
518 804
519 804
520 804
521 804
522 804
523 804
524 804
525 804
526 805
527 805
528 805
529 805
530 805
531 805
532 805
533 805
534 806
535 806
536 806
537 806
538 806
539 806
540 806
541 806
542 806
543 806
544 806
545 806
546 806
547 806
548 806
549 806
550 806
551 806
552 806
553 806
554 806
555 806
556 806
557 806
558 806
559 806
560 806
561 806
562 806
563 806
564 806
565 806
566 806
567 806
568 806
569 806
570 805
571 805
572 805
573 805
574 805
575 805
576 805
577 805
578 805
579 805
580 805
581 805
582 805
583 805
584 805
585 805
586 805
587 805
588 805
589 805
590 805
591 805
592 805
593 805
594 805
595 805
596 805
597 805
598 805
599 805
600 805
601 805
602 805
603 805
604 805
605 805
606 805
607 805
608 805
609 805
610 804
611 804
612 804
613 804
614 804
615 804
616 804
617 804
618 804
619 804
620 804
621 804
622 804
623 804
624 804
625 804
626 804
627 804
628 804
629 804
630 804
631 804
632 804
633 804
634 804
635 804
636 803
637 803
638 803
639 803
640 803
641 803
642 802
643 802
644 802
645 802
646 802
647 801
648 801
649 800
650 800
651 799
652 798
653 798
654 797
655 796
656 795
656 794
657 793
658 792
659 791
660 790
661 789
662 788
663 787
664 786
665 785
666 784
667 783
668 783
669 782
670 782
671 781
672 780
673 780
674 779
675 779
676 778
677 777
678 776
679 776
680 775
681 774
682 773
683 772
684 771
685 770
686 769
687 768
687 767
688 766
688 765
688 764
689 763
689 762
689 761
689 760
689 759
689 758
689 757
688 756
688 755
688 754
688 753
688 752
688 751
688 750
687 749
687 748
687 747
686 746
686 745
686 744
685 743
685 742
685 741
684 740
684 739
683 738
683 737
683 736
682 735
682 734
682 733
682 732
683 731
683 730
683 729
683 728
683 727
683 726
683 725
683 724
683 723
683 722
682 721
682 720
682 719
682 718
681 717
681 716
681 715
681 714
681 713
681 712
681 711
681 710
681 709
681 708
681 707
681 706
680 705
680 704
680 703
680 702
680 701
679 700
679 699
678 698
678 697
678 696
677 695
676 694
675 694
674 693
673 693
672 692
671 692
670 692
669 691
668 690
667 690
666 689
665 689
664 688
663 688
662 687
661 687
660 687
659 686
658 686
657 685
656 685
655 684
654 684
653 683
652 683
651 682
650 681
649 681
648 681
647 680
646 680
645 680
644 680
643 679
642 679
641 679
640 679
639 679
638 679
637 679
636 679
635 679
634 679
633 679
632 679
631 679
630 679
629 679
628 679
627 679
626 679
625 679
624 679
623 679
622 678
621 678
620 678
619 678
618 678
617 678
616 678
615 678
614 678
613 678
612 678
611 678
610 678
609 677
608 677
607 677
606 677
605 676
604 676
603 675
602 675
601 674
600 673
599 673
598 673
597 672
596 672
595 672
594 672
593 672
592 671
591 671
590 671
589 671
588 671
587 671
586 671
585 671
584 671
583 671
582 670
581 670
580 669
579 669
578 669
577 668
576 668
575 667
574 667
573 667
572 667
571 666
570 666
569 666
568 666
567 666
566 665
565 665
564 665
563 665
562 665
561 665
560 665
559 665
558 665
557 665
556 665
555 665
554 665
553 665
552 665
551 665
550 665
549 665
548 665
547 665
546 665
545 665
544 665
543 665
542 665
541 665
540 665
539 665
538 665
537 665
536 665
535 665
534 665
533 665
532 665
531 665
530 665
529 665
528 665
527 665
526 665
525 665
524 665
523 665
522 665
521 665
520 665
519 665
518 665
517 665
516 665
515 665
514 666
513 666
512 666
511 666
510 666
509 666
508 666
507 666
506 665
505 665
504 665
503 665
502 665
501 664
500 664
499 664
498 664
497 664
496 664
495 663
494 663
493 663
492 663
491 663
490 663
489 663
488 663
487 663
486 663
485 663
484 663
483 663
482 664
481 664
480 664
479 664
478 664
477 664
476 664
475 664
474 664
473 664
472 664
471 664
470 664
469 663
468 663
467 663
466 663
465 663
464 663
463 663
462 663
461 663
460 663
459 663
458 663
457 663
456 663
455 663
454 663
453 663
452 663
451 663
450 663
449 663
448 663
447 663
446 663
445 663
444 663
443 663
442 663
441 663
440 663
439 663
438 663
437 663
436 663
435 663
434 663
433 663
432 663
431 663
430 663
429 664
428 664
427 664
426 664
425 664
424 664
423 665
422 665
421 665
420 665
419 665
418 665
417 665
416 665
415 665
414 665
413 665
412 665
411 665
410 665
409 665
408 665
407 665
406 665
405 664
404 664
403 664
402 664
401 663
400 663
399 663
398 663
397 663
396 663
395 663
394 663
393 663
392 663
391 663
390 663
