465 851
464 852
463 852
462 852
461 852
460 852
459 853
458 853
457 853
456 853
455 853
454 853
453 854
452 854
451 854
450 854
449 854
448 854
447 854
446 854
445 854
444 854
443 854
442 854
441 854
440 854
439 854
438 854
437 854
436 854
435 854
434 854
433 854
432 854
431 854
430 854
429 854
428 853
427 853
426 853
425 853
424 853
423 853
422 853
421 853
420 853
419 853
418 853
417 854
416 854
415 854
414 854
413 854
412 854
411 854
410 854
409 854
408 854
407 854
406 854
405 854
404 854
403 854
402 853
401 853
400 853
399 853
398 852
397 852
396 852
395 852
394 852
393 852
392 852
391 852
390 852
389 852
388 852
387 852
386 852
385 852
384 853
383 853
382 853
381 853
380 853
379 854
378 854
377 854
376 854
375 855
374 855
373 855
372 856
371 856
370 857
369 857
368 858
367 858
366 859
365 859
364 860
363 860
362 861
361 861
360 861
359 862
358 862
357 862
356 862
355 863
354 863
353 863
352 863
351 864
350 863
349 864
348 864
347 864
346 864
345 864
344 864
343 864
342 865
341 865
340 865
339 865
338 865
337 866
336 866
335 866
334 867
333 867
332 868
331 868
330 869
329 869
328 870
327 870
326 871
325 871
324 872
323 872
322 872
321 872
320 873
319 873
318 873
317 873
316 874
315 874
314 874
313 875
312 875
311 875
310 876
309 876
308 876
307 876
306 876
305 876
304 876
303 876
302 876
301 876
300 876
299 876
298 876
297 876
296 876
295 876
294 876
293 876
292 876
291 876
290 876
289 876
288 876
287 876
286 876
285 876
284 876
283 876
282 877
281 877
280 877
279 877
278 877
277 877
276 877
275 877
274 877
273 877
272 877
271 877
270 877
269 876
268 876
267 876
266 876
265 876
264 876
263 876
262 876
261 875
260 875
259 875
258 874
257 875
256 875
255 875
254 875
253 875
252 875
251 875
250 875
249 875
248 875
247 875
246 875
245 875
244 874
243 874
242 874
241 873
240 873
239 873
238 873
237 873
236 873
235 873
234 873
233 873
232 873
231 873
230 873
229 874
228 874
227 874
226 875
225 875
224 875
223 875
222 876
221 876
220 876
219 877
218 877
217 877
216 877
215 878
214 878
213 879
212 879
211 880
210 881
209 882
208 882
207 883
206 884
205 884
204 885
203 885
202 886
201 886
200 887
199 887
198 888
197 888
196 889
195 889
194 890
193 890
192 891
191 891
190 892
189 893
188 893
187 893
186 894
185 894
184 894
183 895
182 895
181 895
180 896
179 896
178 897
177 897
176 897
175 898
174 898
173 898
172 898
171 899
170 899
169 899
168 899
167 899
166 900
165 900
164 900
163 900
162 900
161 900
160 900
159 900
158 901
157 901
156 901
155 901
154 901
153 901
152 901
151 902
150 902
149 902
148 902
147 902
146 902
145 901
144 902
143 902
142 902
141 903
140 903
139 903
138 904
137 904
136 905
135 905
134 906
133 906
132 906
131 907
130 907
129 907
128 908
127 908
126 908
125 909
124 909
123 909
122 910
121 910
120 910
119 911
118 911
117 911
116 912
115 912
114 913
113 913
112 914
111 914
110 914
109 914
108 914
107 914
106 914
105 914
104 914
103 915
102 915
101 916
100 917
99 917
98 918
97 918
96 918
95 919
94 919
93 919
92 920
91 920
90 920
89 921
88 921
87 922
86 922
85 922
84 922
83 923
82 923
81 924
80 924
79 924
78 925
77 925
76 925
75 925
74 926
73 926
72 926
71 927
70 927
69 928
68 928
67 928
66 929
65 930
64 930
63 931
62 931
61 931
60 932
59 932
58 932
57 933
56 933
55 933
54 934
53 934
52 935
51 935
50 936
49 936
48 937
47 937
46 937
45 938
44 938
43 939
42 940
41 940
40 941
39 941
38 942
37 942
36 943
35 943
34 944
33 945
32 945
31 946
30 947
29 947
28 948
27 949
26 950
25 950
24 951
23 952
22 953
21 954
21 955
21 956
21 957
21 958
21 959
21 960
21 961
22 962
22 963
22 964
23 965
23 966
23 967
24 968
24 969
25 970
26 971
27 972
28 973
29 974
30 975
31 976
32 977
33 978
34 979
35 980
36 980
37 981
38 981
39 982
40 982
41 983
42 983
43 983
44 984
45 984
46 984
47 985
48 985
49 986
50 986
51 987
52 987
53 988
54 988
55 988
56 989
57 989
58 990
59 990
60 991
61 991
62 992
63 992
64 993
65 993
66 993
67 994
68 994
69 995
70 995
71 995
72 996
73 996
74 996
75 996
76 997
77 997
78 997
79 997
80 998
81 997
82 998
83 998
84 998
85 998
86 998
87 999
88 999
89 999
90 999
91 999
92 999
93 999
94 999
95 1000
96 1000
97 1000
98 1000
99 1000
100 1000
101 1001
102 1001
103 1001
104 1001
105 1001
106 1002
107 1002
108 1002
109 1002
110 1003
111 1003
112 1003
113 1003
114 1004
115 1004
116 1004
117 1004
118 1005
119 1005
120 1005
121 1006
122 1006
123 1006
124 1007
125 1007
126 1007
127 1007
128 1008
129 1008
130 1008
131 1009
132 1009
133 1009
134 1009
135 1010
136 1010
137 1010
138 1010
139 1010
140 1011
141 1011
142 1011
143 1011
144 1012
145 1012
146 1012
147 1012
148 1012
149 1012
150 1012
151 1013
152 1013
153 1013
154 1013
155 1014
156 1014
157 1014
158 1014
159 1014
160 1015
161 1015
162 1015
163 1015
164 1016
165 1016
166 1016
167 1016
168 1016
169 1016
170 1016
171 1016
172 1017
173 1017
174 1017
175 1017
176 1017
177 1018
178 1018
179 1018
180 1019
181 1019
182 1019
183 1019
184 1020
185 1020
186 1020
187 1020
188 1020
189 1021
190 1021
191 1021
192 1021
193 1021
194 1022
195 1022
196 1022
197 1023
198 1023
199 1023
200 1024
201 1024
202 1024
203 1024
204 1025
205 1025
206 1025
207 1025
208 1026
209 1026
210 1026
211 1026
212 1026
213 1026
214 1026
215 1026
216 1026
217 1026
218 1026
219 1027
220 1027
221 1027
222 1027
223 1027
224 1027
225 1028
226 1028
227 1028
228 1028
229 1028
230 1028
231 1028
232 1028
233 1028
234 1028
235 1029
236 1029
237 1029
238 1029
239 1029
240 1029
241 1030
242 1030
243 1030
244 1030
245 1030
246 1030
247 1031
248 1031
249 1031
250 1031
251 1031
252 1031
253 1032
254 1032
255 1032
256 1032
257 1032
258 1032
259 1032
260 1032
261 1032
262 1032
263 1032
264 1033
265 1033
266 1033
267 1033
268 1034
269 1034
270 1035
271 1035
272 1035
273 1036
274 1036
275 1036
276 1037
277 1037
278 1037
279 1037
280 1038
281 1038
282 1038
283 1038
284 1038
285 1039
286 1039
287 1039
288 1039
289 1040
290 1040
291 1040
292 1040
293 1041
294 1041
295 1041
296 1042
297 1042
298 1042
299 1043
300 1043
301 1043
302 1043
303 1044
304 1044
305 1044
306 1045
307 1045
308 1045
309 1045
310 1045
311 1045
312 1045
313 1046
314 1046
315 1047
316 1047
317 1048
318 1048
319 1048
320 1049
321 1050
322 1050
323 1051
324 1051
325 1052
326 1052
327 1053
328 1053
329 1054
330 1054
331 1055
332 1055
333 1055
334 1056
335 1056
336 1056
337 1056
338 1056
339 1057
340 1057
341 1057
342 1057
343 1057
344 1057
345 1058
346 1058
347 1058
348 1058
349 1059
350 1059
351 1059
352 1059
353 1059
354 1059
355 1060
356 1060
357 1060
358 1060
359 1060
360 1060
361 1061
362 1061
363 1061
364 1061
365 1061
366 1061
367 1061
368 1061
369 1061
370 1061
371 1061
372 1061
373 1061
374 1061
375 1061
376 1061
377 1061
378 1061
379 1062
380 1062
381 1062
382 1062
383 1062
384 1062
385 1062
386 1062
387 1062
388 1063
389 1063
390 1063
391 1063
392 1063
393 1063
394 1064
395 1064
396 1064
397 1064
398 1064
399 1064
400 1064
401 1064
402 1064
403 1064
404 1064
405 1064
406 1064
407 1064
408 1064
409 1064
410 1064
411 1064
412 1064
413 1064
414 1064
415 1065
416 1065
417 1065
418 1065
419 1065
420 1065
421 1066
422 1066
423 1066
424 1066
425 1066
426 1066
427 1067
428 1067
429 1067
430 1067
431 1068
432 1068
433 1068
434 1069
435 1069
436 1069
437 1069
438 1070
439 1070
440 1070
441 1071
442 1071
443 1072
444 1072
445 1073
446 1073
447 1073
448 1074
449 1074
450 1075
451 1075
452 1076
453 1076
454 1077
455 1077
456 1078
457 1078
458 1078
459 1079
460 1079
461 1079
462 1079
463 1079
464 1079
465 1079
466 1079
467 1079
468 1079
469 1079
470 1079
471 1079
472 1079
473 1080
474 1080
475 1080
476 1080
477 1080
478 1080
479 1080
480 1079
481 1079
482 1079
483 1079
484 1078
485 1078
486 1077
487 1077
488 1076
489 1076
490 1075
491 1075
492 1074
493 1074
494 1073
495 1073
496 1072
497 1072
498 1071
499 1071
500 1071
501 1070
502 1070
503 1070
504 1069
505 1069
506 1069
507 1068
508 1068
509 1067
510 1067
511 1066
512 1066
513 1065
514 1065
515 1064
516 1064
517 1063
518 1063
519 1063
520 1062
521 1062
522 1062
523 1061
524 1061
525 1061
526 1061
527 1060
528 1060
529 1060
530 1060
531 1060
532 1060
533 1060
534 1060
535 1059
536 1059
537 1059
538 1058
539 1058
540 1057
541 1056
542 1055
543 1055
544 1054
545 1054
546 1053
547 1053
548 1052
549 1052
550 1051
551 1051
552 1050
553 1050
554 1050
555 1049
556 1049
557 1049
558 1049
559 1049
560 1048
561 1048
562 1048
563 1047
564 1047
565 1047
566 1046
567 1046
568 1045
569 1045
570 1045
571 1045
572 1044
573 1044
574 1044
575 1044
576 1044
577 1044
578 1044
579 1043
580 1043
581 1043
582 1043
583 1043
584 1043
585 1043
586 1043
587 1042
588 1042
589 1042
590 1042
591 1042
592 1042
593 1042
594 1042
595 1042
596 1042
597 1042
598 1042
599 1042
600 1042
601 1042
602 1042
603 1042
604 1043
605 1043
606 1043
607 1043
608 1043
609 1043
610 1043
611 1043
612 1043
613 1043
614 1043
615 1042
616 1042
617 1042
618 1042
619 1041
620 1041
621 1041
622 1040
623 1040
624 1040
625 1039
626 1039
627 1039
628 1039
629 1038
630 1038
631 1038
632 1038
633 1038
634 1038
635 1037
636 1037
637 1037
638 1037
639 1037
640 1037
641 1037
642 1037
643 1036
644 1036
645 1036
646 1036
647 1036
648 1036
649 1035
650 1035
651 1035
652 1035
653 1034
654 1034
655 1034
656 1034
657 1033
658 1033
659 1033
660 1032
661 1032
662 1031
663 1031
664 1030
665 1029
666 1029
667 1028
668 1027
669 1026
670 1025
671 1024
672 1023
673 1022
674 1021
675 1020
676 1019
677 1018
678 1017
679 1016
680 1015
680 1014
681 1013
681 1012
681 1011
682 1010
682 1009
682 1008
682 1007
683 1006
683 1005
683 1004
684 1003
684 1002
684 1001
684 1000
684 999
684 998
684 997
685 996
685 995
685 994
686 993
686 992
686 991
687 990
687 989
688 988
688 987
689 986
689 985
689 984
689 983
689 982
689 981
689 980
689 979
689 978
689 977
689 976
689 975
689 974
689 973
689 972
689 971
689 970
689 969
689 968
689 967
688 966
688 965
687 964
687 963
686 962
685 961
685 960
684 959
684 958
683 957
682 956
682 955
682 954
681 953
680 952
680 951
679 950
678 949
677 949
676 948
675 948
674 947
673 946
672 946
671 945
670 945
669 944
668 943
667 943
666 942
665 942
664 941
663 941
662 941
661 940
660 940
659 940
658 940
657 940
656 939
655 939
654 939
653 938
652 938
651 937
650 937
649 937
648 936
647 936
646 936
645 935
644 935
643 934
642 933
641 933
640 932
639 932
638 931
637 931
636 930
635 929
634 928
633 927
632 926
631 925
630 924
629 923
628 922
627 921
626 920
625 919
624 918
623 917
622 916
621 915
620 915
619 914
618 913
617 912
616 912
615 911
614 910
613 909
612 909
611 908
610 907
609 906
608 905
608 904
607 903
606 902
605 901
605 900
604 899
603 898
602 897
601 896
600 895
599 894
598 894
597 893
596 892
595 891
594 890
593 889
592 889
591 888
590 887
589 886
588 885
587 885
586 884
585 883
584 883
583 882
582 882
581 882
580 882
579 882
578 881
577 881
576 881
575 881
574 881
573 882
572 882
571 882
570 882
569 882
568 882
567 882
566 882
565 882
564 882
563 882
562 882
561 882
560 882
559 882
558 881
557 881
556 881
555 880
554 880
553 880
552 880
551 879
550 879
549 878
548 878
547 878
546 877
545 877
544 877
543 876
542 876
541 876
540 875
539 875
538 875
537 874
536 874
535 873
534 873
533 873
532 872
531 872
530 871
529 871
528 870
527 870
526 870
525 869
524 869
523 869
522 868
521 868
520 868
519 867
518 867
517 867
516 866
515 866
514 866
513 866
512 866
511 865
510 865
509 864
508 864
507 863
506 863
505 863
504 862
503 862
502 862
501 861
500 861
499 861
498 861
497 860
496 860
495 859
494 859
493 858
492 858
491 857
490 857
489 857
488 856
487 856
486 855
485 855
484 854
483 854
482 853
481 853
480 853
479 852
478 852
477 851
476 851
475 851
474 851
473 851
472 851
471 851
470 851
469 851
468 851
467 851
466 851
465 851
