246 1125
245 1126
244 1126
243 1126
242 1126
241 1126
240 1127
239 1127
238 1127
237 1127
236 1127
235 1127
234 1127
233 1127
232 1127
231 1128
230 1128
229 1128
228 1128
227 1128
226 1129
225 1129
224 1129
223 1129
222 1130
221 1130
220 1130
219 1130
218 1131
217 1131
216 1131
215 1131
214 1132
213 1132
212 1132
211 1132
210 1132
209 1133
208 1133
207 1133
206 1133
205 1133
204 1134
203 1134
202 1134
201 1134
200 1134
199 1134
198 1134
197 1135
196 1135
195 1135
194 1135
193 1135
192 1135
191 1135
190 1136
189 1136
188 1136
187 1137
186 1137
185 1137
184 1138
183 1138
182 1139
181 1140
180 1140
179 1140
178 1141
177 1141
176 1141
175 1142
174 1142
173 1142
172 1143
171 1143
170 1143
169 1144
168 1144
167 1145
166 1145
165 1145
164 1145
163 1146
162 1146
161 1146
160 1146
159 1146
158 1147
157 1147
156 1148
155 1148
154 1148
153 1149
152 1149
151 1149
150 1150
149 1150
148 1150
147 1151
146 1151
145 1151
144 1152
143 1152
142 1153
141 1153
140 1153
139 1154
138 1154
137 1154
136 1155
135 1155
134 1155
133 1156
132 1156
131 1156
130 1156
129 1157
128 1157
127 1157
126 1157
125 1157
124 1157
123 1158
122 1158
121 1159
120 1159
119 1159
118 1160
117 1161
116 1161
115 1162
114 1162
113 1163
112 1164
111 1164
110 1165
109 1166
108 1166
107 1167
106 1168
105 1168
104 1169
103 1169
102 1170
101 1170
100 1171
99 1172
98 1172
97 1173
96 1173
95 1173
94 1173
93 1174
92 1174
91 1174
90 1174
89 1174
88 1175
87 1175
86 1176
85 1176
84 1177
83 1177
82 1178
81 1178
80 1179
79 1179
78 1179
77 1179
76 1179
75 1179
74 1180
73 1180
72 1180
71 1180
70 1181
69 1181
68 1181
67 1182
66 1182
65 1183
64 1183
63 1183
62 1183
61 1184
60 1184
59 1184
58 1185
57 1185
56 1185
55 1186
54 1186
53 1187
52 1187
51 1187
50 1188
49 1188
48 1188
47 1188
46 1189
45 1189
44 1190
43 1190
42 1191
41 1191
40 1192
39 1192
38 1193
37 1194
36 1195
35 1196
34 1197
34 1198
34 1199
33 1200
34 1201
33 1202
34 1203
34 1204
34 1205
34 1206
35 1207
35 1208
36 1209
36 1210
36 1211
36 1212
37 1213
37 1214
37 1215
38 1216
38 1217
39 1218
39 1219
39 1220
39 1221
40 1222
40 1223
40 1224
40 1225
40 1226
40 1227
39 1228
39 1229
39 1230
38 1231
38 1232
37 1233
37 1234
36 1235
36 1236
35 1237
35 1238
34 1239
33 1240
32 1241
32 1242
31 1243
31 1244
30 1245
29 1246
29 1247
29 1248
29 1249
29 1250
29 1251
29 1252
28 1253
28 1254
27 1255
27 1256
27 1257
26 1258
26 1259
26 1260
26 1261
26 1262
26 1263
26 1264
25 1265
25 1266
25 1267
25 1268
25 1269
25 1270
25 1271
25 1272
26 1273
27 1274
28 1275
29 1276
30 1277
31 1278
32 1279
33 1280
34 1281
35 1282
36 1283
37 1284
38 1284
39 1285
40 1285
41 1285
42 1285
43 1285
44 1285
45 1285
46 1285
47 1285
48 1285
49 1285
50 1285
51 1285
52 1285
53 1285
54 1286
55 1286
56 1286
57 1286
58 1286
59 1287
60 1287
61 1287
62 1287
63 1287
64 1288
65 1288
66 1288
67 1288
68 1288
69 1288
70 1289
71 1288
72 1288
73 1288
74 1288
75 1289
76 1288
77 1288
78 1288
79 1287
80 1287
81 1286
82 1286
83 1285
84 1285
85 1284
86 1284
87 1284
88 1283
89 1283
90 1283
91 1283
92 1282
93 1282
94 1282
95 1281
96 1281
97 1280
98 1280
99 1279
100 1279
101 1279
102 1279
103 1278
104 1278
105 1278
106 1278
107 1277
108 1277
109 1277
110 1277
111 1277
112 1277
113 1277
114 1277
115 1276
116 1276
117 1276
118 1276
119 1276
120 1276
121 1276
122 1276
123 1276
124 1276
125 1276
126 1276
127 1276
128 1276
129 1276
130 1276
131 1275
132 1275
133 1275
134 1275
135 1275
136 1275
137 1275
138 1275
139 1275
140 1275
141 1275
142 1275
143 1275
144 1275
145 1275
146 1275
147 1274
148 1274
149 1274
150 1274
151 1274
152 1274
153 1274
154 1274
155 1274
156 1274
157 1274
158 1274
159 1274
160 1274
161 1274
162 1274
163 1274
164 1274
165 1274
166 1274
167 1274
168 1274
169 1274
170 1274
171 1274
172 1274
173 1274
174 1274
175 1274
176 1274
177 1274
178 1274
179 1274
180 1274
181 1274
182 1274
183 1274
184 1274
185 1274
186 1274
187 1274
188 1274
189 1274
190 1274
191 1274
192 1274
193 1274
194 1274
195 1274
196 1274
197 1274
198 1274
199 1274
200 1274
201 1274
202 1273
203 1273
204 1273
205 1273
206 1273
207 1273
208 1273
209 1273
210 1273
211 1273
212 1273
213 1273
214 1273
215 1273
216 1273
217 1273
218 1273
219 1273
220 1273
221 1273
222 1273
223 1273
224 1273
225 1274
226 1274
227 1274
228 1274
229 1274
230 1274
231 1274
232 1274
233 1274
234 1274
235 1274
236 1274
237 1274
238 1274
239 1274
240 1274
241 1275
242 1275
243 1275
244 1275
245 1275
246 1276
247 1276
248 1276
249 1276
250 1276
251 1276
252 1276
253 1276
254 1276
255 1276
256 1275
257 1275
258 1275
259 1275
260 1275
261 1275
262 1275
263 1275
264 1275
265 1275
266 1275
267 1275
268 1275
269 1275
270 1276
271 1276
272 1277
273 1277
274 1277
275 1277
276 1277
277 1278
278 1278
279 1278
280 1278
281 1278
282 1278
283 1277
284 1277
285 1277
286 1277
287 1277
288 1277
289 1277
290 1277
291 1277
292 1277
293 1278
294 1278
295 1278
296 1278
297 1278
298 1278
299 1279
300 1279
301 1279
302 1279
303 1280
304 1280
305 1280
306 1280
307 1280
308 1279
309 1279
310 1279
311 1279
312 1279
313 1278
314 1278
315 1278
316 1278
317 1277
318 1277
319 1277
320 1277
321 1277
322 1278
323 1278
324 1278
325 1278
326 1278
327 1278
328 1278
329 1278
330 1278
331 1278
332 1278
333 1278
334 1277
335 1277
336 1277
337 1277
338 1276
339 1276
340 1276
341 1276
342 1276
343 1276
344 1276
345 1276
346 1276
347 1276
348 1276
349 1276
350 1276
351 1277
352 1277
353 1277
354 1277
355 1277
356 1277
357 1277
358 1277
359 1277
360 1277
361 1277
362 1277
363 1277
364 1278
365 1278
366 1278
367 1278
368 1279
369 1279
370 1279
371 1279
372 1279
373 1280
374 1280
375 1280
376 1280
377 1280
378 1281
379 1281
380 1281
381 1282
382 1282
383 1282
384 1282
385 1282
386 1283
387 1283
388 1283
389 1284
390 1284
391 1284
392 1284
393 1284
394 1284
395 1284
396 1284
397 1284
398 1284
399 1284
400 1284
401 1284
402 1284
403 1284
404 1284
405 1284
406 1284
407 1284
408 1284
409 1284
410 1284
411 1284
412 1284
413 1284
414 1284
415 1284
416 1284
417 1284
418 1284
419 1284
420 1285
421 1285
422 1285
423 1285
424 1285
425 1286
426 1286
427 1286
428 1286
429 1286
430 1286
431 1287
432 1287
433 1287
434 1287
435 1287
436 1287
437 1287
438 1287
439 1287
440 1287
441 1287
442 1287
443 1287
444 1287
445 1287
446 1287
447 1287
448 1287
449 1287
450 1287
451 1287
452 1288
453 1288
454 1288
455 1288
456 1289
457 1289
458 1288
459 1288
460 1288
461 1288
462 1288
463 1288
464 1288
465 1288
466 1288
467 1288
468 1288
469 1288
470 1288
471 1288
472 1288
473 1288
474 1289
475 1289
476 1289
477 1289
478 1289
479 1290
480 1290
481 1290
482 1290
483 1291
484 1291
485 1291
486 1291
487 1291
488 1291
489 1291
490 1291
491 1291
492 1291
493 1291
494 1291
495 1291
496 1291
497 1292
498 1292
499 1292
500 1292
501 1292
502 1293
503 1293
504 1293
505 1293
506 1293
507 1293
508 1294
509 1294
510 1294
511 1295
512 1295
513 1295
514 1295
515 1295
516 1295
517 1295
518 1295
519 1295
520 1296
521 1296
522 1296
523 1296
524 1296
525 1296
526 1297
527 1297
528 1297
529 1298
530 1298
531 1298
532 1298
533 1298
534 1298
535 1298
536 1298
537 1298
538 1298
539 1298
540 1298
541 1298
542 1298
543 1298
544 1298
545 1298
546 1298
547 1298
548 1298
549 1298
550 1298
551 1298
552 1298
553 1298
554 1298
555 1299
556 1299
557 1299
558 1299
559 1299
560 1299
561 1300
562 1300
563 1300
564 1300
565 1300
566 1299
567 1299
568 1299
569 1299
570 1298
571 1298
572 1298
573 1298
574 1297
575 1297
576 1297
577 1297
578 1297
579 1296
580 1296
581 1296
582 1296
583 1296
584 1296
585 1296
586 1296
587 1296
588 1296
589 1296
590 1296
591 1296
592 1296
593 1296
594 1296
595 1297
596 1297
597 1297
598 1297
599 1297
600 1297
601 1298
602 1298
603 1298
604 1298
605 1298
606 1298
607 1298
608 1298
609 1298
610 1298
611 1298
612 1298
613 1298
614 1297
615 1297
616 1297
617 1297
618 1297
619 1297
620 1296
621 1296
622 1297
623 1297
624 1297
625 1297
626 1297
627 1297
628 1296
629 1296
630 1296
631 1296
632 1295
633 1295
634 1294
635 1294
636 1293
637 1293
638 1293
639 1293
640 1292
641 1292
642 1292
643 1291
644 1291
645 1290
646 1290
647 1289
648 1289
649 1288
650 1288
651 1287
652 1287
653 1286
654 1285
655 1285
656 1284
657 1283
658 1282
659 1282
660 1281
661 1280
662 1280
663 1279
664 1278
665 1278
666 1277
667 1276
668 1275
669 1275
670 1274
671 1273
672 1272
673 1272
674 1271
675 1271
676 1270
677 1270
678 1269
679 1268
680 1267
681 1266
681 1265
682 1264
683 1263
683 1262
684 1261
685 1260
685 1259
685 1258
686 1257
687 1256
687 1255
688 1254
689 1253
689 1252
690 1251
690 1250
691 1249
691 1248
692 1247
692 1246
693 1245
693 1244
693 1243
693 1242
693 1241
693 1240
693 1239
693 1238
693 1237
693 1236
693 1235
693 1234
693 1233
692 1232
692 1231
692 1230
692 1229
692 1228
691 1227
691 1226
691 1225
691 1224
690 1223
690 1222
689 1221
689 1220
688 1219
687 1218
686 1217
685 1216
684 1215
683 1214
682 1213
682 1212
681 1211
680 1210
679 1209
679 1208
678 1207
677 1206
676 1206
675 1205
674 1204
673 1203
672 1203
671 1202
670 1201
669 1200
668 1200
667 1199
666 1198
665 1197
664 1196
663 1195
662 1194
661 1193
660 1192
659 1191
658 1190
657 1189
656 1188
655 1187
654 1186
653 1185
653 1184
652 1183
651 1182
650 1181
650 1180
649 1179
648 1178
647 1177
647 1176
646 1175
645 1174
645 1173
644 1172
643 1171
642 1170
641 1169
640 1168
640 1167
639 1166
638 1165
637 1164
637 1163
636 1162
635 1161
634 1161
633 1160
633 1159
632 1158
632 1157
631 1156
630 1155
629 1155
628 1154
627 1154
626 1153
625 1152
624 1151
623 1150
622 1150
621 1149
620 1149
619 1148
618 1148
617 1148
616 1147
615 1147
614 1147
613 1147
612 1146
611 1146
610 1146
609 1145
608 1145
607 1145
606 1145
605 1144
604 1144
603 1144
602 1144
601 1144
600 1143
599 1143
598 1142
597 1142
596 1142
595 1142
594 1142
593 1142
592 1142
591 1142
590 1142
589 1142
588 1142
587 1142
586 1141
585 1141
584 1141
583 1141
582 1141
581 1141
580 1141
579 1141
578 1141
577 1141
576 1141
575 1140
574 1140
573 1140
572 1140
571 1140
570 1140
569 1140
568 1140
567 1140
566 1140
565 1140
564 1140
563 1140
562 1140
561 1140
560 1140
559 1140
558 1140
557 1140
556 1140
555 1140
554 1140
553 1140
552 1140
551 1140
550 1140
549 1140
548 1140
547 1140
546 1140
545 1140
544 1140
543 1140
542 1140
541 1140
540 1140
539 1140
538 1140
537 1140
536 1140
535 1140
534 1140
533 1140
532 1140
531 1140
530 1140
529 1140
528 1139
527 1139
526 1139
525 1139
524 1139
523 1138
522 1138
521 1138
520 1137
519 1137
518 1137
517 1136
516 1136
515 1136
514 1136
513 1136
512 1135
511 1135
510 1135
509 1135
508 1135
507 1135
506 1135
505 1135
504 1134
503 1134
502 1134
501 1133
500 1133
499 1133
498 1133
497 1133
496 1133
495 1133
494 1133
493 1132
492 1132
491 1132
490 1132
489 1131
488 1131
487 1131
486 1131
485 1131
484 1130
483 1130
482 1130
481 1130
480 1130
479 1130
478 1129
477 1129
476 1128
475 1128
474 1128
473 1128
472 1128
471 1128
470 1128
469 1128
468 1127
467 1127
466 1127
465 1126
464 1126
463 1126
462 1126
461 1126
460 1126
459 1126
458 1126
457 1126
456 1126
455 1125
454 1125
453 1125
452 1125
451 1125
450 1125
449 1125
448 1125
447 1125
446 1126
445 1126
444 1126
443 1126
442 1126
441 1126
440 1126
439 1127
438 1127
437 1127
436 1127
435 1127
434 1127
433 1127
432 1127
431 1127
430 1127
429 1127
428 1127
427 1127
426 1127
425 1127
424 1127
423 1127
422 1127
421 1127
420 1127
419 1127
418 1127
417 1127
416 1127
415 1127
414 1127
413 1127
412 1127
411 1127
410 1127
409 1127
408 1127
407 1127
406 1127
405 1127
404 1127
403 1127
402 1127
401 1127
400 1127
399 1127
398 1127
397 1127
396 1127
395 1127
394 1127
393 1127
392 1127
391 1127
390 1127
389 1127
388 1127
387 1127
386 1127
385 1127
384 1127
383 1127
382 1127
381 1127
380 1127
379 1127
378 1127
377 1127
376 1127
375 1127
374 1127
373 1127
372 1127
371 1127
370 1127
369 1127
368 1127
367 1127
366 1127
365 1127
364 1128
363 1128
362 1128
361 1128
360 1128
359 1128
358 1129
357 1129
356 1129
355 1129
354 1129
353 1129
352 1129
351 1129
350 1129
349 1129
348 1129
347 1129
346 1129
345 1129
344 1130
343 1130
342 1129
341 1129
340 1129
339 1129
338 1129
337 1129
336 1129
335 1129
334 1129
333 1129
332 1129
331 1129
330 1129
329 1129
328 1129
327 1129
326 1129
325 1129
324 1129
323 1129
322 1129
321 1129
320 1130
319 1130
318 1130
317 1130
316 1130
315 1130
314 1130
313 1130
312 1130
311 1130
310 1129
309 1129
308 1129
307 1129
306 1128
305 1128
304 1128
303 1128
302 1128
301 1128
300 1128
299 1128
298 1128
297 1128
296 1128
295 1128
294 1127
293 1127
292 1127
291 1127
290 1127
289 1127
288 1127
287 1127
286 1127
285 1126
284 1126
283 1126
282 1126
281 1126
280 1126
279 1126
278 1126
277 1126
276 1126
275 1126
274 1126
273 1126
272 1126
271 1125
270 1125
269 1125
268 1125
267 1125
266 1125
265 1125
264 1125
263 1125
262 1125
261 1125
260 1125
259 1125
258 1125
257 1125
256 1125
255 1125
254 1125
253 1125
252 1125
251 1125
250 1125
249 1125
248 1125
247 1125
246 1125
