590 1343
589 1344
588 1344
587 1344
586 1344
585 1345
584 1345
583 1345
582 1345
581 1345
580 1345
579 1345
578 1345
577 1345
576 1345
575 1346
574 1346
573 1346
572 1346
571 1346
570 1347
569 1347
568 1347
567 1347
566 1348
565 1348
564 1349
563 1349
562 1350
561 1350
560 1351
559 1351
558 1351
557 1352
556 1353
555 1353
554 1354
553 1355
552 1355
551 1356
550 1356
549 1357
548 1357
547 1358
546 1358
545 1359
544 1359
543 1360
542 1361
541 1361
540 1362
539 1362
538 1363
537 1363
536 1364
535 1364
534 1365
533 1366
532 1367
531 1368
530 1369
529 1369
528 1370
527 1371
526 1372
525 1372
524 1373
523 1373
522 1374
521 1375
520 1375
519 1376
518 1376
517 1376
516 1377
515 1377
514 1377
513 1378
512 1378
511 1378
510 1378
509 1379
508 1379
507 1380
506 1380
505 1380
504 1381
503 1381
502 1381
501 1381
500 1382
499 1382
498 1382
497 1382
496 1382
495 1383
494 1383
493 1383
492 1383
491 1383
490 1384
489 1384
488 1385
487 1385
486 1386
485 1386
484 1386
483 1386
482 1386
481 1386
480 1386
479 1386
478 1386
477 1387
476 1387
475 1388
474 1388
473 1388
472 1389
471 1389
470 1390
469 1390
468 1391
467 1391
466 1391
465 1391
464 1392
463 1392
462 1393
461 1393
460 1394
459 1395
458 1395
457 1395
456 1395
455 1395
454 1395
453 1396
452 1396
451 1396
450 1396
449 1396
448 1396
447 1396
446 1396
445 1396
444 1397
443 1397
442 1397
441 1398
440 1397
439 1398
438 1398
437 1398
436 1398
435 1399
434 1399
433 1399
432 1399
431 1399
430 1399
429 1399
428 1399
427 1399
426 1400
425 1400
424 1400
423 1400
422 1400
421 1400
420 1400
419 1400
418 1400
417 1400
416 1400
415 1400
414 1400
413 1400
412 1400
411 1400
410 1401
409 1401
408 1401
407 1401
406 1401
405 1401
404 1401
403 1401
402 1401
401 1401
400 1401
399 1401
398 1401
397 1401
396 1401
395 1401
394 1401
393 1401
392 1401
391 1401
390 1401
389 1401
388 1401
387 1401
386 1401
385 1401
384 1401
383 1401
382 1401
381 1402
380 1402
379 1402
378 1402
377 1402
376 1402
375 1403
374 1403
373 1403
372 1403
371 1403
370 1403
369 1403
368 1403
367 1403
366 1403
365 1403
364 1403
363 1404
362 1404
361 1404
360 1404
359 1404
358 1404
357 1404
356 1404
355 1404
354 1404
353 1404
352 1404
351 1404
350 1404
349 1404
348 1404
347 1405
346 1405
345 1405
344 1405
343 1405
342 1405
341 1405
340 1405
339 1405
338 1405
337 1405
336 1405
335 1405
334 1405
333 1405
332 1405
331 1405
330 1405
329 1405
328 1405
327 1405
326 1405
325 1405
324 1405
323 1405
322 1405
321 1405
320 1405
319 1405
318 1405
317 1405
316 1405
315 1405
314 1405
313 1405
312 1405
311 1405
310 1405
309 1405
308 1405
307 1405
306 1405
305 1405
304 1405
303 1405
302 1405
301 1405
300 1405
299 1405
298 1405
297 1405
296 1405
295 1405
294 1405
293 1405
292 1405
291 1405
290 1405
289 1405
288 1405
287 1405
286 1405
285 1405
284 1405
283 1405
282 1405
281 1406
280 1406
279 1406
278 1406
277 1406
276 1406
275 1406
274 1406
273 1406
272 1406
271 1406
270 1406
269 1406
268 1406
267 1406
266 1406
265 1406
264 1406
263 1406
262 1406
261 1406
260 1406
259 1406
258 1406
257 1406
256 1406
255 1406
254 1406
253 1406
252 1406
251 1406
250 1406
249 1406
248 1406
247 1406
246 1406
245 1406
244 1406
243 1406
242 1406
241 1406
240 1406
239 1406
238 1406
237 1406
236 1406
235 1406
234 1406
233 1406
232 1406
231 1406
230 1406
229 1406
228 1406
227 1406
226 1406
225 1406
224 1406
223 1406
222 1406
221 1406
220 1406
219 1406
218 1406
217 1406
216 1406
215 1406
214 1406
213 1406
212 1406
211 1406
210 1406
209 1406
208 1406
207 1406
206 1407
205 1407
204 1407
203 1407
202 1407
201 1407
200 1407
199 1407
198 1407
197 1407
196 1407
195 1407
194 1407
193 1407
192 1408
191 1408
190 1408
189 1408
188 1408
187 1408
186 1408
185 1409
184 1409
183 1409
182 1409
181 1409
180 1409
179 1409
178 1409
177 1409
176 1409
175 1410
174 1410
173 1410
172 1410
171 1410
170 1410
169 1410
168 1410
167 1410
166 1411
165 1411
164 1411
163 1411
162 1411
161 1411
160 1412
159 1412
158 1412
157 1412
156 1412
155 1412
154 1413
153 1413
152 1413
151 1413
150 1413
149 1413
148 1413
147 1414
146 1414
145 1414
144 1414
143 1414
142 1415
141 1415
140 1415
139 1415
138 1415
137 1415
136 1416
135 1416
134 1416
133 1416
132 1416
131 1416
130 1416
129 1417
128 1417
127 1417
126 1417
125 1417
124 1417
123 1418
122 1418
121 1418
120 1418
119 1418
118 1419
117 1419
116 1419
115 1419
114 1419
113 1420
112 1420
111 1420
110 1420
109 1420
108 1420
107 1420
106 1420
105 1420
104 1421
103 1421
102 1421
101 1421
100 1421
99 1422
98 1422
97 1422
96 1422
95 1422
94 1423
93 1423
92 1423
91 1423
90 1423
89 1423
88 1423
87 1423
86 1424
85 1424
84 1424
83 1424
82 1424
81 1424
80 1425
79 1425
78 1425
77 1425
76 1425
75 1426
74 1426
73 1426
72 1426
71 1426
70 1426
69 1426
68 1426
67 1426
66 1426
65 1427
64 1427
63 1427
62 1427
61 1427
60 1427
59 1428
58 1428
57 1428
56 1428
55 1428
54 1428
53 1428
52 1429
51 1429
50 1429
49 1429
48 1429
47 1429
46 1429
45 1429
44 1429
43 1430
42 1430
41 1430
40 1430
39 1431
38 1431
37 1431
36 1431
35 1431
34 1431
33 1431
32 1432
31 1432
30 1432
29 1433
28 1433
27 1434
26 1435
25 1436
25 1437
26 1438
26 1439
27 1440
28 1441
29 1441
30 1442
31 1443
32 1443
33 1444
34 1444
35 1445
36 1445
37 1446
38 1446
39 1447
40 1447
41 1448
42 1448
43 1449
44 1449
45 1450
46 1450
47 1451
48 1451
49 1452
50 1452
51 1452
52 1453
53 1453
54 1454
55 1454
56 1455
57 1455
58 1456
59 1456
60 1456
61 1456
62 1457
63 1457
64 1457
65 1457
66 1458
67 1458
68 1458
69 1458
70 1459
71 1459
72 1459
73 1459
74 1459
75 1459
76 1459
77 1460
78 1460
79 1460
80 1460
81 1460
82 1460
83 1460
84 1460
85 1461
86 1461
87 1461
88 1462
89 1462
90 1462
91 1463
92 1463
93 1464
94 1464
95 1464
96 1465
97 1465
98 1466
99 1466
100 1467
101 1467
102 1468
103 1468
104 1469
105 1469
106 1469
107 1470
108 1470
109 1470
110 1470
111 1471
112 1471
113 1471
114 1471
115 1471
116 1471
117 1471
118 1472
119 1472
120 1472
121 1472
122 1472
123 1472
124 1473
125 1473
126 1473
127 1474
128 1474
129 1474
130 1474
131 1475
132 1475
133 1475
134 1476
135 1476
136 1476
137 1476
138 1476
139 1476
140 1477
141 1477
142 1477
143 1477
144 1477
145 1477
146 1477
147 1477
148 1477
149 1477
150 1477
151 1478
152 1478
153 1478
154 1478
155 1478
156 1478
157 1478
158 1478
159 1479
160 1479
161 1479
162 1479
163 1480
164 1480
165 1480
166 1481
167 1481
168 1481
169 1482
170 1482
171 1482
172 1483
173 1483
174 1483
175 1484
176 1484
177 1484
178 1485
179 1485
180 1485
181 1486
182 1486
183 1486
184 1487
185 1487
186 1487
187 1487
188 1488
189 1488
190 1489
191 1489
192 1489
193 1489
194 1489
195 1489
196 1490
197 1490
198 1490
199 1490
200 1490
201 1490
202 1490
203 1490
204 1490
205 1491
206 1491
207 1491
208 1491
209 1491
210 1491
211 1491
212 1491
213 1491
214 1491
215 1491
216 1492
217 1492
218 1492
219 1492
220 1492
221 1493
222 1493
223 1493
224 1493
225 1493
226 1494
227 1494
228 1494
229 1494
230 1495
231 1495
232 1495
233 1495
234 1496
235 1496
236 1496
237 1496
238 1496
239 1497
240 1497
241 1497
242 1497
243 1497
244 1497
245 1498
246 1498
247 1498
248 1498
249 1498
250 1498
251 1499
252 1499
253 1499
254 1499
255 1500
256 1500
257 1500
258 1500
259 1500
260 1501
261 1501
262 1501
263 1501
264 1501
265 1501
266 1501
267 1502
268 1502
269 1502
270 1502
271 1503
272 1503
273 1503
274 1503
275 1503
276 1503
277 1503
278 1504
279 1504
280 1504
281 1504
282 1504
283 1504
284 1504
285 1504
286 1504
287 1504
288 1504
289 1504
290 1504
291 1505
292 1505
293 1505
294 1505
295 1505
296 1505
297 1505
298 1505
299 1505
300 1505
301 1505
302 1505
303 1506
304 1506
305 1506
306 1506
307 1506
308 1506
309 1506
310 1506
311 1506
312 1507
313 1507
314 1507
315 1507
316 1507
317 1507
318 1508
319 1508
320 1508
321 1508
322 1508
323 1508
324 1508
325 1509
326 1509
327 1509
328 1509
329 1510
330 1509
331 1509
332 1509
333 1509
334 1509
335 1509
336 1509
337 1509
338 1509
339 1509
340 1509
341 1509
342 1509
343 1509
344 1509
345 1509
346 1509
347 1509
348 1510
349 1510
350 1510
351 1510
352 1510
353 1510
354 1510
355 1511
356 1511
357 1511
358 1511
359 1511
360 1511
361 1511
362 1511
363 1511
364 1511
365 1512
366 1512
367 1512
368 1512
369 1512
370 1512
371 1512
372 1512
373 1512
374 1512
375 1513
376 1513
377 1513
378 1513
379 1514
380 1514
381 1514
382 1515
383 1515
384 1515
385 1515
386 1515
387 1515
388 1515
389 1516
390 1516
391 1516
392 1516
393 1516
394 1516
395 1516
396 1516
397 1516
398 1516
399 1516
400 1516
401 1516
402 1516
403 1516
404 1516
405 1516
406 1516
407 1516
408 1516
409 1516
410 1516
411 1517
412 1517
413 1517
414 1517
415 1517
416 1517
417 1517
418 1517
419 1517
420 1518
421 1518
422 1518
423 1518
424 1518
425 1518
426 1518
427 1518
428 1519
429 1519
430 1519
431 1519
432 1519
433 1519
434 1519
435 1519
436 1519
437 1519
438 1519
439 1519
440 1519
441 1519
442 1519
443 1519
444 1519
445 1519
446 1519
447 1519
448 1519
449 1519
450 1519
451 1520
452 1520
453 1520
454 1520
455 1520
456 1520
457 1520
458 1520
459 1520
460 1520
461 1520
462 1520
463 1520
464 1520
465 1520
466 1520
467 1520
468 1520
469 1520
470 1520
471 1520
472 1520
473 1520
474 1520
475 1520
476 1520
477 1520
478 1521
479 1521
480 1521
481 1521
482 1522
483 1522
484 1522
485 1522
486 1522
487 1522
488 1522
489 1522
490 1522
491 1522
492 1522
493 1522
494 1522
495 1522
496 1522
497 1522
498 1522
499 1522
500 1522
501 1522
502 1522
503 1522
504 1522
505 1522
506 1522
507 1522
508 1522
509 1522
510 1522
511 1522
512 1522
513 1522
514 1522
515 1522
516 1523
517 1523
518 1523
519 1523
520 1523
521 1523
522 1523
523 1524
524 1524
525 1524
526 1524
527 1524
528 1525
529 1525
530 1525
531 1525
532 1525
533 1525
534 1526
535 1526
536 1526
537 1526
538 1526
539 1526
540 1526
541 1526
542 1526
543 1526
544 1526
545 1526
546 1526
547 1526
548 1526
549 1526
550 1526
551 1526
552 1525
553 1525
554 1525
555 1525
556 1525
557 1525
558 1525
559 1525
560 1525
561 1525
562 1525
563 1525
564 1525
565 1525
566 1525
567 1524
568 1524
569 1524
570 1524
571 1524
572 1524
573 1524
574 1523
575 1523
576 1523
577 1523
578 1522
579 1522
580 1522
581 1522
582 1522
583 1522
584 1522
585 1521
586 1521
587 1521
588 1521
589 1521
590 1520
591 1520
592 1520
593 1519
594 1519
595 1518
596 1518
597 1517
598 1517
599 1516
600 1515
601 1515
602 1514
603 1514
604 1513
605 1513
606 1513
607 1512
608 1512
609 1512
610 1512
611 1511
612 1511
613 1511
614 1511
615 1511
616 1511
617 1511
618 1511
619 1511
620 1511
621 1511
622 1511
623 1511
624 1511
625 1511
626 1511
627 1511
628 1510
629 1510
630 1510
631 1510
632 1509
633 1509
634 1509
635 1509
636 1509
637 1508
638 1508
639 1508
640 1508
641 1508
642 1507
643 1507
644 1507
645 1507
646 1506
647 1506
648 1505
649 1505
650 1505
651 1504
652 1504
653 1503
654 1503
655 1502
656 1502
657 1501
658 1500
659 1500
660 1499
661 1499
662 1498
663 1497
664 1496
665 1495
666 1495
666 1494
667 1493
668 1492
669 1491
670 1490
670 1489
671 1488
671 1487
672 1486
672 1485
673 1484
673 1483
673 1482
674 1481
674 1480
675 1479
676 1478
676 1477
677 1476
677 1475
678 1474
678 1473
679 1472
679 1471
680 1470
680 1469
681 1468
682 1467
682 1466
683 1465
683 1464
683 1463
684 1462
684 1461
685 1460
685 1459
686 1458
686 1457
687 1456
687 1455
688 1454
688 1453
689 1452
689 1451
689 1450
690 1449
690 1448
691 1447
692 1446
692 1445
692 1444
692 1443
693 1442
693 1441
693 1440
693 1439
693 1438
693 1437
693 1436
693 1435
693 1434
693 1433
692 1432
692 1431
691 1430
691 1429
691 1428
691 1427
690 1426
690 1425
690 1424
690 1423
689 1422
689 1421
689 1420
689 1419
688 1418
688 1417
688 1416
688 1415
688 1414
688 1413
688 1412
687 1411
687 1410
687 1409
687 1408
687 1407
687 1406
687 1405
687 1404
687 1403
686 1402
686 1401
685 1400
685 1399
685 1398
684 1397
684 1396
684 1395
683 1394
683 1393
683 1392
683 1391
683 1390
682 1389
682 1388
682 1387
682 1386
681 1385
681 1384
680 1383
679 1382
679 1381
678 1380
678 1379
677 1378
676 1377
675 1377
674 1376
673 1375
672 1375
671 1374
670 1373
669 1372
668 1371
667 1370
666 1370
665 1369
664 1368
663 1368
662 1367
661 1366
660 1366
659 1365
658 1364
657 1364
656 1363
655 1363
654 1362
653 1362
652 1361
651 1361
650 1360
649 1360
648 1360
647 1359
646 1359
645 1358
644 1358
643 1358
642 1357
641 1357
640 1356
639 1355
638 1354
637 1353
636 1352
635 1352
634 1351
633 1351
632 1350
631 1350
630 1349
629 1349
628 1349
627 1348
626 1348
625 1348
624 1347
623 1347
622 1347
621 1346
620 1346
619 1345
618 1345
617 1345
616 1345
615 1344
614 1344
613 1344
612 1344
611 1344
610 1344
609 1344
608 1344
607 1343
606 1344
605 1344
604 1343
603 1343
602 1343
601 1343
600 1343
599 1343
598 1343
597 1343
596 1343
595 1343
594 1343
593 1343
592 1343
591 1343
590 1343
