453 1569
452 1570
451 1570
450 1570
449 1570
448 1570
447 1570
446 1570
445 1570
444 1570
443 1570
442 1570
441 1570
440 1570
439 1570
438 1570
437 1570
436 1570
435 1571
434 1571
433 1571
432 1571
431 1572
430 1572
429 1572
428 1572
427 1572
426 1572
425 1573
424 1573
423 1573
422 1574
421 1574
420 1574
419 1575
418 1575
417 1575
416 1576
415 1576
414 1576
413 1576
412 1576
411 1577
410 1577
409 1577
408 1577
407 1577
406 1577
405 1577
404 1578
403 1578
402 1578
401 1578
400 1578
399 1578
398 1578
397 1578
396 1578
395 1578
394 1578
393 1578
392 1578
391 1578
390 1578
389 1578
388 1578
387 1578
386 1578
385 1578
384 1578
383 1578
382 1578
381 1578
380 1579
379 1579
378 1579
377 1579
376 1579
375 1579
374 1579
373 1579
372 1579
371 1580
370 1580
369 1580
368 1580
367 1580
366 1581
365 1581
364 1581
363 1582
362 1582
361 1582
360 1583
359 1583
358 1583
357 1583
356 1583
355 1583
354 1584
353 1584
352 1584
351 1584
350 1585
349 1585
348 1585
347 1585
346 1585
345 1585
344 1585
343 1585
342 1586
341 1586
340 1586
339 1586
338 1586
337 1587
336 1587
335 1587
334 1587
333 1587
332 1587
331 1587
330 1587
329 1587
328 1587
327 1587
326 1587
325 1587
324 1588
323 1588
322 1588
321 1588
320 1588
319 1588
318 1588
317 1589
316 1589
315 1589
314 1590
313 1590
312 1591
311 1591
310 1592
309 1592
308 1592
307 1592
306 1592
305 1592
304 1592
303 1592
302 1591
301 1592
300 1592
299 1592
298 1592
297 1592
296 1592
295 1593
294 1593
293 1593
292 1593
291 1593
290 1593
289 1593
288 1593
287 1593
286 1593
285 1593
284 1593
283 1594
282 1594
281 1594
280 1595
279 1596
278 1596
277 1596
276 1596
275 1596
274 1596
273 1596
272 1596
271 1596
270 1596
269 1596
268 1596
267 1596
266 1596
265 1597
264 1597
263 1597
262 1597
261 1598
260 1598
259 1598
258 1598
257 1598
256 1599
255 1599
254 1599
253 1599
252 1599
251 1599
250 1599
249 1600
248 1600
247 1600
246 1600
245 1600
244 1600
243 1600
242 1600
241 1601
240 1601
239 1601
238 1601
237 1601
236 1601
235 1601
234 1602
233 1602
232 1602
231 1603
230 1603
229 1603
228 1603
227 1603
226 1603
225 1603
224 1603
223 1603
222 1604
221 1604
220 1604
219 1604
218 1605
217 1605
216 1606
215 1606
214 1606
213 1606
212 1607
211 1607
210 1607
209 1608
208 1608
207 1608
206 1608
205 1608
204 1608
203 1608
202 1608
201 1609
200 1609
199 1610
198 1610
197 1611
196 1611
195 1611
194 1611
193 1611
192 1612
191 1612
190 1613
189 1613
188 1614
187 1614
186 1614
185 1614
184 1614
183 1614
182 1615
181 1615
180 1615
179 1616
178 1616
177 1616
176 1616
175 1617
174 1617
173 1617
172 1617
171 1618
170 1618
169 1618
168 1619
167 1619
166 1619
165 1620
164 1620
163 1620
162 1620
161 1620
160 1620
159 1620
158 1621
157 1621
156 1621
155 1621
154 1622
153 1622
152 1622
151 1622
150 1622
149 1622
148 1622
147 1622
146 1622
145 1622
144 1622
143 1623
142 1623
141 1623
140 1623
139 1623
138 1623
137 1623
136 1624
135 1624
134 1624
133 1624
132 1624
131 1625
130 1625
129 1625
128 1625
127 1625
126 1625
125 1626
124 1626
123 1626
122 1626
121 1626
120 1626
119 1626
118 1626
117 1626
116 1626
115 1626
114 1626
113 1626
112 1626
111 1626
110 1627
109 1627
108 1627
107 1628
106 1628
105 1628
104 1628
103 1628
102 1628
101 1628
100 1628
99 1628
98 1628
97 1628
96 1628
95 1628
94 1628
93 1628
92 1628
91 1628
90 1628
89 1628
88 1628
87 1629
86 1629
85 1629
84 1629
83 1630
82 1630
81 1631
80 1631
79 1632
78 1632
77 1632
76 1632
75 1632
74 1632
73 1632
72 1632
71 1632
70 1632
69 1633
68 1633
67 1633
66 1633
65 1634
64 1635
63 1636
62 1636
61 1636
60 1636
59 1636
58 1636
57 1637
56 1637
55 1637
54 1637
53 1637
52 1637
51 1637
50 1638
49 1638
48 1638
47 1638
46 1638
45 1639
44 1639
43 1639
42 1639
41 1640
40 1640
39 1640
38 1640
37 1641
36 1641
35 1641
34 1641
33 1642
32 1642
31 1642
30 1643
29 1644
28 1645
27 1646
27 1647
26 1648
25 1649
25 1650
25 1651
25 1652
25 1653
26 1654
26 1655
26 1656
26 1657
26 1658
26 1659
26 1660
26 1661
26 1662
26 1663
26 1664
26 1665
26 1666
26 1667
27 1668
28 1668
29 1669
30 1670
31 1670
32 1671
33 1672
34 1672
35 1673
36 1673
37 1674
38 1674
39 1675
40 1675
41 1675
42 1675
43 1675
44 1676
45 1676
46 1676
47 1677
48 1677
49 1678
50 1678
51 1679
52 1680
53 1680
54 1680
55 1680
56 1680
57 1680
58 1680
59 1681
60 1681
61 1681
62 1682
63 1682
64 1683
65 1684
66 1684
67 1684
68 1685
69 1685
70 1685
71 1685
72 1685
73 1685
74 1686
75 1686
76 1686
77 1686
78 1686
79 1686
80 1686
81 1686
82 1686
83 1686
84 1687
85 1687
86 1687
87 1687
88 1687
89 1688
90 1688
91 1689
92 1689
93 1689
94 1690
95 1691
96 1692
97 1693
98 1694
99 1695
100 1696
101 1697
102 1698
102 1699
103 1700
104 1701
105 1702
106 1703
107 1703
108 1703
109 1704
110 1704
111 1704
112 1704
113 1705
114 1705
115 1705
116 1705
117 1705
118 1706
119 1706
120 1706
121 1706
122 1706
123 1706
124 1706
125 1706
126 1706
127 1707
128 1707
129 1707
130 1707
131 1708
132 1708
133 1708
134 1708
135 1708
136 1708
137 1709
138 1709
139 1709
140 1709
141 1709
142 1709
143 1710
144 1710
145 1710
146 1710
147 1710
148 1710
149 1710
150 1710
151 1711
152 1711
153 1711
154 1711
155 1711
156 1711
157 1711
158 1711
159 1711
160 1711
161 1711
162 1711
163 1711
164 1711
165 1711
166 1711
167 1711
168 1711
169 1711
170 1711
171 1712
172 1712
173 1712
174 1712
175 1712
176 1712
177 1712
178 1713
179 1713
180 1713
181 1713
182 1713
183 1713
184 1713
185 1714
186 1714
187 1714
188 1714
189 1715
190 1715
191 1715
192 1715
193 1715
194 1716
195 1716
196 1716
197 1716
198 1716
199 1716
200 1717
201 1717
202 1717
203 1717
204 1718
205 1718
206 1718
207 1718
208 1718
209 1718
210 1718
211 1718
212 1718
213 1718
214 1718
215 1718
216 1718
217 1718
218 1718
219 1718
220 1718
221 1718
222 1718
223 1718
224 1718
225 1718
226 1718
227 1718
228 1719
229 1719
230 1719
231 1719
232 1719
233 1720
234 1720
235 1720
236 1720
237 1720
238 1720
239 1721
240 1721
241 1721
242 1721
243 1721
244 1721
245 1721
246 1721
247 1721
248 1721
249 1722
250 1722
251 1722
252 1723
253 1723
254 1723
255 1723
256 1723
257 1723
258 1723
259 1724
260 1724
261 1724
262 1724
263 1724
264 1724
265 1724
266 1724
267 1724
268 1724
269 1724
270 1724
271 1724
272 1725
273 1725
274 1725
275 1725
276 1726
277 1726
278 1726
279 1726
280 1727
281 1727
282 1727
283 1728
284 1728
285 1728
286 1728
287 1728
288 1728
289 1729
290 1729
291 1729
292 1729
293 1729
294 1729
295 1730
296 1730
297 1730
298 1730
299 1730
300 1730
301 1731
302 1731
303 1731
304 1731
305 1732
306 1732
307 1732
308 1732
309 1732
310 1732
311 1732
312 1732
313 1732
314 1732
315 1733
316 1733
317 1733
318 1733
319 1733
320 1733
321 1733
322 1733
323 1733
324 1734
325 1734
326 1734
327 1734
328 1734
329 1734
330 1734
331 1734
332 1735
333 1735
334 1735
335 1735
336 1735
337 1736
338 1736
339 1736
340 1736
341 1737
342 1737
343 1737
344 1737
345 1737
346 1738
347 1738
348 1738
349 1738
350 1738
351 1738
352 1738
353 1738
354 1738
355 1738
356 1738
357 1738
358 1738
359 1738
360 1738
361 1738
362 1738
363 1738
364 1738
365 1738
366 1738
367 1738
368 1738
369 1738
370 1739
371 1739
372 1739
373 1739
374 1739
375 1739
376 1739
377 1739
378 1739
379 1739
380 1740
381 1740
382 1740
383 1740
384 1740
385 1740
386 1740
387 1740
388 1740
389 1740
390 1740
391 1740
392 1740
393 1740
394 1740
395 1740
396 1740
397 1740
398 1740
399 1740
400 1740
401 1741
402 1741
403 1741
404 1741
405 1741
406 1741
407 1741
408 1741
409 1742
410 1742
411 1742
412 1742
413 1742
414 1742
415 1742
416 1742
417 1742
418 1742
419 1742
420 1742
421 1742
422 1742
423 1742
424 1742
425 1742
426 1743
427 1743
428 1743
429 1743
430 1743
431 1743
432 1744
433 1744
434 1744
435 1745
436 1745
437 1745
438 1745
439 1745
440 1745
441 1745
442 1745
443 1745
444 1745
445 1745
446 1745
447 1745
448 1745
449 1745
450 1746
451 1746
452 1746
453 1746
454 1746
455 1746
456 1747
457 1747
458 1747
459 1747
460 1747
461 1747
462 1747
463 1747
464 1748
465 1748
466 1748
467 1748
468 1749
469 1749
470 1749
471 1749
472 1750
473 1750
474 1750
475 1750
476 1750
477 1751
478 1751
479 1751
480 1751
481 1751
482 1751
483 1751
484 1752
485 1752
486 1752
487 1752
488 1753
489 1753
490 1753
491 1753
492 1753
493 1753
494 1753
495 1753
496 1754
497 1754
498 1754
499 1754
500 1754
501 1754
502 1755
503 1755
504 1756
505 1756
506 1757
507 1757
508 1757
509 1758
510 1758
511 1759
512 1759
513 1759
514 1759
515 1759
516 1759
517 1759
518 1759
519 1759
520 1759
521 1759
522 1759
523 1759
524 1759
525 1759
526 1759
527 1759
528 1759
529 1759
530 1758
531 1758
532 1758
533 1758
534 1758
535 1758
536 1758
537 1758
538 1757
539 1758
540 1757
541 1757
542 1757
543 1757
544 1757
545 1756
546 1756
547 1756
548 1756
549 1756
550 1755
551 1755
552 1755
553 1755
554 1755
555 1755
556 1754
557 1754
558 1754
559 1754
560 1754
561 1753
562 1753
563 1753
564 1753
565 1752
566 1752
567 1752
568 1752
569 1751
570 1751
571 1751
572 1751
573 1751
574 1751
575 1750
576 1750
577 1750
578 1750
579 1750
580 1750
581 1749
582 1749
583 1749
584 1749
585 1749
586 1749
587 1748
588 1748
589 1748
590 1748
591 1748
592 1748
593 1748
594 1747
595 1747
596 1747
597 1747
598 1746
599 1746
600 1746
601 1746
602 1746
603 1746
604 1745
605 1745
606 1745
607 1745
608 1745
609 1745
610 1745
611 1745
612 1745
613 1744
614 1744
615 1744
616 1744
617 1744
618 1744
619 1744
620 1744
621 1744
622 1744
623 1744
624 1744
625 1744
626 1744
627 1744
628 1744
629 1743
630 1743
631 1743
632 1743
633 1742
634 1742
635 1741
636 1740
637 1740
638 1739
639 1738
640 1738
641 1737
642 1736
643 1736
644 1735
645 1735
646 1734
647 1734
648 1733
649 1733
650 1732
651 1732
652 1731
653 1730
654 1729
655 1728
656 1727
657 1726
657 1725
657 1724
657 1723
657 1722
657 1721
658 1720
658 1719
659 1718
659 1717
660 1716
661 1715
662 1714
663 1714
664 1713
665 1712
666 1712
667 1712
668 1712
669 1712
670 1712
671 1712
672 1712
673 1713
674 1713
675 1713
676 1713
677 1713
678 1713
679 1713
680 1713
681 1712
682 1712
683 1712
684 1712
685 1711
686 1711
687 1711
688 1711
689 1710
690 1709
691 1709
692 1708
693 1707
693 1706
693 1705
693 1704
693 1703
693 1702
693 1701
693 1700
693 1699
693 1698
692 1697
692 1696
691 1695
691 1694
690 1693
689 1692
689 1691
688 1690
688 1689
687 1688
687 1687
686 1686
686 1685
685 1684
685 1683
684 1682
684 1681
684 1680
683 1679
683 1678
683 1677
682 1676
682 1675
681 1674
681 1673
680 1672
680 1671
679 1670
679 1669
678 1668
678 1667
677 1666
676 1665
676 1664
675 1663
674 1662
673 1661
673 1660
672 1659
672 1658
671 1657
670 1656
670 1655
669 1654
668 1653
667 1652
667 1651
667 1650
666 1649
666 1648
665 1647
665 1646
664 1645
663 1644
663 1643
662 1642
662 1641
662 1640
661 1639
661 1638
661 1637
660 1636
660 1635
660 1634
659 1633
659 1632
659 1631
659 1630
658 1629
658 1628
658 1627
657 1626
657 1625
657 1624
657 1623
656 1622
655 1621
654 1620
653 1619
652 1619
651 1618
650 1617
649 1617
648 1617
647 1616
646 1616
645 1615
644 1614
643 1613
642 1613
641 1612
640 1611
639 1611
638 1610
637 1609
636 1608
635 1607
634 1606
634 1605
633 1604
632 1603
631 1602
630 1601
629 1600
628 1599
627 1598
626 1597
625 1596
624 1595
623 1595
622 1594
621 1593
620 1592
619 1592
618 1591
617 1590
616 1590
615 1589
614 1589
613 1589
612 1588
611 1588
610 1588
609 1587
608 1587
607 1586
606 1586
605 1586
604 1585
603 1585
602 1584
601 1584
600 1584
599 1583
598 1583
597 1582
596 1582
595 1582
594 1581
593 1581
592 1580
591 1580
590 1580
589 1579
588 1579
587 1579
586 1578
585 1578
584 1577
583 1577
582 1576
581 1576
580 1576
579 1576
578 1575
577 1575
576 1575
575 1575
574 1575
573 1575
572 1575
571 1575
570 1575
569 1575
568 1575
567 1575
566 1575
565 1575
564 1575
563 1575
562 1575
561 1575
560 1575
559 1574
558 1574
557 1574
556 1574
555 1574
554 1573
553 1573
552 1573
551 1573
550 1573
549 1573
548 1572
547 1572
546 1572
545 1571
544 1571
543 1571
542 1570
541 1570
540 1569
539 1569
538 1569
537 1569
536 1569
535 1569
534 1569
533 1569
532 1569
531 1569
530 1569
529 1569
528 1570
527 1570
526 1570
525 1570
524 1571
523 1571
522 1571
521 1571
520 1571
519 1572
518 1572
517 1572
516 1572
515 1572
514 1572
513 1572
512 1571
511 1571
510 1571
509 1571
508 1571
507 1571
506 1571
505 1571
504 1570
503 1570
502 1570
501 1570
500 1570
499 1570
498 1570
497 1570
496 1570
495 1570
494 1570
493 1570
492 1570
491 1569
490 1569
489 1569
488 1569
487 1569
486 1569
485 1569
484 1569
483 1569
482 1569
481 1569
480 1569
479 1569
478 1569
477 1569
476 1569
475 1569
474 1569
473 1569
472 1569
471 1569
470 1569
469 1569
468 1569
467 1569
466 1569
465 1569
464 1569
463 1569
462 1569
461 1569
460 1569
459 1569
458 1569
457 1569
456 1569
455 1569
454 1569
453 1569
