509 1803
508 1804
507 1804
506 1804
505 1804
504 1804
503 1805
502 1805
501 1805
500 1805
499 1805
498 1805
497 1805
496 1805
495 1805
494 1805
493 1805
492 1805
491 1805
490 1805
489 1805
488 1805
487 1805
486 1805
485 1805
484 1804
483 1804
482 1804
481 1804
480 1804
479 1804
478 1804
477 1804
476 1804
475 1804
474 1804
473 1804
472 1804
471 1804
470 1804
469 1804
468 1804
467 1804
466 1804
465 1804
464 1804
463 1804
462 1804
461 1804
460 1804
459 1804
458 1804
457 1804
456 1804
455 1805
454 1805
453 1805
452 1806
451 1806
450 1806
449 1806
448 1806
447 1807
446 1807
445 1807
444 1807
443 1807
442 1807
441 1807
440 1808
439 1808
438 1808
437 1808
436 1808
435 1808
434 1808
433 1808
432 1808
431 1808
430 1808
429 1808
428 1807
427 1807
426 1807
425 1807
424 1807
423 1807
422 1807
421 1807
420 1806
419 1806
418 1806
417 1806
416 1806
415 1806
414 1806
413 1806
412 1806
411 1806
410 1806
409 1806
408 1806
407 1806
406 1806
405 1806
404 1807
403 1807
402 1807
401 1807
400 1807
399 1807
398 1807
397 1807
396 1807
395 1807
394 1808
393 1808
392 1808
391 1808
390 1808
389 1808
388 1808
387 1808
386 1808
385 1808
384 1808
383 1808
382 1808
381 1808
380 1807
379 1807
378 1807
377 1807
376 1807
375 1806
374 1806
373 1806
372 1805
371 1805
370 1805
369 1805
368 1805
367 1805
366 1805
365 1805
364 1804
363 1804
362 1804
361 1804
360 1804
359 1804
358 1804
357 1804
356 1804
355 1804
354 1804
353 1804
352 1804
351 1805
350 1805
349 1805
348 1805
347 1805
346 1805
345 1804
344 1804
343 1804
342 1804
341 1804
340 1804
339 1804
338 1804
337 1804
336 1804
335 1805
334 1805
333 1805
332 1805
331 1805
330 1805
329 1805
328 1805
327 1806
326 1806
325 1806
324 1806
323 1806
322 1806
321 1806
320 1806
319 1806
318 1806
317 1806
316 1806
315 1806
314 1806
313 1806
312 1806
311 1806
310 1806
309 1806
308 1806
307 1806
306 1806
305 1806
304 1806
303 1806
302 1806
301 1806
300 1806
299 1806
298 1806
297 1806
296 1806
295 1806
294 1806
293 1806
292 1806
291 1806
290 1807
289 1807
288 1807
287 1807
286 1807
285 1808
284 1808
283 1808
282 1808
281 1808
280 1808
279 1808
278 1808
277 1808
276 1808
275 1808
274 1808
273 1808
272 1808
271 1808
270 1808
269 1808
268 1808
267 1808
266 1808
265 1808
264 1808
263 1808
262 1808
261 1808
260 1808
259 1808
258 1808
257 1808
256 1808
255 1808
254 1808
253 1808
252 1808
251 1808
250 1808
249 1808
248 1808
247 1808
246 1808
245 1808
244 1808
243 1808
242 1808
241 1808
240 1808
239 1808
238 1807
237 1807
236 1807
235 1807
234 1808
233 1808
232 1808
231 1808
230 1808
229 1809
228 1809
227 1809
226 1810
225 1810
224 1810
223 1811
222 1811
221 1811
220 1811
219 1811
218 1812
217 1812
216 1812
215 1812
214 1812
213 1813
212 1813
211 1813
210 1813
209 1813
208 1812
207 1813
206 1813
205 1813
204 1813
203 1813
202 1813
201 1814
200 1814
199 1814
198 1814
197 1814
196 1815
195 1815
194 1815
193 1815
192 1815
191 1816
190 1816
189 1816
188 1816
187 1816
186 1816
185 1816
184 1817
183 1817
182 1817
181 1817
180 1817
179 1818
178 1818
177 1818
176 1819
175 1819
174 1819
173 1819
172 1820
171 1820
170 1820
169 1821
168 1821
167 1821
166 1821
165 1822
164 1822
163 1822
162 1823
161 1823
160 1824
159 1824
158 1825
157 1825
156 1825
155 1825
154 1825
153 1825
152 1825
151 1826
150 1826
149 1826
148 1826
147 1826
146 1827
145 1827
144 1827
143 1827
142 1828
141 1828
140 1828
139 1829
138 1828
137 1828
136 1829
135 1829
134 1830
133 1830
132 1830
131 1831
130 1831
129 1832
128 1832
127 1832
126 1832
125 1832
124 1832
123 1832
122 1833
121 1833
120 1833
119 1833
118 1833
117 1834
116 1834
115 1834
114 1834
113 1834
112 1834
111 1835
110 1835
109 1835
108 1835
107 1835
106 1835
105 1836
104 1836
103 1836
102 1837
101 1837
100 1837
99 1838
98 1838
97 1838
96 1839
95 1839
94 1839
93 1839
92 1839
91 1839
90 1839
89 1839
88 1839
87 1839
86 1839
85 1839
84 1840
83 1840
82 1839
81 1840
80 1840
79 1840
78 1841
77 1841
76 1841
75 1841
74 1842
73 1842
72 1843
71 1843
70 1843
69 1844
68 1845
67 1845
66 1846
65 1846
64 1846
63 1846
62 1846
61 1847
60 1847
59 1847
58 1847
57 1847
56 1847
55 1847
54 1847
53 1847
52 1848
51 1848
50 1848
49 1849
48 1849
47 1849
46 1850
45 1850
44 1851
43 1851
42 1852
41 1852
40 1853
39 1853
38 1853
37 1853
36 1854
35 1854
34 1854
33 1855
32 1855
31 1856
30 1856
29 1857
28 1858
27 1859
26 1860
26 1861
26 1862
25 1863
25 1864
25 1865
25 1866
25 1867
25 1868
25 1869
25 1870
25 1871
25 1872
24 1873
24 1874
24 1875
24 1876
24 1877
24 1878
24 1879
24 1880
24 1881
24 1882
24 1883
25 1884
25 1885
25 1886
26 1887
26 1888
26 1889
26 1890
26 1891
26 1892
27 1893
28 1894
29 1895
30 1896
31 1897
32 1898
33 1899
34 1900
35 1901
36 1901
37 1902
38 1902
39 1903
40 1903
41 1903
42 1904
43 1904
44 1905
45 1905
46 1906
47 1906
48 1907
49 1907
50 1908
51 1908
52 1908
53 1909
54 1909
55 1909
56 1909
57 1910
58 1910
59 1910
60 1910
61 1911
62 1911
63 1912
64 1912
65 1912
66 1912
67 1912
68 1912
69 1912
70 1913
71 1913
72 1913
73 1913
74 1913
75 1913
76 1914
77 1914
78 1914
79 1915
80 1915
81 1915
82 1916
83 1916
84 1916
85 1916
86 1917
87 1917
88 1918
89 1918
90 1918
91 1918
92 1918
93 1919
94 1919
95 1919
96 1919
97 1919
98 1919
99 1920
100 1920
101 1921
102 1921
103 1921
104 1922
105 1922
106 1923
107 1923
108 1923
109 1924
110 1924
111 1924
112 1924
113 1924
114 1924
115 1924
116 1924
117 1924
118 1924
119 1924
120 1924
121 1924
122 1924
123 1924
124 1925
125 1925
126 1925
127 1926
128 1926
129 1926
130 1927
131 1927
132 1927
133 1927
134 1927
135 1928
136 1928
137 1928
138 1929
139 1929
140 1929
141 1929
142 1929
143 1929
144 1929
145 1929
146 1929
147 1929
148 1929
149 1929
150 1929
151 1929
152 1929
153 1929
154 1929
155 1929
156 1929
157 1929
158 1929
159 1929
160 1929
161 1929
162 1929
163 1930
164 1930
165 1930
166 1930
167 1930
168 1930
169 1930
170 1931
171 1931
172 1931
173 1931
174 1931
175 1931
176 1931
177 1931
178 1931
179 1930
180 1930
181 1930
182 1930
183 1930
184 1931
185 1931
186 1931
187 1931
188 1931
189 1931
190 1931
191 1932
192 1932
193 1932
194 1932
195 1932
196 1932
197 1933
198 1933
199 1933
200 1933
201 1933
202 1933
203 1933
204 1933
205 1933
206 1933
207 1933
208 1933
209 1932
210 1932
211 1932
212 1932
213 1932
214 1932
215 1933
216 1933
217 1933
218 1933
219 1933
220 1933
221 1933
222 1933
223 1934
224 1934
225 1934
226 1934
227 1934
228 1934
229 1934
230 1934
231 1934
232 1934
233 1934
234 1934
235 1934
236 1934
237 1934
238 1934
239 1934
240 1934
241 1934
242 1934
243 1934
244 1934
245 1934
246 1934
247 1934
248 1934
249 1934
250 1934
251 1934
252 1934
253 1934
254 1934
255 1934
256 1935
257 1935
258 1935
259 1936
260 1936
261 1936
262 1936
263 1936
264 1936
265 1937
266 1937
267 1937
268 1937
269 1938
270 1938
271 1938
272 1939
273 1939
274 1939
275 1939
276 1939
277 1939
278 1939
279 1939
280 1939
281 1940
282 1940
283 1941
284 1941
285 1941
286 1942
287 1942
288 1942
289 1942
290 1942
291 1943
292 1943
293 1943
294 1943
295 1943
296 1943
297 1943
298 1943
299 1943
300 1943
301 1943
302 1943
303 1944
304 1944
305 1944
306 1944
307 1944
308 1944
309 1944
310 1944
311 1944
312 1944
313 1944
314 1944
315 1945
316 1945
317 1945
318 1945
319 1945
320 1945
321 1945
322 1945
323 1945
324 1945
325 1945
326 1945
327 1945
328 1945
329 1945
330 1945
331 1945
332 1945
333 1945
334 1945
335 1945
336 1945
337 1945
338 1945
339 1945
340 1946
341 1946
342 1946
343 1946
344 1946
345 1946
346 1946
347 1946
348 1945
349 1945
350 1945
351 1945
352 1945
353 1945
354 1946
355 1946
356 1946
357 1946
358 1946
359 1946
360 1946
361 1946
362 1946
363 1946
364 1946
365 1946
366 1946
367 1947
368 1947
369 1947
370 1947
371 1947
372 1947
373 1947
374 1947
375 1947
376 1947
377 1947
378 1947
379 1947
380 1947
381 1947
382 1947
383 1947
384 1947
385 1947
386 1947
387 1947
388 1947
389 1947
390 1948
391 1948
392 1948
393 1948
394 1948
395 1948
396 1948
397 1948
398 1948
399 1948
400 1948
401 1948
402 1948
403 1948
404 1948
405 1948
406 1948
407 1948
408 1947
409 1947
410 1947
411 1947
412 1947
413 1947
414 1947
415 1948
416 1948
417 1948
418 1948
419 1948
420 1948
421 1948
422 1948
423 1949
424 1949
425 1949
426 1949
427 1949
428 1949
429 1949
430 1949
431 1949
432 1949
433 1949
434 1949
435 1949
436 1950
437 1950
438 1950
439 1950
440 1950
441 1950
442 1950
443 1950
444 1950
445 1949
446 1949
447 1949
448 1949
449 1949
450 1949
451 1949
452 1949
453 1949
454 1949
455 1949
456 1949
457 1949
458 1949
459 1949
460 1949
461 1949
462 1949
463 1949
464 1949
465 1950
466 1950
467 1950
468 1950
469 1950
470 1950
471 1950
472 1950
473 1950
474 1950
475 1950
476 1950
477 1950
478 1950
479 1950
480 1950
481 1950
482 1950
483 1950
484 1950
485 1950
486 1950
487 1950
488 1951
489 1951
490 1951
491 1951
492 1951
493 1951
494 1951
495 1951
496 1951
497 1951
498 1951
499 1951
500 1951
501 1951
502 1951
503 1951
504 1951
505 1952
506 1952
507 1952
508 1952
509 1952
510 1952
511 1952
512 1952
513 1952
514 1952
515 1952
516 1952
517 1952
518 1952
519 1952
520 1952
521 1952
522 1952
523 1952
524 1951
525 1951
526 1951
527 1951
528 1951
529 1951
530 1951
531 1951
532 1951
533 1951
534 1952
535 1952
536 1952
537 1952
538 1952
539 1952
540 1952
541 1952
542 1952
543 1952
544 1952
545 1952
546 1952
547 1952
548 1952
549 1953
550 1953
551 1953
552 1953
553 1952
554 1952
555 1952
556 1952
557 1952
558 1952
559 1952
560 1951
561 1951
562 1951
563 1951
564 1951
565 1951
566 1950
567 1950
568 1950
569 1949
570 1949
571 1949
572 1949
573 1949
574 1949
575 1949
576 1949
577 1949
578 1949
579 1948
580 1948
581 1948
582 1948
583 1948
584 1948
585 1948
586 1948
587 1948
588 1948
589 1948
590 1947
591 1947
592 1947
593 1946
594 1946
595 1945
596 1945
597 1945
598 1945
599 1944
600 1944
601 1944
602 1944
603 1944
604 1944
605 1944
606 1944
607 1944
608 1944
609 1944
610 1944
611 1944
612 1944
613 1944
614 1944
615 1944
616 1943
617 1943
618 1943
619 1943
620 1943
621 1943
622 1943
623 1942
624 1942
625 1942
626 1942
627 1941
628 1941
629 1941
630 1940
631 1940
632 1940
633 1940
634 1939
635 1939
636 1939
637 1938
638 1938
639 1937
640 1937
641 1937
642 1937
643 1936
644 1936
645 1936
646 1935
647 1935
648 1935
649 1934
650 1934
651 1934
652 1934
653 1933
654 1933
655 1932
656 1932
657 1932
658 1932
659 1932
660 1932
661 1932
662 1931
663 1931
664 1931
665 1930
666 1930
667 1930
668 1929
669 1929
670 1929
671 1928
672 1928
673 1928
674 1927
675 1927
676 1926
677 1926
678 1925
679 1924
680 1923
681 1922
682 1921
683 1920
684 1919
685 1918
686 1917
687 1916
688 1915
689 1914
690 1913
691 1912
692 1911
692 1910
692 1909
692 1908
693 1907
693 1906
693 1905
693 1904
693 1903
692 1902
692 1901
692 1900
691 1899
691 1898
690 1897
690 1896
690 1895
690 1894
690 1893
689 1892
689 1891
689 1890
689 1889
688 1888
688 1887
688 1886
688 1885
687 1884
687 1883
687 1882
686 1881
686 1880
686 1879
686 1878
686 1877
685 1876
685 1875
685 1874
685 1873
684 1872
684 1871
684 1870
684 1869
684 1868
684 1867
684 1866
683 1865
683 1864
683 1863
683 1862
683 1861
683 1860
683 1859
683 1858
683 1857
683 1856
682 1855
682 1854
682 1853
682 1852
682 1851
682 1850
682 1849
682 1848
682 1847
682 1846
682 1845
681 1844
681 1843
681 1842
681 1841
681 1840
681 1839
681 1838
680 1837
680 1836
680 1835
679 1834
678 1833
678 1832
677 1832
676 1831
675 1830
674 1830
673 1830
672 1830
671 1830
670 1829
669 1829
668 1828
667 1828
666 1827
665 1827
664 1826
663 1825
662 1825
661 1825
660 1824
659 1824
658 1823
657 1823
656 1823
655 1822
654 1822
653 1822
652 1821
651 1821
650 1821
649 1821
648 1821
647 1821
646 1821
645 1821
644 1820
643 1820
642 1820
641 1820
640 1819
639 1819
638 1819
637 1819
636 1818
635 1818
634 1817
633 1817
632 1817
631 1817
630 1816
629 1816
628 1816
627 1816
626 1816
625 1815
624 1815
623 1815
622 1814
621 1814
620 1814
619 1814
618 1813
617 1813
616 1812
615 1812
614 1812
613 1812
612 1812
611 1812
610 1811
609 1811
608 1810
607 1810
606 1810
605 1809
604 1809
603 1809
602 1808
601 1808
600 1808
599 1808
598 1808
597 1808
596 1808
595 1808
594 1808
593 1808
592 1808
591 1808
590 1808
589 1807
588 1807
587 1807
586 1807
585 1806
584 1806
583 1806
582 1806
581 1806
580 1806
579 1806
578 1806
577 1806
576 1806
575 1806
574 1806
573 1806
572 1806
571 1806
570 1806
569 1806
568 1806
567 1806
566 1806
565 1806
564 1806
563 1806
562 1806
561 1806
560 1806
559 1806
558 1806
557 1806
556 1806
555 1806
554 1806
553 1806
552 1806
551 1806
550 1806
549 1806
548 1806
547 1806
546 1806
545 1806
544 1806
543 1806
542 1806
541 1806
540 1805
539 1805
538 1805
537 1805
536 1805
535 1805
534 1805
533 1804
532 1804
531 1804
530 1804
529 1804
528 1804
527 1804
526 1804
525 1804
524 1803
523 1803
522 1803
521 1803
520 1803
519 1803
518 1803
517 1803
516 1803
515 1803
514 1803
513 1803
512 1803
511 1803
510 1803
509 1803
