346 1994
345 1995
344 1995
343 1995
342 1995
341 1995
340 1995
339 1995
338 1995
337 1995
336 1995
335 1995
334 1995
333 1995
332 1995
331 1995
330 1996
329 1996
328 1996
327 1996
326 1996
325 1996
324 1997
323 1997
322 1997
321 1997
320 1997
319 1997
318 1997
317 1997
316 1997
315 1997
314 1997
313 1997
312 1997
311 1997
310 1997
309 1997
308 1997
307 1997
306 1997
305 1997
304 1997
303 1997
302 1997
301 1997
300 1997
299 1997
298 1997
297 1997
296 1997
295 1997
294 1997
293 1997
292 1997
291 1997
290 1997
289 1997
288 1997
287 1997
286 1998
285 1998
284 1998
283 1998
282 1999
281 1999
280 1999
279 1999
278 1999
277 1999
276 1999
275 1999
274 1999
273 1999
272 1999
271 1999
270 2000
269 2000
268 2000
267 2000
266 2000
265 2000
264 2000
263 2000
262 2000
261 2000
260 2000
259 2000
258 2000
257 2000
256 2000
255 2000
254 2000
253 2000
252 2000
251 2000
250 2000
249 2000
248 2000
247 2000
246 2000
245 2000
244 2000
243 2000
242 2000
241 2000
240 2000
239 2000
238 2000
237 2000
236 2000
235 2000
234 2000
233 2000
232 2000
231 2000
230 2000
229 2001
228 2001
227 2001
226 2001
225 2001
224 2001
223 2002
222 2002
221 2002
220 2003
219 2003
218 2003
217 2003
216 2004
215 2004
214 2005
213 2005
212 2006
211 2006
210 2007
209 2007
208 2007
207 2008
206 2008
205 2008
204 2008
203 2009
202 2009
201 2009
200 2009
199 2009
198 2009
197 2009
196 2010
195 2010
194 2010
193 2010
192 2010
191 2010
190 2010
189 2010
188 2010
187 2010
186 2010
185 2010
184 2010
183 2010
182 2010
181 2010
180 2010
179 2010
178 2010
177 2010
176 2010
175 2010
174 2010
173 2010
172 2010
171 2011
170 2011
169 2011
168 2011
167 2011
166 2011
165 2011
164 2011
163 2011
162 2011
161 2011
160 2011
159 2011
158 2011
157 2012
156 2012
155 2012
154 2012
153 2012
152 2012
151 2013
150 2013
149 2013
148 2013
147 2013
146 2013
145 2013
144 2014
143 2014
142 2014
141 2014
140 2014
139 2014
138 2015
137 2015
136 2015
135 2015
134 2015
133 2015
132 2015
131 2015
130 2016
129 2016
128 2016
127 2016
126 2016
125 2016
124 2016
123 2016
122 2016
121 2016
120 2016
119 2017
118 2017
117 2017
116 2017
115 2017
114 2017
113 2018
112 2018
111 2018
110 2018
109 2018
108 2018
107 2018
106 2018
105 2018
104 2017
103 2018
102 2018
101 2018
100 2018
99 2018
98 2018
97 2018
96 2018
95 2019
94 2019
93 2019
92 2019
91 2019
90 2020
89 2020
88 2020
87 2020
86 2020
85 2020
84 2021
83 2021
82 2021
81 2022
80 2022
79 2022
78 2023
77 2023
76 2024
75 2024
74 2024
73 2024
72 2025
71 2025
70 2025
69 2025
68 2025
67 2026
66 2026
65 2026
64 2026
63 2027
62 2027
61 2027
60 2027
59 2027
58 2028
57 2028
56 2029
55 2029
54 2029
53 2029
52 2029
51 2029
50 2029
49 2030
48 2030
47 2030
46 2031
45 2031
44 2031
43 2032
42 2033
41 2033
40 2033
39 2034
38 2034
37 2035
36 2036
35 2037
35 2038
34 2039
34 2040
34 2041
33 2042
33 2043
32 2044
32 2045
32 2046
32 2047
31 2048
31 2049
31 2050
30 2051
30 2052
29 2053
29 2054
28 2055
28 2056
28 2057
27 2058
27 2059
27 2060
27 2061
27 2062
27 2063
27 2064
27 2065
27 2066
27 2067
27 2068
27 2069
28 2070
28 2071
29 2072
30 2073
31 2074
32 2075
33 2075
34 2076
35 2076
36 2077
37 2077
38 2078
39 2078
40 2078
41 2079
42 2079
43 2079
44 2080
45 2080
46 2081
47 2081
48 2082
49 2082
50 2082
51 2083
52 2083
53 2083
54 2084
55 2084
56 2084
57 2084
58 2084
59 2084
60 2085
61 2085
62 2086
63 2086
64 2086
65 2087
66 2087
67 2087
68 2088
69 2088
70 2088
71 2088
72 2089
73 2089
74 2090
75 2090
76 2090
77 2091
78 2091
79 2091
80 2092
81 2092
82 2092
83 2092
84 2093
85 2093
86 2093
87 2093
88 2093
89 2093
90 2093
91 2093
92 2093
93 2093
94 2093
95 2093
96 2094
97 2094
98 2094
99 2094
100 2094
101 2094
102 2094
103 2094
104 2094
105 2094
106 2094
107 2094
108 2094
109 2094
110 2094
111 2094
112 2094
113 2094
114 2094
115 2094
116 2094
117 2095
118 2095
119 2095
120 2095
121 2096
122 2096
123 2096
124 2096
125 2097
126 2097
127 2097
128 2097
129 2097
130 2097
131 2098
132 2098
133 2098
134 2098
135 2098
136 2098
137 2098
138 2098
139 2098
140 2098
141 2099
142 2099
143 2099
144 2099
145 2100
146 2100
147 2100
148 2100
149 2100
150 2100
151 2100
152 2101
153 2101
154 2101
155 2101
156 2102
157 2102
158 2102
159 2103
160 2103
161 2103
162 2103
163 2104
164 2104
165 2104
166 2104
167 2104
168 2104
169 2104
170 2104
171 2104
172 2104
173 2104
174 2105
175 2105
176 2105
177 2105
178 2105
179 2105
180 2105
181 2105
182 2105
183 2105
184 2105
185 2105
186 2105
187 2105
188 2105
189 2106
190 2106
191 2106
192 2106
193 2106
194 2106
195 2106
196 2106
197 2106
198 2106
199 2106
200 2106
201 2106
202 2106
203 2106
204 2106
205 2106
206 2106
207 2107
208 2107
209 2107
210 2107
211 2107
212 2107
213 2108
214 2108
215 2108
216 2108
217 2108
218 2108
219 2108
220 2108
221 2108
222 2109
223 2109
224 2109
225 2109
226 2109
227 2109
228 2109
229 2109
230 2109
231 2109
232 2109
233 2109
234 2109
235 2109
236 2109
237 2109
238 2109
239 2109
240 2109
241 2109
242 2109
243 2109
244 2109
245 2109
246 2109
247 2109
248 2109
249 2109
250 2109
251 2109
252 2109
253 2109
254 2109
255 2109
256 2109
257 2110
258 2110
259 2110
260 2110
261 2110
262 2110
263 2110
264 2110
265 2110
266 2110
267 2110
268 2110
269 2110
270 2110
271 2111
272 2111
273 2111
274 2111
275 2112
276 2112
277 2112
278 2113
279 2113
280 2113
281 2114
282 2114
283 2114
284 2115
285 2115
286 2115
287 2115
288 2115
289 2116
290 2116
291 2116
292 2116
293 2116
294 2116
295 2116
296 2117
297 2117
298 2117
299 2117
300 2117
301 2117
302 2117
303 2117
304 2118
305 2118
306 2118
307 2119
308 2119
309 2119
310 2119
311 2120
312 2120
313 2120
314 2120
315 2121
316 2121
317 2122
318 2122
319 2123
320 2123
321 2123
322 2123
323 2124
324 2124
325 2124
326 2124
327 2125
328 2125
329 2125
330 2125
331 2126
332 2126
333 2126
334 2126
335 2126
336 2126
337 2126
338 2127
339 2127
340 2127
341 2127
342 2127
343 2127
344 2127
345 2128
346 2128
347 2128
348 2128
349 2128
350 2128
351 2128
352 2128
353 2128
354 2128
355 2128
356 2128
357 2128
358 2128
359 2128
360 2128
361 2128
362 2128
363 2128
364 2128
365 2128
366 2128
367 2128
368 2128
369 2128
370 2128
371 2128
372 2128
373 2128
374 2128
375 2128
376 2128
377 2127
378 2127
379 2127
380 2127
381 2127
382 2127
383 2127
384 2126
385 2126
386 2126
387 2126
388 2125
389 2125
390 2125
391 2124
392 2124
393 2124
394 2124
395 2124
396 2124
397 2124
398 2124
399 2124
400 2124
401 2125
402 2125
403 2125
404 2126
405 2126
406 2127
407 2127
408 2128
409 2128
410 2129
411 2129
412 2130
413 2130
414 2131
415 2131
416 2132
417 2132
418 2132
419 2132
420 2133
421 2133
422 2133
423 2133
424 2133
425 2133
426 2133
427 2133
428 2133
429 2133
430 2133
431 2133
432 2133
433 2133
434 2133
435 2133
436 2133
437 2133
438 2133
439 2133
440 2133
441 2133
442 2133
443 2133
444 2133
445 2132
446 2132
447 2132
448 2132
449 2132
450 2132
451 2132
452 2132
453 2132
454 2132
455 2132
456 2132
457 2132
458 2131
459 2131
460 2131
461 2131
462 2131
463 2131
464 2131
465 2131
466 2131
467 2131
468 2131
469 2132
470 2132
471 2132
472 2132
473 2132
474 2133
475 2133
476 2133
477 2134
478 2134
479 2134
480 2134
481 2134
482 2134
483 2135
484 2135
485 2135
486 2135
487 2135
488 2135
489 2136
490 2136
491 2136
492 2136
493 2136
494 2136
495 2136
496 2136
497 2136
498 2136
499 2136
500 2136
501 2136
502 2136
503 2136
504 2137
505 2137
506 2137
507 2137
508 2137
509 2137
510 2137
511 2137
512 2136
513 2136
514 2136
515 2136
516 2136
517 2136
518 2136
519 2136
520 2136
521 2136
522 2136
523 2136
524 2136
525 2136
526 2136
527 2136
528 2135
529 2135
530 2135
531 2135
532 2135
533 2135
534 2135
535 2135
536 2135
537 2135
538 2135
539 2135
540 2135
541 2135
542 2135
543 2136
544 2136
545 2136
546 2136
547 2136
548 2136
549 2136
550 2136
551 2136
552 2136
553 2135
554 2135
555 2135
556 2135
557 2135
558 2135
559 2135
560 2135
561 2135
562 2135
563 2135
564 2135
565 2135
566 2135
567 2134
568 2134
569 2134
570 2134
571 2134
572 2134
573 2135
574 2135
575 2135
576 2135
577 2135
578 2135
579 2135
580 2135
581 2135
582 2135
583 2135
584 2135
585 2135
586 2135
587 2135
588 2136
589 2136
590 2136
591 2136
592 2136
593 2136
594 2136
595 2135
596 2135
597 2135
598 2134
599 2134
600 2134
601 2134
602 2134
603 2134
604 2134
605 2134
606 2134
607 2134
608 2134
609 2133
610 2133
611 2133
612 2132
613 2132
614 2131
615 2131
616 2131
617 2131
618 2130
619 2130
620 2130
621 2130
622 2129
623 2129
624 2129
625 2128
626 2128
627 2127
628 2127
629 2126
630 2126
631 2126
632 2126
633 2125
634 2125
635 2124
636 2124
637 2124
638 2123
639 2123
640 2123
641 2122
642 2122
643 2122
644 2121
645 2121
646 2120
647 2120
648 2119
649 2119
650 2118
651 2117
652 2116
653 2115
654 2114
655 2113
655 2112
656 2111
657 2110
657 2109
658 2108
659 2107
660 2106
661 2105
662 2104
663 2103
664 2102
665 2101
666 2100
667 2099
668 2098
668 2097
669 2096
670 2095
671 2094
672 2093
673 2092
674 2091
675 2090
676 2089
677 2088
677 2087
678 2086
679 2085
680 2084
680 2083
681 2082
681 2081
682 2080
683 2079
684 2078
685 2077
686 2076
687 2075
687 2074
688 2073
688 2072
689 2071
690 2070
690 2069
691 2068
691 2067
692 2066
692 2065
692 2064
693 2063
693 2062
694 2061
694 2060
694 2059
694 2058
694 2057
694 2056
694 2055
695 2054
695 2053
695 2052
696 2051
696 2050
696 2049
696 2048
696 2047
696 2046
696 2045
696 2044
695 2043
695 2042
695 2041
695 2040
694 2039
694 2038
693 2037
692 2036
691 2035
690 2034
689 2033
688 2033
687 2032
686 2032
685 2031
684 2031
683 2030
682 2030
681 2029
680 2029
679 2028
678 2028
677 2028
676 2027
675 2027
674 2026
673 2026
672 2025
671 2025
670 2025
669 2024
668 2024
667 2024
666 2023
665 2023
664 2023
663 2022
662 2022
661 2021
660 2021
659 2021
658 2021
657 2020
656 2019
655 2019
654 2018
653 2018
652 2017
651 2017
650 2016
649 2016
648 2015
647 2015
646 2014
645 2014
644 2013
643 2013
642 2013
641 2012
640 2012
639 2011
638 2011
637 2010
636 2010
635 2010
634 2009
633 2009
632 2009
631 2009
630 2008
629 2008
628 2008
627 2007
626 2007
625 2007
624 2007
623 2006
622 2006
621 2006
620 2006
619 2006
618 2006
617 2006
616 2006
615 2006
614 2006
613 2006
612 2006
611 2007
610 2007
609 2007
608 2008
607 2008
606 2008
605 2008
604 2008
603 2008
602 2008
601 2008
600 2007
599 2007
598 2007
597 2007
596 2007
595 2006
594 2006
593 2006
592 2006
591 2005
590 2005
589 2004
588 2004
587 2004
586 2004
585 2004
584 2003
583 2003
582 2003
581 2003
580 2003
579 2002
578 2002
577 2002
576 2002
575 2002
574 2002
573 2002
572 2002
571 2002
570 2002
569 2002
568 2001
567 2001
566 2001
565 2001
564 2001
563 2001
562 2001
561 2001
560 2001
559 2001
558 2001
557 2000
556 2000
555 2000
554 2000
553 2000
552 2000
551 2000
550 2000
549 2000
548 2000
547 2000
546 1999
545 1999
544 1999
543 1999
542 1999
541 1999
540 1999
539 1999
538 1999
537 1999
536 1999
535 1999
534 1999
533 1999
532 1999
531 1998
530 1998
529 1998
528 1998
527 1998
526 1998
525 1998
524 1998
523 1998
522 1998
521 1998
520 1998
519 1998
518 1998
517 1998
516 1998
515 1998
514 1998
513 1998
512 1998
511 1998
510 1998
509 1998
508 1998
507 1998
506 1997
505 1997
504 1997
503 1997
502 1997
501 1997
500 1997
499 1997
498 1997
497 1997
496 1997
495 1997
494 1997
493 1997
492 1997
491 1997
490 1997
489 1997
488 1997
487 1997
486 1997
485 1997
484 1997
483 1997
482 1997
481 1997
480 1997
479 1996
478 1996
477 1996
476 1996
475 1996
474 1995
473 1995
472 1995
471 1995
470 1995
469 1995
468 1995
467 1995
466 1994
465 1994
464 1994
463 1994
462 1994
461 1994
460 1994
459 1994
458 1994
457 1994
456 1994
455 1994
454 1994
453 1994
452 1994
451 1994
450 1994
449 1994
448 1994
447 1994
446 1994
445 1994
444 1994
443 1994
442 1995
441 1995
440 1995
439 1995
438 1995
437 1995
436 1995
435 1995
434 1995
433 1995
432 1995
431 1995
430 1995
429 1995
428 1995
427 1995
426 1995
425 1995
424 1995
423 1996
422 1996
421 1996
420 1997
419 1997
418 1997
417 1997
416 1997
415 1998
414 1998
413 1998
412 1998
411 1998
410 1998
409 1998
408 1998
407 1998
406 1998
405 1998
404 1998
403 1998
402 1998
401 1998
400 1998
399 1998
398 1998
397 1998
396 1998
395 1998
394 1998
393 1998
392 1997
391 1997
390 1997
389 1997
388 1997
387 1997
386 1997
385 1996
384 1996
383 1996
382 1996
381 1996
380 1996
379 1995
378 1995
377 1995
376 1995
375 1995
374 1995
373 1995
372 1995
371 1995
370 1995
369 1995
368 1995
367 1995
366 1995
365 1995
364 1995
363 1995
362 1995
361 1995
360 1995
359 1995
358 1995
357 1995
356 1995
355 1994
354 1994
353 1994
352 1994
351 1994
350 1994
349 1994
348 1994
347 1994
346 1994
