531 2180
530 2181
529 2181
528 2181
527 2181
526 2181
525 2181
524 2182
523 2182
522 2182
521 2182
520 2182
519 2182
518 2182
517 2182
516 2182
515 2183
514 2183
513 2183
512 2183
511 2183
510 2183
509 2183
508 2184
507 2184
506 2184
505 2184
504 2184
503 2184
502 2185
501 2185
500 2185
499 2186
498 2186
497 2186
496 2186
495 2186
494 2187
493 2187
492 2187
491 2187
490 2188
489 2188
488 2188
487 2188
486 2189
485 2189
484 2189
483 2190
482 2190
481 2190
480 2190
479 2190
478 2191
477 2191
476 2191
475 2191
474 2191
473 2191
472 2191
471 2192
470 2192
469 2192
468 2192
467 2192
466 2192
465 2192
464 2192
463 2193
462 2193
461 2193
460 2193
459 2193
458 2193
457 2193
456 2193
455 2194
454 2194
453 2194
452 2194
451 2194
450 2194
449 2194
448 2194
447 2194
446 2194
445 2194
444 2194
443 2194
442 2194
441 2194
440 2194
439 2194
438 2194
437 2194
436 2194
435 2194
434 2194
433 2194
432 2194
431 2194
430 2194
429 2194
428 2194
427 2194
426 2194
425 2194
424 2194
423 2194
422 2195
421 2195
420 2195
419 2195
418 2196
417 2196
416 2197
415 2197
414 2198
413 2198
412 2199
411 2199
410 2200
409 2200
408 2200
407 2200
406 2201
405 2201
404 2201
403 2201
402 2201
401 2201
400 2201
399 2201
398 2201
397 2202
396 2202
395 2202
394 2202
393 2202
392 2202
391 2202
390 2203
389 2203
388 2203
387 2203
386 2203
385 2203
384 2203
383 2203
382 2203
381 2203
380 2203
379 2203
378 2203
377 2203
376 2203
375 2203
374 2204
373 2204
372 2204
371 2204
370 2204
369 2204
368 2204
367 2204
366 2204
365 2204
364 2204
363 2204
362 2204
361 2204
360 2204
359 2204
358 2204
357 2204
356 2204
355 2204
354 2204
353 2204
352 2204
351 2205
350 2205
349 2205
348 2205
347 2205
346 2205
345 2205
344 2205
343 2205
342 2205
341 2205
340 2205
339 2205
338 2205
337 2205
336 2205
335 2205
334 2205
333 2205
332 2205
331 2206
330 2206
329 2206
328 2207
327 2207
326 2207
325 2207
324 2207
323 2207
322 2207
321 2207
320 2208
319 2208
318 2208
317 2208
316 2208
315 2208
314 2208
313 2208
312 2208
311 2208
310 2208
309 2208
308 2208
307 2208
306 2208
305 2208
304 2208
303 2208
302 2208
301 2208
300 2208
299 2208
298 2208
297 2208
296 2208
295 2208
294 2208
293 2208
292 2208
291 2208
290 2208
289 2208
288 2208
287 2208
286 2208
285 2208
284 2208
283 2208
282 2208
281 2208
280 2208
279 2208
278 2208
277 2208
276 2207
275 2207
274 2207
273 2207
272 2207
271 2207
270 2207
269 2207
268 2207
267 2207
266 2207
265 2207
264 2207
263 2207
262 2207
261 2207
260 2207
259 2207
258 2207
257 2207
256 2207
255 2207
254 2207
253 2207
252 2206
251 2206
250 2206
249 2206
248 2206
247 2206
246 2206
245 2206
244 2206
243 2206
242 2206
241 2206
240 2206
239 2206
238 2206
237 2206
236 2206
235 2206
234 2206
233 2205
232 2205
231 2205
230 2205
229 2205
228 2205
227 2205
226 2205
225 2205
224 2205
223 2205
222 2205
221 2205
220 2205
219 2205
218 2205
217 2205
216 2205
215 2205
214 2205
213 2205
212 2205
211 2205
210 2205
209 2205
208 2205
207 2205
206 2204
205 2204
204 2203
203 2203
202 2203
201 2202
200 2202
199 2202
198 2202
197 2202
196 2202
195 2202
194 2202
193 2202
192 2202
191 2202
190 2202
189 2202
188 2202
187 2202
186 2202
185 2202
184 2202
183 2202
182 2202
181 2202
180 2202
179 2202
178 2202
177 2203
176 2203
175 2203
174 2203
173 2203
172 2203
171 2203
170 2203
169 2203
168 2203
167 2204
166 2204
165 2204
164 2204
163 2204
162 2204
161 2204
160 2204
159 2204
158 2204
157 2204
156 2205
155 2205
154 2205
153 2205
152 2205
151 2205
150 2205
149 2205
148 2205
147 2205
146 2205
145 2205
144 2205
143 2205
142 2205
141 2205
140 2205
139 2205
138 2205
137 2205
136 2205
135 2205
134 2205
133 2205
132 2205
131 2205
130 2205
129 2205
128 2205
127 2205
126 2205
125 2205
124 2205
123 2205
122 2205
121 2205
120 2205
119 2205
118 2205
117 2205
116 2205
115 2205
114 2205
113 2205
112 2206
111 2206
110 2206
109 2206
108 2206
107 2206
106 2207
105 2207
104 2207
103 2207
102 2207
101 2207
100 2207
99 2207
98 2207
97 2208
96 2208
95 2208
94 2209
93 2209
92 2209
91 2209
90 2210
89 2210
88 2210
87 2210
86 2210
85 2210
84 2211
83 2211
82 2211
81 2212
80 2212
79 2212
78 2213
77 2213
76 2213
75 2214
74 2214
73 2215
72 2215
71 2216
70 2217
69 2217
68 2218
67 2219
66 2220
65 2221
64 2222
64 2223
63 2224
63 2225
62 2226
61 2227
60 2228
59 2229
58 2230
57 2231
56 2232
55 2233
54 2234
53 2235
52 2236
51 2237
50 2238
49 2239
48 2240
47 2241
46 2241
45 2242
44 2243
43 2244
42 2244
41 2245
40 2246
39 2247
38 2248
37 2249
36 2249
35 2250
34 2251
33 2251
32 2252
31 2253
30 2254
29 2255
28 2256
27 2257
27 2258
27 2259
27 2260
27 2261
27 2262
27 2263
27 2264
27 2265
28 2266
28 2267
29 2268
29 2269
29 2270
29 2271
29 2272
30 2273
31 2274
32 2275
32 2276
33 2277
33 2278
33 2279
33 2280
33 2281
33 2282
34 2283
34 2284
34 2285
35 2286
35 2287
36 2288
36 2289
37 2290
37 2291
37 2292
38 2293
38 2294
39 2295
39 2296
40 2297
40 2298
41 2299
42 2300
42 2301
43 2302
43 2303
44 2304
45 2305
45 2306
46 2307
46 2308
47 2309
47 2310
48 2311
48 2312
49 2313
50 2314
50 2315
50 2316
51 2317
51 2318
52 2319
53 2320
54 2321
55 2322
55 2323
56 2324
56 2325
56 2326
57 2327
58 2327
59 2327
60 2328
61 2329
61 2330
61 2331
62 2332
62 2333
62 2334
62 2335
63 2336
64 2337
65 2338
66 2339
67 2340
68 2341
69 2342
70 2342
71 2343
72 2344
73 2345
73 2346
74 2347
75 2348
76 2349
77 2349
78 2349
79 2350
80 2351
80 2352
81 2353
81 2354
82 2355
83 2355
84 2356
85 2356
86 2357
86 2358
87 2359
88 2360
89 2361
90 2361
91 2361
92 2362
93 2363
94 2364
95 2365
96 2366
97 2367
98 2367
99 2368
100 2369
101 2369
102 2370
103 2371
104 2371
105 2372
106 2372
107 2372
108 2373
109 2373
110 2374
111 2374
112 2375
113 2376
114 2377
115 2378
116 2378
117 2378
118 2379
119 2379
120 2379
121 2380
122 2380
123 2381
124 2381
125 2382
126 2382
127 2382
128 2382
129 2382
130 2383
131 2383
132 2383
133 2384
134 2384
135 2384
136 2385
137 2385
138 2386
139 2386
140 2386
141 2386
142 2387
143 2387
144 2387
145 2387
146 2388
147 2389
148 2390
149 2391
150 2391
151 2391
152 2392
153 2392
154 2392
155 2392
156 2393
157 2393
158 2394
159 2395
160 2395
161 2395
162 2395
163 2396
164 2396
165 2396
166 2397
167 2397
168 2398
169 2399
170 2399
171 2400
172 2400
173 2401
174 2401
175 2401
176 2402
177 2402
178 2402
179 2403
180 2403
181 2403
182 2404
183 2404
184 2404
185 2405
186 2405
187 2405
188 2405
189 2406
190 2406
191 2406
192 2406
193 2406
194 2406
195 2406
196 2406
197 2406
198 2406
199 2406
200 2406
201 2405
202 2405
203 2405
204 2405
205 2405
206 2405
207 2405
208 2405
209 2406
210 2406
211 2406
212 2406
213 2406
214 2406
215 2406
216 2406
217 2406
218 2406
219 2406
220 2406
221 2406
222 2406
223 2406
224 2406
225 2406
226 2407
227 2407
228 2408
229 2408
230 2408
231 2408
232 2408
233 2408
234 2408
235 2408
236 2408
237 2408
238 2408
239 2408
240 2408
241 2408
242 2409
243 2409
244 2409
245 2409
246 2409
247 2409
248 2409
249 2409
250 2409
251 2409
252 2409
253 2409
254 2409
255 2409
256 2409
257 2410
258 2410
259 2410
260 2410
261 2410
262 2410
263 2410
264 2410
265 2410
266 2411
267 2411
268 2411
269 2411
270 2411
271 2411
272 2411
273 2411
274 2411
275 2412
276 2412
277 2412
278 2412
279 2412
280 2412
281 2412
282 2412
283 2412
284 2412
285 2412
286 2412
287 2413
288 2413
289 2413
290 2413
291 2413
292 2413
293 2413
294 2413
295 2413
296 2413
297 2413
298 2413
299 2413
300 2413
301 2413
302 2413
303 2413
304 2413
305 2413
306 2413
307 2413
308 2413
309 2413
310 2413
311 2413
312 2413
313 2413
314 2413
315 2412
316 2412
317 2412
318 2412
319 2412
320 2412
321 2412
322 2411
323 2411
324 2411
325 2411
326 2411
327 2411
328 2410
329 2410
330 2410
331 2410
332 2410
333 2410
334 2410
335 2410
336 2409
337 2409
338 2409
339 2409
340 2409
341 2409
342 2409
343 2409
344 2409
345 2409
346 2409
347 2409
348 2409
349 2409
350 2409
351 2409
352 2409
353 2409
354 2409
355 2408
356 2408
357 2408
358 2408
359 2408
360 2408
361 2407
362 2407
363 2407
364 2407
365 2407
366 2407
367 2407
368 2407
369 2407
370 2407
371 2407
372 2407
373 2407
374 2407
375 2407
376 2407
377 2407
378 2407
379 2407
380 2407
381 2407
382 2406
383 2406
384 2406
385 2406
386 2405
387 2405
388 2405
389 2405
390 2404
391 2404
392 2404
393 2404
394 2403
395 2403
396 2403
397 2403
398 2403
399 2403
400 2403
401 2403
402 2403
403 2402
404 2402
405 2402
406 2402
407 2403
408 2403
409 2403
410 2403
411 2404
412 2404
413 2404
414 2405
415 2405
416 2405
417 2405
418 2406
419 2406
420 2406
421 2406
422 2407
423 2407
424 2407
425 2407
426 2407
427 2407
428 2407
429 2408
430 2408
431 2408
432 2408
433 2408
434 2408
435 2408
436 2408
437 2408
438 2408
439 2408
440 2408
441 2408
442 2408
443 2408
444 2407
445 2407
446 2407
447 2407
448 2407
449 2407
450 2407
451 2407
452 2407
453 2407
454 2407
455 2406
456 2406
457 2406
458 2406
459 2406
460 2406
461 2406
462 2406
463 2406
464 2406
465 2406
466 2406
467 2406
468 2406
469 2406
470 2406
471 2406
472 2406
473 2406
474 2406
475 2406
476 2406
477 2406
478 2406
479 2406
480 2406
481 2406
482 2407
483 2407
484 2407
485 2407
486 2407
487 2407
488 2407
489 2407
490 2408
491 2408
492 2408
493 2408
494 2408
495 2408
496 2408
497 2408
498 2408
499 2408
500 2408
501 2408
502 2408
503 2408
504 2408
505 2408
506 2408
507 2408
508 2408
509 2408
510 2408
511 2408
512 2408
513 2408
514 2408
515 2408
516 2408
517 2407
518 2407
519 2407
520 2407
521 2407
522 2407
523 2406
524 2406
525 2406
526 2405
527 2405
528 2405
529 2404
530 2404
531 2403
532 2403
533 2403
534 2402
535 2402
536 2401
537 2401
538 2400
539 2400
540 2399
541 2399
542 2398
543 2398
544 2398
545 2397
546 2397
547 2397
548 2396
549 2396
550 2396
551 2395
552 2395
553 2395
554 2395
555 2394
556 2394
557 2394
558 2394
559 2394
560 2394
561 2394
562 2393
563 2393
564 2393
565 2393
566 2393
567 2392
568 2392
569 2392
570 2392
571 2392
572 2391
573 2391
574 2391
575 2391
576 2391
577 2391
578 2391
579 2390
580 2390
581 2390
582 2390
583 2389
584 2389
585 2389
586 2389
587 2388
588 2388
589 2388
590 2388
591 2387
592 2387
593 2387
594 2387
595 2387
596 2386
597 2386
598 2386
599 2386
600 2386
601 2386
602 2386
603 2386
604 2386
605 2386
606 2386
607 2385
608 2385
609 2385
610 2385
611 2385
612 2385
613 2385
614 2385
615 2385
616 2385
617 2384
618 2384
619 2384
620 2384
621 2384
622 2383
623 2383
624 2382
625 2382
626 2381
627 2381
628 2380
629 2380
630 2379
631 2379
632 2378
633 2377
634 2377
635 2377
636 2376
637 2376
638 2375
639 2375
640 2375
641 2374
642 2374
643 2373
644 2373
645 2373
646 2372
647 2372
648 2371
649 2371
650 2370
651 2370
652 2369
653 2368
654 2368
655 2367
656 2366
657 2366
657 2365
658 2364
659 2363
659 2362
660 2361
661 2360
661 2359
662 2358
662 2357
663 2356
663 2355
664 2354
665 2353
665 2352
666 2351
666 2350
667 2349
667 2348
668 2347
668 2346
668 2345
669 2344
669 2343
669 2342
670 2341
670 2340
671 2339
671 2338
672 2337
673 2336
673 2335
674 2334
675 2333
676 2332
677 2331
678 2331
679 2330
680 2329
681 2328
682 2327
683 2326
684 2325
685 2324
686 2323
687 2322
688 2321
689 2321
690 2320
690 2319
691 2318
692 2317
692 2316
693 2315
693 2314
693 2313
694 2312
694 2311
694 2310
694 2309
694 2308
695 2307
695 2306
695 2305
696 2304
696 2303
696 2302
696 2301
696 2300
696 2299
696 2298
696 2297
696 2296
696 2295
696 2294
696 2293
696 2292
696 2291
696 2290
696 2289
696 2288
696 2287
696 2286
696 2285
696 2284
696 2283
696 2282
696 2281
696 2280
696 2279
696 2278
696 2277
696 2276
696 2275
696 2274
696 2273
695 2272
695 2271
695 2270
695 2269
694 2268
694 2267
694 2266
694 2265
694 2264
693 2263
693 2262
692 2261
692 2260
691 2259
691 2258
690 2257
690 2256
689 2255
689 2254
688 2253
687 2252
686 2251
685 2250
685 2249
684 2248
683 2247
682 2246
681 2245
680 2244
679 2243
679 2242
678 2241
677 2240
676 2239
675 2238
675 2237
674 2236
673 2235
672 2234
671 2233
670 2232
669 2231
668 2230
667 2229
666 2228
665 2227
665 2226
664 2225
664 2224
663 2223
663 2222
662 2221
662 2220
661 2219
661 2218
661 2217
660 2216
660 2215
659 2214
659 2213
659 2212
659 2211
658 2210
658 2209
658 2208
657 2207
657 2206
656 2205
655 2204
655 2203
654 2202
653 2201
652 2201
651 2200
650 2199
649 2199
648 2199
647 2198
646 2198
645 2198
644 2197
643 2197
642 2196
641 2196
640 2196
639 2195
638 2195
637 2195
636 2194
635 2194
634 2193
633 2193
632 2193
631 2193
630 2193
629 2192
628 2192
627 2192
626 2192
625 2191
624 2191
623 2191
622 2191
621 2191
620 2190
619 2190
618 2190
617 2190
616 2190
615 2190
614 2189
613 2189
612 2189
611 2189
610 2189
609 2189
608 2189
607 2189
606 2189
605 2189
604 2189
603 2189
602 2189
601 2188
600 2188
599 2188
598 2188
597 2187
596 2187
595 2187
594 2186
593 2186
592 2186
591 2186
590 2186
589 2186
588 2186
587 2186
586 2185
585 2185
584 2185
583 2185
582 2185
581 2185
580 2185
579 2185
578 2184
577 2184
576 2184
575 2184
574 2183
573 2183
572 2183
571 2182
570 2182
569 2182
568 2182
567 2182
566 2182
565 2182
564 2181
563 2181
562 2181
561 2181
560 2181
559 2181
558 2180
557 2180
556 2180
555 2180
554 2180
553 2180
552 2180
551 2180
550 2180
549 2180
548 2180
547 2180
546 2180
545 2180
544 2180
543 2180
542 2180
541 2180
540 2180
539 2180
538 2180
537 2180
536 2180
535 2180
534 2180
533 2180
532 2180
531 2180
