361 27
360 28
359 28
358 28
357 28
356 29
355 29
354 30
353 30
352 31
351 31
350 31
349 32
348 32
347 32
346 32
345 32
344 32
343 31
342 31
341 31
340 31
339 31
338 31
337 31
336 30
335 30
334 30
333 30
332 30
331 30
330 30
329 30
328 30
327 30
326 30
325 30
324 30
323 30
322 30
321 31
320 31
319 31
318 31
317 32
316 32
315 32
314 32
313 32
312 32
311 32
310 32
309 32
308 32
307 32
306 32
305 32
304 32
303 32
302 32
301 32
300 33
299 33
298 33
297 33
296 34
295 34
294 35
293 35
292 35
291 35
290 35
289 35
288 35
287 35
286 35
285 35
284 35
283 36
282 36
281 36
280 36
279 36
278 37
277 37
276 37
275 37
274 37
273 37
272 37
271 37
270 37
269 37
268 37
267 37
266 37
265 37
264 37
263 37
262 38
261 38
260 38
259 38
258 38
257 39
256 39
255 39
254 39
253 39
252 39
251 40
250 40
249 40
248 40
247 40
246 40
245 40
244 41
243 41
242 41
241 41
240 42
239 42
238 42
237 42
236 42
235 43
234 43
233 43
232 43
231 43
230 43
229 43
228 44
227 44
226 44
225 44
224 45
223 45
222 45
221 45
220 45
219 46
218 46
217 46
216 47
215 47
214 47
213 47
212 47
211 47
210 47
209 47
208 47
207 47
206 48
205 48
204 48
203 48
202 48
201 48
200 49
199 49
198 49
197 49
196 50
195 50
194 49
193 49
192 49
191 49
190 49
189 50
188 50
187 50
186 50
185 51
184 51
183 52
182 52
181 52
180 53
179 53
178 53
177 53
176 53
175 53
174 53
173 53
172 53
171 54
170 54
169 54
168 54
167 54
166 54
165 54
164 55
163 55
162 55
161 55
160 55
159 56
158 56
157 56
156 56
155 57
154 57
153 57
152 57
151 58
150 58
149 58
148 58
147 58
146 58
145 58
144 58
143 58
142 58
141 58
140 58
139 58
138 59
137 59
136 59
135 60
134 60
133 60
132 60
131 61
130 61
129 61
128 61
127 61
126 61
125 61
124 61
123 61
122 61
121 61
120 61
119 62
118 62
117 62
116 62
115 62
114 62
113 62
112 63
111 63
110 63
109 64
108 64
107 65
106 65
105 65
104 66
103 66
102 66
101 66
100 66
99 67
98 67
97 67
96 67
95 67
94 68
93 68
92 68
91 68
90 68
89 68
88 68
87 68
86 69
85 69
84 69
83 69
82 70
81 70
80 70
79 70
78 70
77 71
76 71
75 71
74 72
73 72
72 72
71 73
70 73
69 73
68 74
67 75
66 75
65 76
64 76
63 77
62 77
61 78
60 78
59 78
58 78
57 79
56 79
55 79
54 80
53 81
52 81
51 82
50 83
49 84
49 85
49 86
48 87
48 88
47 89
47 90
46 91
46 92
46 93
45 94
45 95
45 96
45 97
45 98
45 99
45 100
45 101
45 102
45 103
45 104
45 105
46 106
46 107
46 108
46 109
46 110
47 111
47 112
47 113
48 114
48 115
49 116
49 117
50 118
50 119
50 120
51 121
51 122
52 123
52 124
53 125
53 126
54 127
54 128
55 129
56 130
56 131
57 132
57 133
58 134
59 135
60 136
61 137
62 138
63 139
64 140
65 141
66 141
67 142
68 142
69 142
70 142
71 143
72 143
73 143
74 144
75 144
76 144
77 145
78 145
79 145
80 146
81 146
82 147
83 148
84 148
85 149
86 149
87 149
88 149
89 149
90 150
91 150
92 150
93 150
94 150
95 150
96 150
97 151
98 151
99 151
100 151
101 152
102 152
103 152
104 153
105 153
106 153
107 154
108 154
109 154
110 154
111 155
112 155
113 155
114 155
115 155
116 155
117 156
118 156
119 156
120 156
121 157
122 157
123 157
124 158
125 158
126 158
127 158
128 158
129 159
130 159
131 159
132 159
133 159
134 159
135 160
136 160
137 160
138 160
139 160
140 160
141 160
142 160
143 160
144 160
145 160
146 160
147 160
148 160
149 160
150 160
151 160
152 159
153 159
154 159
155 160
156 160
157 160
158 160
159 160
160 160
161 160
162 160
163 160
164 160
165 160
166 160
167 160
168 160
169 160
170 160
171 160
172 160
173 160
174 160
175 159
176 159
177 159
178 159
179 159
180 159
181 159
182 159
183 159
184 159
185 159
186 159
187 160
188 160
189 160
190 160
191 160
192 160
193 160
194 160
195 160
196 160
197 160
198 160
199 160
200 160
201 160
202 159
203 159
204 159
205 159
206 159
207 159
208 159
209 159
210 159
211 159
212 160
213 160
214 160
215 160
216 160
217 160
218 160
219 160
220 160
221 160
222 160
223 160
224 159
225 159
226 159
227 159
228 159
229 159
230 159
231 159
232 159
233 159
234 159
235 159
236 159
237 159
238 159
239 159
240 159
241 159
242 159
243 159
244 160
245 160
246 160
247 160
248 160
249 160
250 159
251 159
252 159
253 159
254 159
255 160
256 160
257 160
258 160
259 159
260 159
261 159
262 159
263 159
264 158
265 158
266 158
267 158
268 158
269 158
270 158
271 158
272 158
273 158
274 158
275 158
276 158
277 158
278 158
279 158
280 158
281 158
282 158
283 158
284 158
285 158
286 158
287 158
288 158
289 158
290 159
291 159
292 159
293 159
294 159
295 159
296 159
297 159
298 159
299 159
300 159
301 159
302 158
303 158
304 158
305 158
306 158
307 158
308 158
309 158
310 158
311 159
312 159
313 159
314 159
315 159
316 159
317 159
318 159
319 159
320 159
321 159
322 159
323 159
324 159
325 159
326 159
327 158
328 158
329 158
330 158
331 158
332 158
333 158
334 158
335 158
336 158
337 158
338 159
339 159
340 159
341 159
342 159
343 159
344 159
345 159
346 159
347 159
348 159
349 160
350 160
351 160
352 160
353 160
354 160
355 160
356 160
357 160
358 160
359 159
360 159
361 159
362 159
363 159
364 159
365 159
366 159
367 159
368 159
369 159
370 159
371 159
372 159
373 159
374 160
375 160
376 160
377 160
378 160
379 160
380 160
381 160
382 160
383 161
384 161
385 161
386 161
387 161
388 161
389 161
390 161
391 161
392 161
393 161
394 161
395 161
396 161
397 161
398 161
399 162
400 162
401 162
402 162
403 163
404 163
405 163
406 164
407 164
408 164
409 164
410 164
411 164
412 164
413 164
414 164
415 164
416 164
417 164
418 164
419 164
420 164
421 164
422 164
423 164
424 164
425 164
426 164
427 164
428 164
429 164
430 164
431 164
432 164
433 164
434 164
435 164
436 164
437 164
438 164
439 164
440 164
441 164
442 164
443 164
444 165
445 165
446 165
447 165
448 166
449 166
450 166
451 166
452 166
453 167
454 167
455 167
456 167
457 167
458 167
459 167
460 168
461 168
462 168
463 168
464 168
465 168
466 168
467 168
468 168
469 168
470 168
471 168
472 168
473 168
474 169
475 169
476 169
477 169
478 169
479 169
480 169
481 169
482 169
483 169
484 169
485 169
486 169
487 170
488 170
489 170
490 170
491 170
492 170
493 171
494 171
495 171
496 171
497 171
498 171
499 171
500 171
501 172
502 172
503 172
504 172
505 172
506 173
507 172
508 172
509 172
510 172
511 173
512 173
513 172
514 172
515 172
516 172
517 172
518 172
519 172
520 172
521 173
522 173
523 173
524 173
525 173
526 173
527 173
528 173
529 173
530 174
531 174
532 174
533 174
534 174
535 175
536 175
537 175
538 175
539 175
540 175
541 175
542 175
543 175
544 175
545 175
546 175
547 176
548 176
549 176
550 176
551 176
552 176
553 176
554 176
555 176
556 176
557 176
558 176
559 176
560 176
561 176
562 176
563 176
564 176
565 176
566 176
567 176
568 176
569 176
570 176
571 176
572 176
573 176
574 176
575 176
576 176
577 176
578 176
579 176
580 176
581 176
582 176
583 177
584 177
585 177
586 177
587 177
588 178
589 178
590 178
591 178
592 179
593 179
594 179
595 179
596 179
597 179
598 179
599 179
600 179
601 179
602 179
603 179
604 179
605 180
606 180
607 180
608 180
609 180
610 180
611 180
612 180
613 180
614 180
615 180
616 180
617 180
618 180
619 180
620 180
621 179
622 179
623 179
624 179
625 179
626 179
627 179
628 179
629 179
630 179
631 179
632 179
633 179
634 179
635 179
636 179
637 179
638 179
639 179
640 179
641 179
642 179
643 179
644 179
645 178
646 178
647 178
648 178
649 177
650 177
651 177
652 176
653 176
654 175
655 174
656 174
657 173
658 172
659 172
660 171
661 170
662 169
663 168
664 168
665 167
666 166
667 166
668 166
669 165
670 164
671 164
672 163
673 162
674 162
675 161
676 160
677 159
678 158
679 157
680 157
681 156
682 155
683 155
684 154
684 153
685 152
686 151
686 150
687 149
687 148
688 147
688 146
689 145
690 144
690 143
691 142
692 141
693 140
694 139
695 138
696 137
697 136
698 135
699 134
699 133
700 132
701 131
702 130
703 129
704 128
705 127
706 126
707 126
708 125
709 124
710 123
711 122
712 121
712 120
713 119
713 118
714 117
714 116
714 115
714 114
714 113
714 112
713 111
713 110
713 109
712 108
712 107
712 106
711 105
711 104
711 103
710 102
710 101
709 100
709 99
708 98
708 97
707 96
706 95
706 94
705 93
704 92
703 91
703 90
702 89
702 88
701 87
700 86
699 85
699 84
698 83
697 82
697 81
696 80
695 79
694 78
693 77
692 76
691 76
690 75
689 75
688 74
687 74
686 73
685 73
684 73
683 72
682 72
681 72
680 72
679 72
678 71
677 71
676 70
675 70
674 70
673 69
672 69
671 68
670 68
669 68
668 67
667 66
666 65
665 65
664 65
663 65
662 65
661 65
660 65
659 64
658 64
657 63
656 62
655 62
654 61
653 60
652 59
651 58
650 57
649 56
648 55
648 54
647 53
646 52
645 51
644 50
643 49
642 48
641 47
640 46
639 45
638 44
637 43
636 43
635 42
634 42
633 41
632 40
631 39
630 39
629 38
628 38
627 37
626 36
625 36
624 35
623 35
622 35
621 34
620 34
619 34
618 34
617 34
616 34
615 34
614 34
613 34
612 34
611 34
610 34
609 34
608 34
607 34
606 34
605 34
604 34
603 33
602 33
601 33
600 33
599 33
598 33
597 33
596 33
595 33
594 33
593 33
592 33
591 32
590 32
589 32
588 32
587 32
586 32
585 32
584 32
583 32
582 32
581 32
580 32
579 32
578 32
577 31
576 31
575 31
574 31
573 31
572 31
571 31
570 31
569 31
568 31
567 31
566 31
565 31
564 31
563 31
562 31
561 31
560 31
559 32
558 32
557 32
556 32
555 32
554 32
553 32
552 32
551 32
550 32
549 32
548 32
547 32
546 32
545 32
544 33
543 33
542 33
541 33
540 34
539 34
538 34
537 35
536 35
535 35
534 35
533 35
532 35
531 35
530 35
529 35
528 35
527 35
526 35
525 35
524 35
523 35
522 35
521 35
520 35
519 35
518 35
517 35
516 35
515 35
514 35
513 35
512 35
511 35
510 35
509 35
508 35
507 35
506 35
505 35
504 35
503 35
502 35
501 35
500 35
499 35
498 35
497 35
496 35
495 35
494 35
493 35
492 35
491 35
490 35
489 35
488 35
487 35
486 35
485 35
484 35
483 35
482 35
481 34
480 34
479 34
478 34
477 34
476 34
475 34
474 34
473 34
472 34
471 34
470 34
469 34
468 33
467 33
466 33
465 33
464 33
463 33
462 33
461 33
460 33
459 33
458 33
457 32
456 32
455 32
454 32
453 32
452 32
451 32
450 32
449 32
448 32
447 32
446 31
445 31
444 31
443 31
442 30
441 30
440 30
439 30
438 30
437 30
436 30
435 30
434 30
433 30
432 30
431 30
430 30
429 30
428 30
427 30
426 30
425 30
424 30
423 30
422 30
421 30
420 30
419 30
418 30
417 30
416 30
415 30
414 29
413 29
412 29
411 29
410 29
409 29
408 29
407 29
406 29
405 29
404 29
403 29
402 30
401 30
400 30
399 30
398 30
397 30
396 30
395 30
394 30
393 30
392 30
391 30
390 30
389 30
388 30
387 29
386 29
385 29
384 29
383 29
382 29
381 29
380 29
379 29
378 29
377 29
376 29
375 29
374 29
373 28
372 28
371 28
370 28
369 27
368 27
367 27
366 27
365 27
364 27
363 27
362 27
361 27
