533 217
532 218
531 218
530 218
529 218
528 218
527 218
526 218
525 218
524 218
523 218
522 218
521 218
520 218
519 218
518 218
517 218
516 218
515 218
514 219
513 219
512 219
511 220
510 220
509 220
508 221
507 221
506 221
505 221
504 222
503 222
502 223
501 223
500 224
499 224
498 225
497 225
496 226
495 226
494 226
493 227
492 227
491 227
490 227
489 228
488 228
487 228
486 228
485 229
484 229
483 229
482 229
481 229
480 229
479 229
478 229
477 229
476 229
475 230
474 230
473 230
472 230
471 230
470 230
469 230
468 230
467 230
466 230
465 230
464 230
463 230
462 230
461 230
460 230
459 230
458 230
457 230
456 230
455 230
454 230
453 230
452 230
451 230
450 230
449 230
448 230
447 230
446 230
445 230
444 230
443 230
442 230
441 230
440 229
439 229
438 229
437 229
436 229
435 229
434 230
433 230
432 230
431 230
430 231
429 231
428 231
427 231
426 231
425 231
424 232
423 232
422 232
421 232
420 232
419 232
418 232
417 233
416 233
415 233
414 233
413 234
412 234
411 234
410 235
409 235
408 235
407 236
406 236
405 236
404 237
403 237
402 237
401 238
400 238
399 238
398 238
397 239
396 239
395 239
394 239
393 239
392 239
391 239
390 239
389 239
388 239
387 239
386 239
385 239
384 239
383 239
382 239
381 239
380 239
379 239
378 239
377 238
376 238
375 238
374 237
373 237
372 237
371 238
370 238
369 238
368 238
367 238
366 238
365 239
364 239
363 239
362 239
361 239
360 239
359 239
358 240
357 240
356 240
355 240
354 240
353 240
352 240
351 240
350 240
349 240
348 240
347 240
346 241
345 241
344 241
343 241
342 241
341 241
340 241
339 241
338 241
337 242
336 242
335 243
334 243
333 243
332 244
331 244
330 244
329 245
328 245
327 245
326 245
325 246
324 246
323 246
322 246
321 246
320 246
319 246
318 246
317 246
316 246
315 246
314 247
313 247
312 247
311 247
310 247
309 247
308 247
307 247
306 247
305 247
304 247
303 247
302 247
301 247
300 247
299 247
298 247
297 247
296 247
295 247
294 246
293 246
292 246
291 246
290 246
289 246
288 246
287 247
286 247
285 247
284 247
283 247
282 247
281 247
280 247
279 247
278 247
277 247
276 247
275 247
274 247
273 247
272 246
271 246
270 246
269 246
268 246
267 245
266 245
265 245
264 245
263 245
262 245
261 245
260 245
259 245
258 245
257 246
256 246
255 246
254 246
253 246
252 246
251 246
250 246
249 246
248 246
247 246
246 246
245 246
244 246
243 246
242 246
241 246
240 246
239 246
238 246
237 245
236 245
235 245
234 245
233 245
232 245
231 245
230 245
229 245
228 245
227 245
226 245
225 246
224 246
223 246
222 246
221 247
220 247
219 247
218 248
217 248
216 248
215 248
214 248
213 249
212 249
211 249
210 249
209 250
208 250
207 251
206 251
205 252
204 252
203 252
202 252
201 252
200 252
199 252
198 252
197 252
196 252
195 252
194 252
193 252
192 252
191 252
190 252
189 252
188 252
187 252
186 252
185 251
184 251
183 251
182 251
181 251
180 251
179 251
178 251
177 251
176 251
175 251
174 251
173 251
172 250
171 250
170 250
169 249
168 249
167 249
166 248
165 248
164 248
163 248
162 248
161 248
160 248
159 248
158 248
157 248
156 249
155 249
154 249
153 250
152 250
151 250
150 250
149 251
148 251
147 251
146 251
145 251
144 251
143 252
142 252
141 252
140 252
139 252
138 252
137 253
136 253
135 253
134 253
133 253
132 253
131 253
130 253
129 253
128 253
127 253
126 253
125 253
124 253
123 253
122 253
121 252
120 252
119 252
118 252
117 252
116 252
115 252
114 251
113 251
112 251
111 250
110 250
109 250
108 249
107 249
106 249
105 249
104 249
103 249
102 248
101 248
100 248
99 248
98 248
97 248
96 248
95 249
94 249
93 249
92 249
91 249
90 250
89 250
88 250
87 250
86 250
85 251
84 251
83 251
82 251
81 251
80 252
79 252
78 252
77 252
76 253
75 253
74 254
73 254
72 254
71 254
70 255
69 255
68 255
67 256
66 256
65 257
64 258
63 258
62 259
61 259
60 260
59 260
58 261
57 261
56 261
55 262
54 262
53 262
52 263
51 263
50 263
49 264
48 264
47 265
46 265
45 266
44 267
44 268
43 269
43 270
43 271
43 272
43 273
44 274
44 275
44 276
44 277
45 278
46 279
46 280
47 281
47 282
47 283
48 284
48 285
49 286
49 287
49 288
49 289
49 290
49 291
49 292
49 293
49 294
49 295
49 296
49 297
49 298
49 299
49 300
49 301
49 302
49 303
49 304
50 305
50 306
51 307
52 308
53 309
54 309
55 310
56 311
57 311
58 312
59 313
60 313
61 314
62 315
63 316
64 317
65 317
66 318
67 318
68 319
69 319
70 320
71 320
72 320
73 320
74 321
75 321
76 321
77 321
78 321
79 321
80 322
81 322
82 323
83 323
84 323
85 323
86 324
87 324
88 324
89 325
90 325
91 326
92 327
93 327
94 328
95 329
96 329
97 330
98 331
99 332
100 332
101 333
102 333
103 334
104 334
105 335
106 335
107 336
108 336
109 337
110 337
111 337
112 337
113 337
114 337
115 337
116 337
117 337
118 337
119 337
120 337
121 337
122 337
123 337
124 337
125 337
126 337
127 337
128 337
129 337
130 337
131 337
132 338
133 338
134 338
135 339
136 339
137 340
138 340
139 341
140 341
141 342
142 342
143 342
144 343
145 343
146 343
147 343
148 344
149 344
150 344
151 344
152 344
153 344
154 344
155 344
156 344
157 344
158 344
159 344
160 345
161 345
162 345
163 345
164 345
165 345
166 345
167 346
168 346
169 346
170 347
171 347
172 347
173 348
174 348
175 348
176 349
177 349
178 350
179 350
180 350
181 351
182 351
183 351
184 352
185 352
186 352
187 352
188 353
189 353
190 353
191 354
192 354
193 354
194 355
195 355
196 355
197 355
198 355
199 356
200 356
201 356
202 356
203 356
204 357
205 357
206 357
207 357
208 357
209 358
210 358
211 358
212 358
213 359
214 359
215 360
216 360
217 361
218 361
219 361
220 362
221 362
222 363
223 363
224 364
225 364
226 365
227 365
228 365
229 366
230 366
231 366
232 367
233 367
234 368
235 368
236 369
237 369
238 370
239 370
240 370
241 371
242 371
243 371
244 371
245 371
246 371
247 371
248 371
249 371
250 371
251 371
252 371
253 370
254 370
255 370
256 370
257 370
258 370
259 370
260 369
261 369
262 369
263 369
264 369
265 369
266 369
267 369
268 369
269 369
270 369
271 369
272 369
273 369
274 369
275 369
276 369
277 369
278 369
279 370
280 370
281 370
282 370
283 370
284 370
285 370
286 370
287 370
288 371
289 371
290 371
291 371
292 371
293 372
294 372
295 372
296 372
297 373
298 373
299 373
300 374
301 374
302 375
303 375
304 376
305 376
306 377
307 378
308 378
309 379
310 379
311 380
312 380
313 381
314 381
315 381
316 381
317 381
318 381
319 381
320 381
321 381
322 381
323 381
324 381
325 381
326 382
327 382
328 382
329 382
330 382
331 383
332 383
333 383
334 383
335 384
336 384
337 384
338 385
339 385
340 385
341 385
342 385
343 385
344 385
345 385
346 385
347 385
348 386
349 386
350 386
351 386
352 386
353 387
354 387
355 387
356 387
357 387
358 387
359 387
360 388
361 388
362 388
363 388
364 388
365 388
366 388
367 389
368 389
369 389
370 390
371 390
372 390
373 391
374 391
375 392
376 392
377 393
378 393
379 394
380 394
381 395
382 395
383 395
384 396
385 396
386 396
387 396
388 396
389 397
390 397
391 397
392 397
393 397
394 397
395 396
396 396
397 396
398 395
399 395
400 394
401 394
402 394
403 394
404 393
405 393
406 393
407 393
408 393
409 392
410 392
411 392
412 392
413 392
414 392
415 392
416 392
417 392
418 392
419 392
420 392
421 392
422 392
423 392
424 392
425 392
426 392
427 392
428 392
429 392
430 392
431 393
432 393
433 393
434 394
435 393
436 393
437 394
438 394
439 394
440 394
441 394
442 394
443 394
444 395
445 395
446 395
447 395
448 395
449 395
450 395
451 396
452 396
453 396
454 396
455 396
456 396
457 397
458 397
459 397
460 397
461 398
462 398
463 398
464 398
465 398
466 398
467 398
468 398
469 398
470 398
471 398
472 398
473 398
474 398
475 398
476 398
477 398
478 398
479 397
480 397
481 397
482 396
483 396
484 396
485 395
486 395
487 395
488 395
489 394
490 394
491 394
492 394
493 394
494 394
495 394
496 394
497 394
498 394
499 395
500 395
501 395
502 395
503 395
504 395
505 395
506 395
507 394
508 394
509 394
510 393
511 393
512 392
513 392
514 392
515 391
516 391
517 391
518 391
519 391
520 391
521 390
522 390
523 390
524 389
525 389
526 389
527 388
528 388
529 388
530 387
531 387
532 387
533 387
534 387
535 387
536 387
537 387
538 387
539 387
540 387
541 387
542 387
543 387
544 387
545 386
546 386
547 386
548 386
549 386
550 385
551 385
552 384
553 384
554 384
555 383
556 383
557 382
558 382
559 382
560 381
561 381
562 380
563 380
564 380
565 379
566 379
567 379
568 379
569 379
570 379
571 379
572 379
573 378
574 378
575 378
576 378
577 378
578 377
579 377
580 377
581 377
582 376
583 376
584 376
585 376
586 375
587 375
588 375
589 375
590 375
591 375
592 374
593 374
594 374
595 374
596 374
597 374
598 374
599 373
600 373
601 373
602 373
603 372
604 372
605 372
606 372
607 371
608 371
609 370
610 370
611 369
612 369
613 369
614 368
615 368
616 368
617 368
618 368
619 367
620 367
621 367
622 367
623 367
624 367
625 367
626 367
627 367
628 367
629 367
630 367
631 367
632 367
633 367
634 367
635 367
636 367
637 367
638 367
639 367
640 366
641 366
642 366
643 366
644 366
645 367
646 366
647 366
648 366
649 366
650 366
651 366
652 367
653 367
654 367
655 367
656 367
657 367
658 367
659 367
660 367
661 366
662 366
663 366
664 366
665 365
666 365
667 365
668 365
669 364
670 364
671 364
672 363
673 363
674 363
675 363
676 363
677 363
678 363
679 363
680 363
681 363
682 363
683 363
684 363
685 363
686 363
687 364
688 364
689 364
690 364
691 364
692 363
693 363
694 363
695 362
696 362
697 361
698 360
698 359
699 358
700 357
701 356
701 355
702 354
702 353
703 352
703 351
704 350
704 349
704 348
704 347
704 346
704 345
704 344
704 343
704 342
705 341
705 340
705 339
705 338
705 337
706 336
706 335
706 334
707 333
707 332
707 331
708 330
708 329
709 328
709 327
709 326
710 325
710 324
710 323
711 322
711 321
711 320
711 319
711 318
711 317
711 316
711 315
711 314
711 313
711 312
711 311
711 310
710 309
710 308
710 307
710 306
710 305
710 304
710 303
710 302
710 301
710 300
710 299
710 298
710 297
710 296
710 295
710 294
710 293
711 292
711 291
711 290
711 289
711 288
711 287
711 286
711 285
711 284
711 283
711 282
712 281
712 280
712 279
712 278
712 277
712 276
712 275
712 274
712 273
712 272
712 271
712 270
712 269
712 268
712 267
712 266
712 265
711 264
711 263
711 262
711 261
711 260
711 259
711 258
711 257
710 256
711 255
711 254
711 253
710 252
710 251
709 250
709 249
708 248
708 247
707 246
706 246
705 245
705 244
704 243
704 242
703 241
702 240
701 239
700 238
699 237
698 236
697 235
696 234
696 233
695 232
694 231
693 230
692 230
691 229
690 229
689 228
688 228
687 227
686 226
685 226
684 225
683 225
682 225
681 224
680 224
679 224
678 224
677 224
676 224
675 224
674 224
673 224
672 223
671 223
670 223
669 223
668 223
667 223
666 223
665 223
664 223
663 223
662 222
661 222
660 222
659 221
658 221
657 221
656 220
655 220
654 219
653 219
652 218
651 218
650 218
649 218
648 218
647 219
646 220
645 220
644 221
643 221
642 222
641 222
640 222
639 223
638 223
637 223
636 224
635 224
634 224
633 224
632 224
631 224
630 225
629 225
628 225
627 225
626 225
625 225
624 225
623 226
622 226
621 226
620 226
619 226
618 226
617 226
616 226
615 226
614 226
613 226
612 226
611 226
610 226
609 226
608 226
607 226
606 226
605 226
604 226
603 226
602 225
601 225
600 225
599 225
598 225
597 225
596 225
595 225
594 225
593 225
592 225
591 224
590 224
589 224
588 224
587 224
586 223
585 223
584 223
583 223
582 223
581 223
580 224
579 224
578 224
577 225
576 225
575 225
574 225
573 225
572 226
571 226
570 226
569 226
568 226
567 226
566 226
565 225
564 225
563 225
562 225
561 224
560 224
559 224
558 224
557 223
556 223
555 222
554 222
553 222
552 221
551 221
550 220
549 220
548 220
547 219
546 219
545 218
544 218
543 218
542 218
541 218
540 218
539 217
538 217
537 217
536 217
535 217
534 217
533 217
