500 439
499 440
498 440
497 440
496 440
495 440
494 440
493 440
492 440
491 440
490 440
489 440
488 440
487 440
486 440
485 440
484 440
483 440
482 440
481 440
480 440
479 440
478 440
477 440
476 440
475 440
474 440
473 440
472 440
471 440
470 440
469 440
468 440
467 440
466 440
465 440
464 440
463 440
462 440
461 440
460 440
459 440
458 440
457 440
456 440
455 440
454 440
453 440
452 440
451 440
450 440
449 440
448 440
447 440
446 440
445 440
444 440
443 440
442 440
441 440
440 440
439 440
438 440
437 440
436 440
435 440
434 440
433 440
432 440
431 440
430 440
429 440
428 440
427 440
426 440
425 440
424 440
423 440
422 441
421 441
420 441
419 441
418 441
417 441
416 441
415 441
414 441
413 441
412 441
411 441
410 441
409 441
408 441
407 441
406 441
405 441
404 441
403 441
402 441
401 441
400 441
399 441
398 441
397 441
396 441
395 441
394 441
393 441
392 441
391 441
390 442
389 442
388 442
387 442
386 442
385 442
384 442
383 442
382 442
381 442
380 442
379 442
378 442
377 442
376 442
375 442
374 442
373 442
372 442
371 442
370 442
369 442
368 442
367 442
366 442
365 442
364 442
363 442
362 442
361 442
360 441
359 441
358 441
357 441
356 441
355 441
354 441
353 441
352 441
351 441
350 441
349 441
348 442
347 442
346 442
345 442
344 442
343 442
342 442
341 442
340 442
339 442
338 442
337 442
336 442
335 442
334 443
333 443
332 443
331 443
330 444
329 444
328 444
327 444
326 444
325 444
324 444
323 444
322 444
321 444
320 444
319 445
318 445
317 445
316 445
315 445
314 446
313 446
312 446
311 446
310 446
309 447
308 447
307 447
306 447
305 447
304 447
303 448
302 448
301 448
300 448
299 448
298 448
297 448
296 448
295 449
294 448
293 449
292 449
291 449
290 449
289 449
288 450
287 450
286 450
285 450
284 450
283 451
282 451
281 451
280 451
279 451
278 451
277 452
276 452
275 452
274 452
273 453
272 453
271 453
270 453
269 453
268 453
267 453
266 453
265 453
264 453
263 453
262 453
261 453
260 454
259 454
258 454
257 454
256 455
255 455
254 455
253 455
252 455
251 455
250 455
249 455
248 455
247 455
246 456
245 456
244 456
243 456
242 456
241 456
240 456
239 456
238 456
237 456
236 456
235 456
234 456
233 456
232 456
231 456
230 457
229 457
228 457
227 457
226 457
225 457
224 457
223 457
222 457
221 457
220 457
219 457
218 457
217 457
216 457
215 457
214 457
213 457
212 457
211 457
210 458
209 458
208 458
207 458
206 458
205 458
204 458
203 458
202 459
201 459
200 459
199 459
198 459
197 459
196 460
195 460
194 460
193 460
192 460
191 460
190 461
189 461
188 461
187 461
186 461
185 461
184 461
183 461
182 461
181 461
180 461
179 462
178 462
177 462
176 462
175 462
174 462
173 462
172 462
171 462
170 462
169 462
168 463
167 463
166 463
165 463
164 463
163 464
162 464
161 464
160 464
159 464
158 464
157 464
156 465
155 465
154 465
153 465
152 466
151 466
150 466
149 466
148 467
147 467
146 467
145 467
144 467
143 467
142 468
141 468
140 468
139 469
138 469
137 469
136 469
135 470
134 470
133 470
132 471
131 471
130 471
129 471
128 472
127 472
126 472
125 472
124 473
123 473
122 473
121 473
120 474
119 474
118 474
117 475
116 475
115 476
114 476
113 476
112 477
111 477
110 478
109 478
108 479
107 479
106 480
105 481
104 481
103 482
102 482
101 483
100 484
99 485
98 486
97 486
96 487
95 487
94 488
93 488
92 489
91 489
90 490
89 490
88 491
87 492
86 493
85 494
84 494
83 494
82 495
81 495
80 496
79 496
78 497
77 497
76 498
75 498
74 499
73 500
72 500
71 501
70 501
69 502
68 503
67 503
66 504
65 505
64 506
63 507
62 508
61 508
60 509
59 510
58 511
57 512
56 513
55 514
54 515
53 515
52 516
51 517
50 518
49 519
49 520
48 521
47 522
47 523
46 524
46 525
45 526
45 527
45 528
45 529
45 530
46 531
46 532
46 533
47 534
47 535
47 536
48 537
48 538
49 539
49 540
50 541
50 542
51 543
52 544
52 545
53 546
53 547
54 548
54 549
55 550
55 551
55 552
56 553
56 554
57 555
58 556
59 557
60 558
61 559
62 560
63 561
64 562
65 563
66 564
67 565
68 566
69 567
70 568
71 569
72 570
73 571
74 572
74 573
75 574
76 575
77 576
78 577
79 578
80 579
81 580
82 581
83 582
84 583
85 584
86 584
87 584
88 585
89 585
90 585
91 585
92 585
93 585
94 585
95 585
96 585
97 585
98 586
99 586
100 586
101 586
102 586
103 587
104 587
105 587
106 587
107 587
108 588
109 588
110 588
111 588
112 588
113 588
114 589
115 589
116 589
117 589
118 589
119 589
120 589
121 589
122 589
123 589
124 589
125 589
126 589
127 589
128 589
129 589
130 589
131 589
132 589
133 589
134 589
135 589
136 590
137 590
138 590
139 590
140 590
141 590
142 590
143 590
144 590
145 591
146 591
147 591
148 591
149 591
150 591
151 591
152 591
153 591
154 591
155 591
156 591
157 591
158 591
159 591
160 592
161 592
162 592
163 592
164 592
165 593
166 593
167 593
168 593
169 594
170 594
171 594
172 594
173 594
174 594
175 594
176 594
177 593
178 593
179 593
180 593
181 593
182 592
183 592
184 592
185 592
186 592
187 592
188 592
189 592
190 592
191 592
192 592
193 592
194 592
195 592
196 592
197 592
198 592
199 592
200 592
201 592
202 592
203 592
204 592
205 592
206 592
207 592
208 592
209 592
210 592
211 592
212 592
213 592
214 592
215 592
216 592
217 592
218 592
219 592
220 592
221 592
222 592
223 592
224 592
225 593
226 593
227 593
228 593
229 594
230 594
231 594
232 595
233 595
234 595
235 595
236 595
237 595
238 595
239 595
240 595
241 595
242 595
243 595
244 595
245 595
246 595
247 595
248 595
249 595
250 596
251 596
252 596
253 596
254 596
255 596
256 596
257 596
258 596
259 596
260 596
261 596
262 596
263 596
264 596
265 596
266 596
267 597
268 597
269 597
270 597
271 597
272 598
273 598
274 598
275 598
276 598
277 598
278 598
279 598
280 598
281 597
282 597
283 597
284 597
285 597
286 597
287 597
288 597
289 597
290 597
291 597
292 597
293 597
294 597
295 597
296 597
297 597
298 597
299 597
300 597
301 597
302 597
303 597
304 597
305 597
306 597
307 597
308 597
309 597
310 597
311 597
312 597
313 597
314 597
315 597
316 597
317 597
318 597
319 597
320 597
321 597
322 597
323 597
324 597
325 597
326 597
327 597
328 597
329 597
330 597
331 597
332 597
333 597
334 597
335 597
336 597
337 598
338 598
339 598
340 598
341 598
342 598
343 599
344 598
345 599
346 599
347 599
348 600
349 600
350 600
351 600
352 601
353 601
354 601
355 601
356 602
357 602
358 602
359 603
360 603
361 603
362 603
363 603
364 603
365 603
366 603
367 603
368 603
369 602
370 602
371 602
372 602
373 602
374 602
375 602
376 602
377 602
378 602
379 602
380 602
381 602
382 602
383 602
384 602
385 602
386 601
387 601
388 601
389 600
390 600
391 600
392 600
393 599
394 599
395 599
396 599
397 599
398 599
399 599
400 599
401 599
402 599
403 599
404 599
405 599
406 599
407 598
408 598
409 598
410 598
411 598
412 598
413 598
414 598
415 598
416 598
417 598
418 598
419 598
420 598
421 598
422 598
423 597
424 597
425 597
426 597
427 597
428 598
429 598
430 598
431 598
432 598
433 598
434 598
435 598
436 598
437 597
438 597
439 597
440 597
441 597
442 597
443 597
444 597
445 597
446 597
447 597
448 597
449 597
450 597
451 597
452 597
453 597
454 597
455 597
456 597
457 597
458 597
459 597
460 596
461 596
462 596
463 596
464 596
465 596
466 596
467 596
468 596
469 596
470 596
471 596
472 596
473 596
474 596
475 596
476 595
477 595
478 595
479 595
480 595
481 595
482 595
483 595
484 595
485 594
486 594
487 594
488 594
489 594
490 594
491 594
492 594
493 594
494 594
495 594
496 594
497 594
498 594
499 594
500 595
501 595
502 595
503 595
504 595
505 595
506 595
507 595
508 595
509 594
510 594
511 594
512 594
513 594
514 594
515 594
516 594
517 594
518 593
519 593
520 593
521 593
522 593
523 593
524 594
525 594
526 594
527 593
528 593
529 593
530 593
531 593
532 593
533 593
534 593
535 593
536 593
537 593
538 592
539 592
540 592
541 592
542 592
543 592
544 592
545 592
546 592
547 592
548 592
549 592
550 592
551 592
552 592
553 592
554 592
555 592
556 592
557 592
558 592
559 592
560 592
561 592
562 592
563 591
564 591
565 591
566 591
567 591
568 591
569 591
570 591
571 591
572 591
573 591
574 591
575 590
576 590
577 590
578 590
579 590
580 590
581 590
582 590
583 590
584 590
585 590
586 590
587 590
588 590
589 590
590 590
591 590
592 589
593 589
594 589
595 589
596 589
597 589
598 589
599 589
600 589
601 589
602 589
603 589
604 589
605 589
606 590
607 590
608 590
609 590
610 591
611 591
612 591
613 591
614 591
615 591
616 591
617 590
618 590
619 590
620 590
621 589
622 589
623 589
624 589
625 589
626 590
627 590
628 590
629 590
630 589
631 589
632 589
633 589
634 588
635 588
636 588
637 587
638 587
639 587
640 586
641 586
642 586
643 585
644 585
645 585
646 585
647 585
648 585
649 585
650 584
651 584
652 584
653 584
654 583
655 583
656 583
657 583
658 582
659 582
660 581
661 581
662 580
663 580
664 580
665 579
666 578
667 578
668 577
669 577
670 576
671 576
672 575
673 575
674 574
675 574
676 574
677 573
678 573
679 572
680 571
681 571
682 570
683 569
684 568
685 568
686 567
687 567
688 566
689 565
690 565
691 564
692 563
693 563
694 562
695 562
696 562
697 562
698 562
699 562
700 561
701 561
702 560
703 560
704 560
705 559
706 559
707 558
708 557
709 556
710 555
710 554
711 553
711 552
712 551
712 550
712 549
712 548
712 547
712 546
713 545
713 544
713 543
713 542
713 541
713 540
713 539
713 538
713 537
713 536
713 535
713 534
713 533
713 532
713 531
713 530
713 529
713 528
713 527
713 526
713 525
712 524
712 523
711 522
711 521
710 520
710 519
710 518
709 517
709 516
709 515
708 514
708 513
707 512
707 511
707 510
706 509
706 508
706 507
706 506
705 505
705 504
705 503
704 502
704 501
704 500
704 499
703 498
703 497
703 496
703 495
702 494
701 493
700 492
699 491
698 490
698 489
697 488
696 488
695 487
694 486
693 485
692 485
691 484
690 483
689 482
688 481
687 480
686 479
685 478
684 477
683 476
682 475
681 474
680 474
679 473
678 472
677 472
676 471
675 471
674 470
673 470
672 469
671 469
670 468
669 468
668 467
667 467
666 466
665 466
664 465
663 464
662 464
661 463
660 463
659 462
658 462
657 461
656 461
655 461
654 460
653 459
652 458
651 458
650 458
649 457
648 456
647 456
646 456
645 456
644 455
643 455
642 455
641 455
640 454
639 453
638 453
637 453
636 452
635 452
634 451
633 451
632 450
631 450
630 450
629 450
628 450
627 450
626 450
625 450
624 450
623 450
622 450
621 450
620 450
619 450
618 450
617 450
616 449
615 449
614 449
613 449
612 448
611 448
610 448
609 448
608 448
607 448
606 448
605 447
604 447
603 447
602 447
601 447
600 447
599 447
598 447
597 447
596 447
595 446
594 446
593 446
592 446
591 446
590 446
589 445
588 445
587 445
586 445
585 445
584 445
583 445
582 445
581 444
580 444
579 444
578 444
577 444
576 444
575 444
574 444
573 443
572 443
571 442
570 442
569 442
568 442
567 442
566 442
565 442
564 442
563 442
562 442
561 442
560 442
559 442
558 442
557 442
556 442
555 442
554 442
553 442
552 441
551 441
550 441
549 441
548 441
547 441
546 441
545 441
544 440
543 440
542 440
541 440
540 440
539 440
538 440
537 440
536 440
535 439
534 439
533 439
532 439
531 440
530 440
529 440
528 439
527 439
526 439
525 439
524 439
523 439
522 439
521 439
520 439
519 439
518 439
517 439
516 439
515 439
514 439
513 439
512 439
511 439
510 439
509 439
508 439
507 439
506 439
505 439
504 439
503 439
502 439
501 439
500 439
