381 639
380 640
379 640
378 640
377 640
376 640
375 640
374 640
373 640
372 640
371 640
370 640
369 640
368 640
367 641
366 641
365 641
364 641
363 641
362 641
361 641
360 641
359 641
358 641
357 641
356 642
355 642
354 642
353 642
352 642
351 643
350 642
349 643
348 643
347 643
346 643
345 643
344 643
343 643
342 642
341 642
340 642
339 642
338 642
337 642
336 642
335 642
334 642
333 642
332 642
331 642
330 642
329 642
328 642
327 642
326 642
325 642
324 643
323 643
322 643
321 643
320 643
319 643
318 644
317 644
316 644
315 644
314 644
313 644
312 645
311 645
310 645
309 645
308 645
307 645
306 645
305 645
304 645
303 645
302 645
301 645
300 645
299 645
298 645
297 645
296 645
295 645
294 645
293 645
292 645
291 645
290 645
289 645
288 646
287 646
286 646
285 646
284 647
283 647
282 647
281 647
280 647
279 647
278 648
277 648
276 648
275 648
274 648
273 648
272 649
271 649
270 649
269 649
268 649
267 649
266 649
265 649
264 649
263 649
262 649
261 649
260 649
259 649
258 649
257 648
256 648
255 648
254 648
253 648
252 648
251 648
250 648
249 648
248 647
247 647
246 647
245 647
244 647
243 647
242 647
241 647
240 647
239 647
238 647
237 647
236 647
235 647
234 647
233 647
232 647
231 647
230 647
229 647
228 647
227 647
226 647
225 648
224 648
223 648
222 648
221 648
220 648
219 648
218 649
217 649
216 649
215 649
214 649
213 649
212 649
211 649
210 649
209 649
208 649
207 649
206 649
205 650
204 650
203 650
202 650
201 650
200 650
199 650
198 650
197 650
196 650
195 650
194 650
193 651
192 651
191 651
190 651
189 651
188 651
187 651
186 651
185 651
184 651
183 651
182 651
181 651
180 652
179 652
178 652
177 652
176 652
175 652
174 652
173 652
172 652
171 652
170 652
169 652
168 652
167 652
166 653
165 653
164 653
163 653
162 653
161 653
160 653
159 653
158 653
157 653
156 654
155 654
154 654
153 654
152 654
151 654
150 653
149 654
148 654
147 654
146 654
145 654
144 654
143 655
142 655
141 655
140 655
139 655
138 655
137 655
136 655
135 655
134 656
133 656
132 656
131 656
130 657
129 657
128 657
127 657
126 657
125 657
124 657
123 657
122 657
121 657
120 657
119 657
118 657
117 657
116 658
115 658
114 658
113 659
112 659
111 659
110 660
109 660
108 660
107 660
106 661
105 661
104 661
103 661
102 661
101 662
100 662
99 662
98 662
97 662
96 662
95 662
94 662
93 662
92 663
91 663
90 663
89 664
88 664
87 664
86 665
85 665
84 665
83 666
82 666
81 666
80 666
79 667
78 667
77 667
76 667
75 668
74 668
73 668
72 669
71 669
70 669
69 670
68 670
67 671
66 671
65 671
64 672
63 672
62 672
61 673
60 673
59 673
58 674
57 674
56 675
55 675
54 676
53 676
52 677
51 678
50 679
49 680
48 681
47 682
47 683
46 684
46 685
46 686
46 687
45 688
45 689
46 690
46 691
46 692
46 693
46 694
47 695
47 696
47 697
47 698
47 699
47 700
47 701
48 702
48 703
49 704
49 705
49 706
50 707
51 708
52 709
53 710
54 711
55 712
55 713
55 714
55 715
55 716
55 717
56 718
56 719
57 719
58 720
59 721
60 722
61 722
62 723
63 723
64 724
65 724
66 725
67 726
68 726
69 726
70 727
71 727
72 728
73 728
74 728
75 728
76 729
77 730
78 730
79 731
80 732
81 732
82 732
83 733
84 733
85 734
86 734
87 734
88 734
89 734
90 735
91 735
92 735
93 736
94 736
95 736
96 737
97 737
98 737
99 738
100 738
101 738
102 738
103 739
104 739
105 740
106 740
107 741
108 741
109 741
110 742
111 742
112 742
113 743
114 743
115 744
116 744
117 745
118 745
119 746
120 746
121 747
122 747
123 747
124 748
125 748
126 749
127 749
128 749
129 750
130 750
131 750
132 749
133 750
134 750
135 750
136 750
137 750
138 750
139 751
140 751
141 751
142 751
143 751
144 752
145 752
146 752
147 752
148 752
149 752
150 752
151 752
152 752
153 752
154 753
155 753
156 753
157 753
158 753
159 753
160 753
161 753
162 753
163 753
164 754
165 754
166 754
167 754
168 754
169 754
170 754
171 754
172 754
173 754
174 754
175 754
176 754
177 754
178 754
179 754
180 754
181 754
182 754
183 754
184 754
185 755
186 755
187 755
188 755
189 755
190 755
191 756
192 756
193 756
194 756
195 756
196 756
197 756
198 756
199 756
200 757
201 757
202 757
203 757
204 757
205 757
206 757
207 757
208 758
209 758
210 758
211 758
212 758
213 758
214 758
215 758
216 758
217 759
218 759
219 759
220 759
221 759
222 759
223 759
224 759
225 759
226 759
227 759
228 759
229 759
230 759
231 759
232 759
233 759
234 760
235 760
236 760
237 760
238 761
239 761
240 761
241 761
242 761
243 761
244 761
245 761
246 761
247 762
248 762
249 762
250 762
251 762
252 762
253 763
254 763
255 763
256 763
257 764
258 764
259 764
260 764
261 764
262 765
263 765
264 765
265 765
266 765
267 765
268 765
269 766
270 766
271 765
272 765
273 765
274 765
275 765
276 765
277 765
278 764
279 764
280 764
281 764
282 764
283 764
284 764
285 764
286 764
287 764
288 764
289 764
290 764
291 764
292 764
293 764
294 764
295 764
296 764
297 764
298 764
299 764
300 764
301 764
302 764
303 764
304 764
305 764
306 764
307 764
308 764
309 764
310 764
311 764
312 764
313 764
314 765
315 765
316 765
317 765
318 765
319 765
320 765
321 766
322 765
323 765
324 766
325 766
326 766
327 766
328 766
329 766
330 766
331 766
332 766
333 766
334 765
335 765
336 765
337 765
338 765
339 765
340 765
341 765
342 765
343 765
344 765
345 765
346 765
347 765
348 765
349 765
350 765
351 766
352 766
353 766
354 767
355 767
356 767
357 767
358 767
359 767
360 767
361 768
362 768
363 768
364 768
365 768
366 768
367 768
368 768
369 768
370 768
371 768
372 768
373 768
374 768
375 768
376 768
377 768
378 768
379 768
380 768
381 768
382 768
383 768
384 768
385 768
386 768
387 768
388 768
389 768
390 768
391 768
392 769
393 769
394 769
395 769
396 769
397 769
398 769
399 770
400 770
401 770
402 770
403 770
404 770
405 770
406 770
407 770
408 770
409 770
410 770
411 770
412 770
413 770
414 770
415 770
416 770
417 770
418 769
419 770
420 770
421 770
422 770
423 770
424 770
425 770
426 770
427 770
428 770
429 771
430 771
431 771
432 771
433 771
434 771
435 772
436 772
437 772
438 772
439 772
440 772
441 772
442 772
443 772
444 772
445 773
446 773
447 773
448 773
449 773
450 773
451 773
452 773
453 773
454 774
455 774
456 774
457 775
458 775
459 775
460 775
461 775
462 775
463 775
464 775
465 775
466 775
467 775
468 775
469 775
470 775
471 775
472 775
473 775
474 775
475 775
476 775
477 775
478 775
479 775
480 776
481 776
482 776
483 776
484 776
485 776
486 776
487 777
488 777
489 777
490 777
491 777
492 777
493 777
494 777
495 777
496 777
497 777
498 777
499 776
500 776
501 776
502 776
503 776
504 775
505 775
506 775
507 775
508 775
509 775
510 775
511 775
512 775
513 775
514 775
515 775
516 775
517 775
518 774
519 774
520 774
521 774
522 774
523 774
524 774
525 774
526 774
527 774
528 774
529 774
530 774
531 774
532 774
533 774
534 774
535 774
536 774
537 774
538 774
539 774
540 774
541 774
542 774
543 774
544 774
545 774
546 774
547 774
548 774
549 774
550 774
551 774
552 774
553 774
554 774
555 774
556 774
557 774
558 774
559 774
560 774
561 774
562 774
563 774
564 774
565 774
566 774
567 774
568 774
569 774
570 774
571 774
572 774
573 774
574 774
575 774
576 774
577 774
578 774
579 774
580 774
581 774
582 774
583 774
584 774
585 774
586 774
587 774
588 774
589 773
590 773
591 773
592 773
593 773
594 773
595 773
596 773
597 773
598 773
599 773
600 773
601 773
602 773
603 773
604 773
605 772
606 772
607 772
608 771
609 771
610 770
611 770
612 770
613 769
614 768
615 768
616 767
617 767
618 767
619 767
620 767
621 767
622 766
623 766
624 766
625 766
626 765
627 765
628 765
629 764
630 764
631 763
632 763
633 763
634 763
635 763
636 763
637 762
638 762
639 762
640 762
641 761
642 761
643 761
644 761
645 760
646 760
647 760
648 759
649 759
650 759
651 759
652 758
653 758
654 758
655 757
656 757
657 756
658 756
659 755
660 755
661 755
662 754
663 754
664 753
665 753
666 753
667 752
668 752
669 752
670 752
671 751
672 751
673 751
674 750
675 750
676 749
677 749
678 749
679 748
680 748
681 747
682 747
683 746
684 746
685 746
686 745
687 745
688 744
689 744
690 744
691 743
692 743
693 743
694 743
695 742
696 742
697 741
698 741
699 740
700 740
701 739
702 739
703 738
704 738
705 737
706 737
707 736
708 735
709 735
710 734
711 733
712 732
713 731
713 730
713 729
714 728
714 727
714 726
714 725
714 724
714 723
714 722
713 721
713 720
713 719
713 718
713 717
713 716
713 715
713 714
713 713
713 712
713 711
713 710
713 709
712 708
712 707
712 706
712 705
711 704
711 703
710 702
710 701
709 700
709 699
709 698
708 697
708 696
708 695
708 694
707 693
707 692
706 691
705 690
704 689
703 688
702 687
702 686
701 685
700 684
700 683
699 682
699 681
698 680
697 679
697 678
696 677
695 676
694 675
693 674
692 673
691 672
690 671
689 670
688 669
687 668
686 667
685 666
684 665
683 665
682 664
681 664
680 663
679 663
678 663
677 663
676 663
675 663
674 663
673 663
672 663
671 662
670 662
669 662
668 662
667 662
666 662
665 661
664 661
663 661
662 661
661 661
660 661
659 660
658 660
657 660
656 660
655 660
654 660
653 659
652 659
651 659
650 658
649 658
648 658
647 658
646 658
645 658
644 657
643 657
642 656
641 656
640 655
639 655
638 655
637 655
636 654
635 654
634 653
633 653
632 653
631 652
630 652
629 652
628 652
627 652
626 652
625 652
624 652
623 652
622 652
621 652
620 652
619 652
618 652
617 651
616 651
615 651
614 651
613 651
612 651
611 650
610 650
609 650
608 649
607 649
606 648
605 648
604 647
603 647
602 647
601 646
600 646
599 646
598 646
597 646
596 646
595 645
594 645
593 645
592 645
591 645
590 645
589 644
588 644
587 644
586 644
585 643
584 643
583 643
582 643
581 643
580 643
579 642
578 642
577 642
576 642
575 642
574 642
573 642
572 642
571 642
570 641
569 641
568 641
567 641
566 641
565 641
564 641
563 641
562 641
561 641
560 641
559 641
558 641
557 641
556 641
555 641
554 641
553 641
552 641
551 641
550 641
549 641
548 641
547 641
546 641
545 641
544 641
543 641
542 640
541 640
540 640
539 640
538 640
537 640
536 640
535 640
534 640
533 640
532 640
531 640
530 640
529 640
528 640
527 640
526 640
525 640
524 640
523 640
522 640
521 640
520 639
519 639
518 639
517 639
516 639
515 639
514 639
513 639
512 639
511 639
510 639
509 639
508 640
507 639
506 639
505 639
504 639
503 639
502 639
501 639
500 639
499 639
498 639
497 639
496 639
495 639
494 639
493 639
492 639
491 639
490 639
489 639
488 639
487 639
486 639
485 639
484 640
483 640
482 640
481 640
480 640
479 640
478 640
477 640
476 641
475 641
474 641
473 641
472 641
471 641
470 640
469 640
468 640
467 640
466 640
465 640
464 640
463 640
462 640
461 640
460 640
459 640
458 640
457 640
456 640
455 640
454 640
453 640
452 640
451 640
450 640
449 640
448 640
447 640
446 640
445 640
444 640
443 640
442 640
441 640
440 640
439 640
438 639
437 639
436 639
435 639
434 639
433 639
432 639
431 639
430 639
429 639
428 639
427 639
426 639
425 639
424 639
423 639
422 639
421 639
420 639
419 639
418 639
417 639
416 639
415 639
414 639
413 639
412 639
411 639
410 639
409 639
408 639
407 639
406 639
405 639
404 639
403 639
402 639
401 639
400 639
399 639
398 639
397 639
396 639
395 639
394 639
393 639
392 639
391 639
390 639
389 639
388 639
387 639
386 639
385 639
384 639
383 639
382 639
381 639
