521 839
520 840
519 840
518 840
517 840
516 840
515 840
514 840
513 841
512 841
511 841
510 841
509 841
508 841
507 841
506 841
505 841
504 841
503 841
502 841
501 841
500 841
499 841
498 841
497 841
496 842
495 842
494 842
493 842
492 842
491 842
490 842
489 842
488 842
487 842
486 842
485 842
484 842
483 842
482 842
481 842
480 842
479 842
478 842
477 842
476 842
475 842
474 842
473 842
472 842
471 842
470 842
469 842
468 842
467 842
466 842
465 842
464 842
463 842
462 842
461 842
460 842
459 842
458 842
457 842
456 842
455 842
454 842
453 842
452 842
451 842
450 842
449 842
448 842
447 842
446 842
445 842
444 842
443 843
442 843
441 843
440 843
439 843
438 844
437 844
436 844
435 844
434 844
433 844
432 845
431 845
430 845
429 845
428 845
427 846
426 846
425 846
424 846
423 846
422 846
421 846
420 847
419 847
418 847
417 847
416 847
415 847
414 847
413 847
412 847
411 847
410 847
409 848
408 848
407 848
406 848
405 848
404 848
403 848
402 849
401 849
400 849
399 849
398 849
397 849
396 849
395 849
394 849
393 849
392 849
391 849
390 850
389 850
388 850
387 851
386 851
385 851
384 851
383 851
382 851
381 851
380 850
379 850
378 850
377 849
376 849
375 849
374 849
373 849
372 849
371 849
370 848
369 848
368 848
367 848
366 848
365 848
364 848
363 848
362 848
361 848
360 848
359 848
358 848
357 848
356 849
355 849
354 849
353 849
352 850
351 850
350 850
349 850
348 850
347 851
346 851
345 851
344 851
343 851
342 851
341 851
340 852
339 852
338 852
337 853
336 853
335 854
334 854
333 854
332 854
331 854
330 854
329 854
328 854
327 855
326 855
325 855
324 855
323 855
322 855
321 856
320 855
319 856
318 856
317 856
316 856
315 856
314 856
313 856
312 856
311 856
310 856
309 856
308 856
307 857
306 857
305 857
304 857
303 857
302 857
301 857
300 857
299 857
298 857
297 857
296 857
295 858
294 858
293 858
292 858
291 858
290 858
289 857
288 857
287 857
286 857
285 857
284 857
283 857
282 858
281 858
280 859
279 859
278 859
277 859
276 859
275 859
274 859
273 860
272 860
271 860
270 860
269 860
268 861
267 861
266 861
265 861
264 861
263 861
262 861
261 861
260 861
259 861
258 861
257 861
256 861
255 861
254 861
253 861
252 862
251 862
250 862
249 863
248 863
247 863
246 863
245 863
244 863
243 863
242 863
241 863
240 863
239 863
238 863
237 864
236 864
235 864
234 865
233 865
232 865
231 865
230 865
229 865
228 865
227 865
226 865
225 865
224 866
223 866
222 866
221 866
220 867
219 867
218 867
217 868
216 868
215 868
214 868
213 868
212 868
211 868
210 868
209 869
208 869
207 869
206 869
205 870
204 870
203 870
202 871
201 871
200 871
199 871
198 871
197 871
196 871
195 871
194 871
193 872
192 872
191 873
190 873
189 873
188 874
187 874
186 874
185 874
184 875
183 875
182 875
181 875
180 875
179 875
178 875
177 875
176 875
175 876
174 876
173 876
172 876
171 877
170 877
169 877
168 877
167 878
166 878
165 878
164 879
163 879
162 879
161 879
160 879
159 879
158 879
157 879
156 879
155 879
154 879
153 879
152 879
151 879
150 879
149 879
148 880
147 880
146 880
145 880
144 880
143 881
142 881
141 881
140 881
139 882
138 882
137 882
136 883
135 883
134 884
133 884
132 884
131 884
130 884
129 885
128 885
127 885
126 885
125 885
124 886
123 886
122 886
121 886
120 887
119 887
118 887
117 887
116 887
115 887
114 887
113 888
112 888
111 888
110 888
109 889
108 889
107 889
106 889
105 890
104 890
103 890
102 890
101 890
100 891
99 891
98 892
97 892
96 892
95 892
94 893
93 893
92 894
91 894
90 894
89 895
88 895
87 896
86 896
85 896
84 896
83 897
82 897
81 898
80 898
79 899
78 899
77 900
76 900
75 901
74 902
73 902
72 903
71 903
70 904
69 904
68 904
67 905
66 905
65 906
64 906
63 907
62 908
61 908
60 909
59 909
58 910
57 910
56 911
55 911
54 912
53 913
52 913
51 914
51 915
50 916
49 917
49 918
49 919
49 920
50 921
50 922
51 922
52 923
53 923
54 924
55 924
56 924
57 924
58 924
59 925
60 925
61 925
62 925
63 926
64 926
65 926
66 926
67 927
68 927
69 927
70 927
71 927
72 927
73 927
74 927
75 928
76 928
77 928
78 929
79 929
80 929
81 929
82 930
83 930
84 930
85 930
86 931
87 931
88 931
89 932
90 932
91 933
92 933
93 934
94 934
95 935
96 935
97 935
98 935
99 936
100 936
101 936
102 936
103 936
104 936
105 937
106 937
107 937
108 937
109 937
110 937
111 937
112 937
113 937
114 937
115 937
116 937
117 937
118 937
119 938
120 938
121 938
122 938
123 939
124 939
125 939
126 939
127 940
128 940
129 940
130 940
131 940
132 940
133 940
134 941
135 941
136 941
137 941
138 941
139 941
140 941
141 941
142 942
143 942
144 942
145 942
146 942
147 942
148 942
149 942
150 942
151 942
152 942
153 943
154 943
155 943
156 943
157 943
158 944
159 944
160 944
161 944
162 944
163 944
164 945
165 945
166 945
167 945
168 945
169 946
170 946
171 946
172 946
173 946
174 947
175 947
176 947
177 947
178 947
179 947
180 947
181 947
182 947
183 947
184 947
185 947
186 947
187 947
188 948
189 948
190 948
191 948
192 948
193 948
194 948
195 948
196 948
197 948
198 948
199 948
200 948
201 949
202 949
203 949
204 949
205 949
206 949
207 949
208 949
209 949
210 949
211 949
212 949
213 949
214 950
215 950
216 950
217 951
218 951
219 951
220 952
221 952
222 952
223 952
224 952
225 953
226 953
227 953
228 953
229 953
230 954
231 954
232 955
233 955
234 955
235 955
236 955
237 956
238 956
239 956
240 956
241 956
242 956
243 956
244 955
245 955
246 955
247 955
248 955
249 955
250 955
251 955
252 955
253 955
254 955
255 955
256 955
257 954
258 954
259 954
260 954
261 954
262 954
263 954
264 954
265 954
266 954
267 954
268 954
269 954
270 954
271 954
272 954
273 954
274 955
275 955
276 955
277 955
278 955
279 955
280 955
281 955
282 956
283 956
284 956
285 956
286 956
287 956
288 956
289 956
290 956
291 956
292 956
293 956
294 956
295 956
296 956
297 956
298 956
299 956
300 956
301 957
302 957
303 957
304 957
305 957
306 957
307 957
308 957
309 957
310 958
311 957
312 957
313 957
314 957
315 957
316 957
317 957
318 957
319 956
320 956
321 956
322 956
323 956
324 956
325 956
326 956
327 956
328 956
329 956
330 956
331 956
332 956
333 956
334 956
335 956
336 956
337 956
338 957
339 957
340 957
341 957
342 957
343 958
344 958
345 958
346 958
347 958
348 958
349 958
350 958
351 958
352 958
353 958
354 958
355 958
356 958
357 958
358 959
359 959
360 959
361 959
362 959
363 959
364 959
365 959
366 958
367 958
368 958
369 958
370 958
371 958
372 958
373 958
374 958
375 958
376 958
377 958
378 958
379 958
380 958
381 958
382 958
383 958
384 958
385 958
386 958
387 958
388 958
389 958
390 958
391 958
392 959
393 959
394 959
395 959
396 959
397 959
398 960
399 960
400 960
401 960
402 960
403 960
404 960
405 960
406 960
407 960
408 960
409 960
410 959
411 959
412 959
413 959
414 959
415 959
416 959
417 960
418 960
419 960
420 960
421 960
422 960
423 960
424 960
425 960
426 960
427 960
428 960
429 960
430 960
431 960
432 960
433 960
434 961
435 961
436 961
437 961
438 961
439 961
440 961
441 961
442 961
443 961
444 961
445 961
446 960
447 960
448 960
449 960
450 960
451 960
452 960
453 960
454 961
455 961
456 961
457 961
458 961
459 961
460 961
461 961
462 961
463 961
464 961
465 961
466 961
467 961
468 961
469 961
470 961
471 962
472 962
473 962
474 962
475 962
476 962
477 962
478 962
479 962
480 961
481 961
482 961
483 961
484 961
485 961
486 961
487 961
488 961
489 961
490 961
491 960
492 960
493 960
494 960
495 960
496 960
497 960
498 959
499 959
500 959
501 959
502 959
503 960
504 960
505 960
506 960
507 960
508 961
509 961
510 961
511 961
512 961
513 961
514 961
515 961
516 961
517 961
518 961
519 961
520 961
521 961
522 961
523 961
524 961
525 961
526 961
527 961
528 961
529 961
530 961
531 962
532 962
533 962
534 962
535 962
536 962
537 962
538 962
539 962
540 962
541 961
542 961
543 961
544 961
545 961
546 961
547 961
548 961
549 962
550 962
551 962
552 962
553 962
554 962
555 962
556 963
557 963
558 963
559 963
560 963
561 963
562 963
563 963
564 963
565 963
566 963
567 963
568 963
569 963
570 963
571 963
572 964
573 964
574 964
575 964
576 964
577 964
578 964
579 964
580 964
581 964
582 964
583 964
584 964
585 964
586 964
587 964
588 964
589 964
590 964
591 964
592 964
593 964
594 965
595 965
596 965
597 965
598 965
599 965
600 965
601 965
602 965
603 965
604 965
605 965
606 965
607 964
608 964
609 964
610 964
611 964
612 964
613 963
614 963
615 963
616 963
617 963
618 963
619 963
620 963
621 963
622 963
623 964
624 964
625 964
626 964
627 964
628 964
629 964
630 964
631 964
632 964
633 964
634 964
635 964
636 964
637 964
638 964
639 963
640 963
641 963
642 962
643 962
644 962
645 962
646 961
647 961
648 961
649 961
650 961
651 961
652 961
653 961
654 961
655 961
656 961
657 961
658 961
659 961
660 961
661 961
662 961
663 961
664 961
665 961
666 961
667 961
668 961
669 961
670 961
671 961
672 961
673 961
674 960
675 960
676 960
677 960
678 960
679 959
680 959
681 959
682 958
683 958
684 957
685 957
686 956
687 956
688 956
689 956
690 956
691 956
692 956
693 956
694 956
695 956
696 956
697 955
698 955
699 954
700 953
701 953
702 953
703 952
704 951
705 951
706 951
707 950
708 950
709 950
710 949
711 948
712 947
713 947
714 946
714 945
714 944
714 943
714 942
715 941
715 940
715 939
715 938
716 937
716 936
716 935
716 934
716 933
716 932
716 931
716 930
716 929
717 928
717 927
717 926
717 925
717 924
717 923
717 922
717 921
717 920
717 919
717 918
716 917
716 916
715 915
715 914
715 913
714 912
714 911
714 910
714 909
714 908
714 907
714 906
714 905
714 904
714 903
714 902
714 901
714 900
714 899
714 898
714 897
714 896
714 895
713 894
713 893
713 892
713 891
713 890
713 889
713 888
713 887
713 886
713 885
712 884
712 883
711 882
710 881
709 880
708 879
707 878
706 877
705 876
704 876
703 875
702 874
701 873
700 872
699 871
698 870
697 869
696 868
695 868
694 867
693 866
692 866
691 865
690 865
689 864
688 863
687 862
686 861
685 861
684 860
683 860
682 859
681 859
680 858
679 858
678 857
677 857
676 857
675 857
674 857
673 856
672 856
671 856
670 855
669 855
668 855
667 855
666 855
665 855
664 855
663 854
662 854
661 854
660 854
659 854
658 854
657 854
656 854
655 854
654 854
653 853
652 853
651 853
650 853
649 853
648 852
647 852
646 852
645 852
644 851
643 851
642 851
641 851
640 851
639 851
638 851
637 851
636 851
635 851
634 851
633 851
632 851
631 850
630 850
629 850
628 849
627 849
626 849
625 848
624 848
623 848
622 848
621 848
620 848
619 848
618 848
617 847
616 847
615 847
614 847
613 846
612 846
611 846
610 846
609 845
608 845
607 845
606 844
605 844
604 844
603 843
602 843
601 843
600 843
599 843
598 842
597 842
596 842
595 842
594 842
593 841
592 841
591 841
590 841
589 841
588 841
587 841
586 841
585 841
584 841
583 841
582 841
581 841
580 841
579 841
578 841
577 841
576 841
575 841
574 841
573 841
572 841
571 841
570 841
569 841
568 841
567 841
566 841
565 841
564 841
563 841
562 841
561 841
560 841
559 841
558 841
557 841
556 841
555 841
554 841
553 841
552 840
551 840
550 840
549 840
548 840
547 840
546 840
545 840
544 840
543 840
542 840
541 840
540 840
539 840
538 840
537 840
536 840
535 840
534 840
533 840
532 840
531 840
530 840
529 840
528 840
527 840
526 840
525 840
524 840
523 840
522 840
521 839
