412 1027
411 1028
410 1029
409 1029
408 1030
407 1030
406 1031
405 1031
404 1032
403 1032
402 1032
401 1031
400 1031
399 1030
398 1030
397 1029
396 1029
395 1029
394 1028
393 1028
392 1028
391 1028
390 1028
389 1028
388 1028
387 1028
386 1028
385 1028
384 1028
383 1028
382 1028
381 1028
380 1028
379 1029
378 1029
377 1030
376 1030
375 1030
374 1030
373 1031
372 1031
371 1031
370 1031
369 1031
368 1031
367 1031
366 1031
365 1030
364 1030
363 1030
362 1030
361 1030
360 1030
359 1030
358 1030
357 1030
356 1030
355 1030
354 1030
353 1030
352 1030
351 1030
350 1030
349 1030
348 1031
347 1031
346 1031
345 1031
344 1031
343 1031
342 1031
341 1031
340 1031
339 1031
338 1032
337 1032
336 1032
335 1032
334 1032
333 1032
332 1032
331 1032
330 1031
329 1031
328 1031
327 1031
326 1031
325 1031
324 1031
323 1031
322 1031
321 1031
320 1032
319 1032
318 1033
317 1033
316 1033
315 1034
314 1034
313 1034
312 1034
311 1034
310 1034
309 1034
308 1035
307 1035
306 1035
305 1036
304 1036
303 1037
302 1037
301 1037
300 1037
299 1037
298 1037
297 1037
296 1037
295 1037
294 1036
293 1036
292 1036
291 1036
290 1036
289 1037
288 1037
287 1037
286 1037
285 1037
284 1038
283 1038
282 1038
281 1038
280 1038
279 1038
278 1038
277 1038
276 1039
275 1039
274 1039
273 1039
272 1039
271 1039
270 1039
269 1039
268 1039
267 1039
266 1039
265 1039
264 1039
263 1039
262 1039
261 1039
260 1039
259 1039
258 1040
257 1040
256 1040
255 1040
254 1040
253 1040
252 1040
251 1040
250 1040
249 1040
248 1040
247 1040
246 1040
245 1040
244 1040
243 1040
242 1041
241 1041
240 1041
239 1041
238 1042
237 1042
236 1041
235 1041
234 1041
233 1042
232 1041
231 1041
230 1041
229 1041
228 1041
227 1041
226 1041
225 1041
224 1042
223 1042
222 1042
221 1043
220 1043
219 1043
218 1043
217 1043
216 1043
215 1043
214 1043
213 1043
212 1043
211 1043
210 1043
209 1043
208 1043
207 1043
206 1043
205 1043
204 1043
203 1043
202 1043
201 1043
200 1043
199 1043
198 1043
197 1043
196 1044
195 1044
194 1044
193 1044
192 1044
191 1044
190 1044
189 1044
188 1044
187 1044
186 1045
185 1045
184 1045
183 1046
182 1046
181 1046
180 1046
179 1046
178 1046
177 1046
176 1046
175 1046
174 1046
173 1046
172 1047
171 1047
170 1047
169 1047
168 1047
167 1047
166 1047
165 1047
164 1047
163 1047
162 1048
161 1048
160 1048
159 1048
158 1048
157 1048
156 1049
155 1049
154 1049
153 1050
152 1050
151 1050
150 1050
149 1050
148 1050
147 1050
146 1050
145 1050
144 1051
143 1051
142 1051
141 1051
140 1052
139 1052
138 1052
137 1052
136 1053
135 1053
134 1053
133 1053
132 1054
131 1054
130 1054
129 1054
128 1054
127 1054
126 1055
125 1055
124 1055
123 1055
122 1056
121 1056
120 1056
119 1056
118 1057
117 1057
116 1057
115 1057
114 1058
113 1058
112 1058
111 1058
110 1058
109 1058
108 1059
107 1059
106 1059
105 1059
104 1059
103 1059
102 1059
101 1060
100 1060
99 1060
98 1061
97 1061
96 1062
95 1062
94 1063
93 1063
92 1064
91 1064
90 1065
89 1065
88 1066
87 1067
86 1067
85 1068
84 1068
83 1069
82 1069
81 1070
80 1071
79 1071
78 1072
77 1072
76 1073
75 1074
74 1075
73 1076
72 1077
71 1078
70 1079
69 1080
68 1081
67 1082
66 1082
65 1083
64 1084
63 1084
62 1085
61 1086
60 1086
59 1087
58 1088
57 1088
56 1089
55 1090
54 1090
53 1091
53 1092
52 1093
51 1094
51 1095
50 1096
50 1097
50 1098
50 1099
50 1100
50 1101
50 1102
50 1103
50 1104
50 1105
50 1106
51 1107
51 1108
52 1109
53 1109
54 1110
55 1110
56 1111
57 1111
58 1112
59 1112
60 1112
61 1113
62 1113
63 1114
64 1114
65 1115
66 1116
67 1116
68 1117
69 1118
70 1118
71 1119
72 1119
73 1119
74 1120
75 1120
76 1121
77 1121
78 1122
79 1122
80 1123
81 1123
82 1124
83 1124
84 1125
85 1126
86 1126
87 1127
88 1127
89 1128
90 1128
91 1128
92 1128
93 1128
94 1128
95 1128
96 1128
97 1128
98 1128
99 1128
100 1128
101 1128
102 1127
103 1127
104 1127
105 1127
106 1128
107 1128
108 1128
109 1128
110 1128
111 1128
112 1128
113 1128
114 1128
115 1128
116 1128
117 1129
118 1129
119 1129
120 1129
121 1129
122 1130
123 1130
124 1130
125 1130
126 1130
127 1130
128 1130
129 1130
130 1130
131 1130
132 1130
133 1130
134 1130
135 1130
136 1130
137 1130
138 1130
139 1130
140 1130
141 1130
142 1130
143 1130
144 1131
145 1131
146 1131
147 1131
148 1131
149 1131
150 1131
151 1131
152 1131
153 1131
154 1131
155 1132
156 1132
157 1132
158 1132
159 1132
160 1133
161 1133
162 1133
163 1133
164 1134
165 1134
166 1135
167 1135
168 1135
169 1136
170 1136
171 1136
172 1136
173 1136
174 1136
175 1136
176 1136
177 1136
178 1136
179 1136
180 1136
181 1136
182 1136
183 1136
184 1136
185 1136
186 1136
187 1136
188 1136
189 1136
190 1136
191 1135
192 1135
193 1135
194 1135
195 1134
196 1134
197 1134
198 1134
199 1134
200 1134
201 1134
202 1134
203 1134
204 1134
205 1135
206 1135
207 1135
208 1135
209 1135
210 1135
211 1135
212 1134
213 1134
214 1134
215 1134
216 1134
217 1135
218 1135
219 1135
220 1135
221 1135
222 1135
223 1135
224 1136
225 1136
226 1136
227 1136
228 1136
229 1137
230 1137
231 1137
232 1138
233 1138
234 1138
235 1139
236 1139
237 1139
238 1139
239 1139
240 1139
241 1140
242 1140
243 1140
244 1140
245 1140
246 1140
247 1140
248 1140
249 1140
250 1140
251 1140
252 1140
253 1140
254 1140
255 1140
256 1140
257 1140
258 1140
259 1140
260 1140
261 1140
262 1140
263 1140
264 1140
265 1140
266 1140
267 1141
268 1141
269 1141
270 1141
271 1141
272 1141
273 1141
274 1141
275 1141
276 1141
277 1141
278 1141
279 1142
280 1142
281 1142
282 1142
283 1142
284 1142
285 1142
286 1143
287 1143
288 1143
289 1143
290 1144
291 1144
292 1144
293 1144
294 1145
295 1145
296 1145
297 1146
298 1146
299 1146
300 1146
301 1146
302 1146
303 1146
304 1146
305 1146
306 1145
307 1145
308 1145
309 1145
310 1145
311 1145
312 1145
313 1145
314 1145
315 1145
316 1145
317 1145
318 1145
319 1145
320 1145
321 1145
322 1145
323 1145
324 1145
325 1146
326 1146
327 1146
328 1146
329 1147
330 1147
331 1147
332 1147
333 1147
334 1147
335 1147
336 1147
337 1147
338 1147
339 1147
340 1147
341 1148
342 1148
343 1148
344 1148
345 1149
346 1149
347 1149
348 1148
349 1149
350 1149
351 1149
352 1149
353 1149
354 1149
355 1149
356 1149
357 1148
358 1148
359 1148
360 1148
361 1148
362 1148
363 1148
364 1148
365 1149
366 1149
367 1149
368 1149
369 1149
370 1149
371 1149
372 1149
373 1149
374 1149
375 1149
376 1149
377 1149
378 1149
379 1149
380 1149
381 1149
382 1149
383 1149
384 1149
385 1149
386 1149
387 1149
388 1149
389 1149
390 1149
391 1150
392 1150
393 1150
394 1150
395 1150
396 1150
397 1150
398 1150
399 1150
400 1150
401 1150
402 1150
403 1150
404 1150
405 1150
406 1150
407 1150
408 1150
409 1150
410 1150
411 1150
412 1150
413 1151
414 1151
415 1151
416 1151
417 1151
418 1151
419 1151
420 1152
421 1152
422 1152
423 1152
424 1152
425 1152
426 1152
427 1152
428 1152
429 1152
430 1152
431 1152
432 1152
433 1152
434 1152
435 1153
436 1153
437 1153
438 1153
439 1153
440 1152
441 1152
442 1152
443 1152
444 1152
445 1152
446 1152
447 1152
448 1152
449 1152
450 1152
451 1152
452 1152
453 1152
454 1152
455 1152
456 1152
457 1152
458 1152
459 1152
460 1152
461 1152
462 1152
463 1152
464 1152
465 1152
466 1152
467 1152
468 1152
469 1152
470 1151
471 1151
472 1151
473 1151
474 1151
475 1151
476 1151
477 1151
478 1151
479 1151
480 1151
481 1151
482 1152
483 1152
484 1152
485 1152
486 1152
487 1152
488 1152
489 1153
490 1153
491 1153
492 1153
493 1153
494 1153
495 1154
496 1153
497 1153
498 1153
499 1153
500 1153
501 1153
502 1153
503 1153
504 1153
505 1153
506 1153
507 1153
508 1153
509 1153
510 1153
511 1153
512 1153
513 1153
514 1153
515 1153
516 1154
517 1154
518 1154
519 1154
520 1154
521 1155
522 1155
523 1155
524 1155
525 1155
526 1155
527 1155
528 1155
529 1155
530 1155
531 1155
532 1155
533 1155
534 1155
535 1155
536 1155
537 1155
538 1156
539 1156
540 1156
541 1156
542 1156
543 1156
544 1156
545 1156
546 1156
547 1156
548 1156
549 1156
550 1156
551 1156
552 1156
553 1156
554 1156
555 1156
556 1156
557 1155
558 1155
559 1155
560 1155
561 1155
562 1155
563 1155
564 1155
565 1155
566 1155
567 1155
568 1155
569 1155
570 1155
571 1155
572 1155
573 1155
574 1155
575 1154
576 1154
577 1154
578 1154
579 1154
580 1154
581 1155
582 1155
583 1155
584 1155
585 1155
586 1155
587 1155
588 1155
589 1155
590 1155
591 1155
592 1155
593 1155
594 1155
595 1155
596 1155
597 1155
598 1155
599 1155
600 1155
601 1155
602 1155
603 1155
604 1155
605 1155
606 1155
607 1155
608 1155
609 1155
610 1155
611 1156
612 1156
613 1156
614 1156
615 1156
616 1155
617 1155
618 1155
619 1155
620 1155
621 1155
622 1154
623 1154
624 1154
625 1154
626 1154
627 1153
628 1153
629 1153
630 1153
631 1152
632 1152
633 1152
634 1152
635 1152
636 1151
637 1151
638 1151
639 1151
640 1151
641 1150
642 1150
643 1150
644 1150
645 1150
646 1149
647 1149
648 1149
649 1149
650 1148
651 1148
652 1148
653 1148
654 1147
655 1147
656 1147
657 1147
658 1147
659 1147
660 1147
661 1147
662 1147
663 1147
664 1147
665 1147
666 1147
667 1147
668 1147
669 1147
670 1146
671 1146
672 1146
673 1145
674 1145
675 1145
676 1145
677 1145
678 1145
679 1145
680 1144
681 1144
682 1144
683 1144
684 1143
685 1143
686 1143
687 1142
688 1142
689 1141
690 1141
691 1141
692 1140
693 1140
694 1139
695 1139
696 1138
697 1137
698 1137
699 1136
700 1135
701 1134
702 1133
703 1132
704 1131
705 1130
706 1129
707 1128
708 1127
709 1127
709 1126
710 1125
711 1124
712 1123
712 1122
713 1121
714 1120
714 1119
715 1118
715 1117
716 1116
716 1115
716 1114
717 1113
717 1112
718 1111
718 1110
718 1109
718 1108
718 1107
718 1106
718 1105
718 1104
718 1103
718 1102
718 1101
718 1100
717 1099
717 1098
717 1097
716 1096
715 1095
715 1094
714 1093
713 1092
712 1091
711 1090
710 1089
710 1088
709 1087
709 1086
708 1085
707 1084
707 1083
706 1082
705 1081
705 1080
704 1079
704 1078
703 1077
702 1076
701 1075
700 1074
699 1073
698 1072
697 1071
696 1070
696 1069
696 1068
695 1067
694 1066
693 1065
692 1064
691 1064
690 1063
689 1062
688 1062
687 1061
686 1060
685 1060
684 1059
683 1058
682 1057
681 1057
680 1056
679 1055
678 1055
677 1054
676 1054
675 1053
674 1053
673 1053
672 1053
671 1052
670 1052
669 1052
668 1052
667 1052
666 1052
665 1053
664 1053
663 1053
662 1054
661 1054
660 1054
659 1054
658 1054
657 1053
656 1053
655 1053
654 1053
653 1053
652 1053
651 1053
650 1053
649 1053
648 1053
647 1053
646 1053
645 1052
644 1052
643 1052
642 1051
641 1051
640 1050
639 1049
638 1048
637 1047
636 1047
635 1047
634 1046
633 1046
632 1047
631 1047
630 1047
629 1048
628 1048
627 1048
626 1048
625 1048
624 1047
623 1047
622 1046
621 1046
620 1045
619 1045
618 1044
617 1044
616 1044
615 1044
614 1043
613 1043
612 1043
611 1042
610 1042
609 1041
608 1041
607 1041
606 1040
605 1040
604 1040
603 1040
602 1040
601 1040
600 1040
599 1040
598 1040
597 1039
596 1039
595 1039
594 1038
593 1038
592 1038
591 1038
590 1038
589 1037
588 1037
587 1037
586 1037
585 1036
584 1036
583 1035
582 1035
581 1035
580 1034
579 1034
578 1034
577 1033
576 1033
575 1033
574 1033
573 1033
572 1033
571 1032
570 1032
569 1032
568 1032
567 1032
566 1031
565 1031
564 1031
563 1031
562 1031
561 1031
560 1031
559 1030
558 1030
557 1030
556 1030
555 1030
554 1030
553 1030
552 1030
551 1030
550 1030
549 1030
548 1030
547 1030
546 1030
545 1029
544 1029
543 1029
542 1029
541 1029
540 1029
539 1029
538 1029
537 1029
536 1029
535 1029
534 1029
533 1029
532 1030
531 1030
530 1030
529 1030
528 1030
527 1031
526 1031
525 1031
524 1031
523 1031
522 1031
521 1031
520 1031
519 1031
518 1031
517 1031
516 1031
515 1031
514 1030
513 1030
512 1030
511 1029
510 1029
509 1028
508 1028
507 1028
506 1027
505 1027
504 1027
503 1027
502 1027
501 1027
500 1027
499 1027
498 1027
497 1027
496 1027
495 1027
494 1027
493 1027
492 1027
491 1027
490 1027
489 1027
488 1027
487 1027
486 1027
485 1027
484 1027
483 1027
482 1027
481 1027
480 1027
479 1028
478 1028
477 1029
476 1029
475 1030
474 1031
473 1032
472 1032
471 1032
470 1032
469 1032
468 1032
467 1032
466 1032
465 1032
464 1032
463 1032
462 1031
461 1031
460 1030
459 1029
458 1029
457 1029
456 1029
455 1029
454 1029
453 1029
452 1029
451 1029
450 1030
449 1030
448 1030
447 1030
446 1030
445 1030
444 1030
443 1030
442 1030
441 1030
440 1030
439 1030
438 1029
437 1029
436 1029
435 1028
434 1028
433 1028
432 1027
431 1027
430 1027
429 1027
428 1027
427 1027
426 1027
425 1027
424 1027
423 1027
422 1027
421 1027
420 1027
419 1027
418 1027
417 1027
416 1027
415 1027
414 1027
413 1027
412 1027
