256 1211
255 1212
254 1212
253 1212
252 1212
251 1213
250 1213
249 1213
248 1214
247 1214
246 1215
245 1215
244 1216
243 1216
242 1216
241 1217
240 1218
239 1218
238 1219
237 1219
236 1220
235 1221
234 1221
233 1222
232 1222
231 1222
230 1223
229 1223
228 1224
227 1224
226 1224
225 1225
224 1225
223 1225
222 1226
221 1226
220 1226
219 1226
218 1227
217 1227
216 1227
215 1227
214 1228
213 1228
212 1228
211 1229
210 1229
209 1229
208 1229
207 1230
206 1230
205 1230
204 1230
203 1230
202 1230
201 1231
200 1231
199 1231
198 1231
197 1232
196 1232
195 1232
194 1232
193 1233
192 1233
191 1233
190 1233
189 1233
188 1234
187 1234
186 1235
185 1235
184 1235
183 1236
182 1236
181 1236
180 1236
179 1237
178 1237
177 1237
176 1237
175 1238
174 1238
173 1238
172 1238
171 1238
170 1238
169 1238
168 1239
167 1239
166 1238
165 1239
164 1239
163 1239
162 1239
161 1239
160 1239
159 1239
158 1240
157 1240
156 1240
155 1241
154 1241
153 1241
152 1241
151 1242
150 1242
149 1242
148 1243
147 1243
146 1243
145 1244
144 1244
143 1245
142 1245
141 1245
140 1245
139 1245
138 1246
137 1246
136 1246
135 1246
134 1247
133 1247
132 1247
131 1247
130 1248
129 1248
128 1249
127 1249
126 1250
125 1250
124 1251
123 1251
122 1251
121 1251
120 1252
119 1252
118 1252
117 1253
116 1253
115 1253
114 1253
113 1253
112 1253
111 1253
110 1253
109 1253
108 1254
107 1254
106 1254
105 1255
104 1255
103 1256
102 1256
101 1256
100 1256
99 1256
98 1257
97 1257
96 1257
95 1257
94 1257
93 1257
92 1257
91 1258
90 1259
89 1259
88 1260
87 1260
86 1261
85 1261
84 1261
83 1262
82 1263
81 1264
80 1265
79 1266
78 1267
77 1268
76 1269
75 1270
74 1271
73 1271
72 1272
71 1273
70 1274
69 1275
68 1276
68 1277
67 1278
67 1279
66 1280
66 1281
65 1282
65 1283
64 1284
64 1285
63 1286
63 1287
62 1288
61 1289
60 1290
60 1291
59 1292
59 1293
58 1294
58 1295
57 1296
57 1297
57 1298
57 1299
56 1300
56 1301
56 1302
56 1303
55 1304
55 1305
55 1306
54 1307
54 1308
54 1309
54 1310
53 1311
53 1312
53 1313
53 1314
53 1315
53 1316
52 1317
52 1318
52 1319
52 1320
52 1321
52 1322
52 1323
52 1324
52 1325
52 1326
52 1327
52 1328
53 1329
53 1330
53 1331
53 1332
53 1333
53 1334
54 1335
54 1336
54 1337
55 1338
55 1339
55 1340
56 1341
57 1342
58 1343
59 1344
60 1344
61 1345
62 1346
63 1346
64 1347
65 1347
66 1348
67 1348
68 1348
69 1349
70 1349
71 1349
72 1349
73 1349
74 1350
75 1350
76 1351
77 1351
78 1352
79 1352
80 1353
81 1353
82 1353
83 1354
84 1354
85 1354
86 1355
87 1355
88 1355
89 1355
90 1356
91 1356
92 1356
93 1356
94 1357
95 1357
96 1357
97 1357
98 1357
99 1358
100 1358
101 1359
102 1359
103 1359
104 1359
105 1360
106 1360
107 1360
108 1360
109 1360
110 1359
111 1359
112 1359
113 1359
114 1359
115 1359
116 1358
117 1358
118 1358
119 1358
120 1358
121 1358
122 1358
123 1357
124 1357
125 1357
126 1358
127 1358
128 1358
129 1358
130 1358
131 1358
132 1358
133 1358
134 1358
135 1357
136 1357
137 1357
138 1357
139 1357
140 1357
141 1356
142 1356
143 1356
144 1356
145 1356
146 1357
147 1357
148 1357
149 1357
150 1357
151 1357
152 1357
153 1357
154 1357
155 1357
156 1357
157 1357
158 1357
159 1357
160 1357
161 1357
162 1357
163 1357
164 1357
165 1357
166 1357
167 1357
168 1357
169 1357
170 1357
171 1357
172 1357
173 1357
174 1357
175 1357
176 1357
177 1357
178 1357
179 1356
180 1356
181 1356
182 1356
183 1356
184 1356
185 1356
186 1356
187 1356
188 1356
189 1356
190 1356
191 1356
192 1356
193 1356
194 1356
195 1356
196 1356
197 1356
198 1356
199 1356
200 1356
201 1356
202 1356
203 1356
204 1356
205 1356
206 1356
207 1356
208 1356
209 1355
210 1355
211 1355
212 1356
213 1356
214 1356
215 1356
216 1356
217 1356
218 1356
219 1357
220 1357
221 1357
222 1358
223 1358
224 1359
225 1359
226 1360
227 1360
228 1360
229 1360
230 1360
231 1360
232 1360
233 1360
234 1360
235 1360
236 1360
237 1360
238 1360
239 1360
240 1360
241 1360
242 1360
243 1360
244 1360
245 1360
246 1360
247 1360
248 1360
249 1360
250 1360
251 1360
252 1360
253 1360
254 1360
255 1361
256 1361
257 1361
258 1361
259 1361
260 1361
261 1361
262 1362
263 1362
264 1363
265 1363
266 1363
267 1364
268 1364
269 1365
270 1365
271 1365
272 1365
273 1366
274 1366
275 1366
276 1366
277 1366
278 1367
279 1367
280 1367
281 1367
282 1367
283 1367
284 1368
285 1368
286 1368
287 1369
288 1369
289 1369
290 1369
291 1369
292 1370
293 1370
294 1370
295 1371
296 1371
297 1371
298 1371
299 1372
300 1372
301 1372
302 1373
303 1374
304 1374
305 1375
306 1375
307 1376
308 1376
309 1376
310 1377
311 1377
312 1377
313 1378
314 1378
315 1378
316 1379
317 1379
318 1380
319 1380
320 1380
321 1380
322 1381
323 1381
324 1381
325 1381
326 1382
327 1382
328 1382
329 1383
330 1383
331 1384
332 1384
333 1384
334 1384
335 1385
336 1385
337 1385
338 1385
339 1385
340 1385
341 1385
342 1385
343 1385
344 1385
345 1385
346 1385
347 1385
348 1385
349 1385
350 1385
351 1385
352 1386
353 1386
354 1386
355 1386
356 1387
357 1387
358 1387
359 1388
360 1388
361 1388
362 1389
363 1390
364 1390
365 1391
366 1391
367 1392
368 1392
369 1392
370 1393
371 1393
372 1393
373 1393
374 1393
375 1393
376 1393
377 1393
378 1393
379 1393
380 1393
381 1393
382 1393
383 1392
384 1392
385 1392
386 1392
387 1392
388 1392
389 1392
390 1392
391 1392
392 1391
393 1391
394 1391
395 1391
396 1391
397 1391
398 1391
399 1390
400 1390
401 1390
402 1390
403 1390
404 1389
405 1389
406 1389
407 1389
408 1389
409 1389
410 1389
411 1390
412 1390
413 1390
414 1390
415 1391
416 1391
417 1391
418 1392
419 1392
420 1392
421 1392
422 1392
423 1392
424 1393
425 1393
426 1393
427 1393
428 1393
429 1394
430 1394
431 1394
432 1394
433 1395
434 1395
435 1395
436 1395
437 1396
438 1396
439 1396
440 1396
441 1396
442 1396
443 1396
444 1396
445 1396
446 1396
447 1396
448 1396
449 1396
450 1396
451 1396
452 1396
453 1396
454 1396
455 1396
456 1396
457 1396
458 1396
459 1396
460 1396
461 1396
462 1396
463 1396
464 1396
465 1396
466 1396
467 1396
468 1396
469 1396
470 1396
471 1396
472 1396
473 1396
474 1396
475 1396
476 1396
477 1396
478 1396
479 1396
480 1396
481 1396
482 1396
483 1397
484 1397
485 1397
486 1397
487 1397
488 1397
489 1397
490 1398
491 1398
492 1398
493 1398
494 1398
495 1398
496 1398
497 1398
498 1398
499 1398
500 1398
501 1398
502 1398
503 1397
504 1397
505 1397
506 1397
507 1397
508 1396
509 1396
510 1396
511 1396
512 1396
513 1396
514 1396
515 1395
516 1395
517 1395
518 1395
519 1395
520 1395
521 1395
522 1394
523 1394
524 1394
525 1394
526 1394
527 1394
528 1394
529 1394
530 1394
531 1394
532 1394
533 1394
534 1394
535 1394
536 1394
537 1394
538 1395
539 1395
540 1395
541 1395
542 1395
543 1395
544 1395
545 1395
546 1394
547 1394
548 1394
549 1394
550 1394
551 1394
552 1394
553 1394
554 1394
555 1394
556 1394
557 1394
558 1393
559 1393
560 1393
561 1393
562 1392
563 1392
564 1392
565 1392
566 1392
567 1391
568 1391
569 1391
570 1391
571 1391
572 1391
573 1390
574 1390
575 1390
576 1390
577 1390
578 1390
579 1390
580 1390
581 1390
582 1390
583 1390
584 1390
585 1390
586 1390
587 1390
588 1389
589 1389
590 1389
591 1389
592 1389
593 1388
594 1388
595 1387
596 1387
597 1386
598 1386
599 1385
600 1385
601 1384
602 1384
603 1384
604 1384
605 1384
606 1384
607 1383
608 1383
609 1383
610 1383
611 1383
612 1383
613 1382
614 1382
615 1382
616 1382
617 1382
618 1382
619 1382
620 1382
621 1382
622 1382
623 1382
624 1382
625 1382
626 1381
627 1381
628 1381
629 1380
630 1380
631 1380
632 1379
633 1379
634 1379
635 1378
636 1378
637 1378
638 1378
639 1377
640 1377
641 1377
642 1376
643 1376
644 1375
645 1375
646 1374
647 1374
648 1374
649 1374
650 1373
651 1373
652 1373
653 1372
654 1372
655 1371
656 1370
657 1370
658 1369
659 1368
660 1367
661 1366
662 1365
663 1364
663 1363
664 1362
665 1361
666 1360
667 1359
668 1358
669 1357
670 1356
671 1356
672 1355
673 1354
674 1354
675 1353
676 1353
677 1352
678 1352
679 1351
680 1351
681 1350
682 1350
683 1350
684 1349
685 1349
686 1348
687 1347
688 1346
689 1346
690 1345
691 1344
692 1344
693 1343
694 1342
695 1342
696 1341
697 1341
698 1340
699 1340
700 1339
701 1339
702 1339
703 1338
704 1338
705 1338
706 1337
707 1337
708 1336
709 1336
710 1335
711 1335
712 1334
713 1333
713 1332
714 1331
715 1330
716 1329
716 1328
716 1327
716 1326
716 1325
716 1324
717 1323
717 1322
717 1321
717 1320
717 1319
717 1318
718 1317
718 1316
718 1315
718 1314
718 1313
718 1312
718 1311
719 1310
719 1309
719 1308
720 1307
720 1306
720 1305
720 1304
720 1303
720 1302
720 1301
720 1300
720 1299
720 1298
719 1297
719 1296
719 1295
718 1294
718 1293
717 1292
717 1291
716 1290
715 1289
714 1288
713 1287
712 1286
711 1285
710 1284
709 1283
708 1282
707 1281
706 1281
705 1280
704 1279
703 1278
702 1277
701 1276
700 1275
699 1274
698 1273
697 1272
696 1271
695 1270
694 1269
693 1269
692 1268
691 1268
690 1268
689 1267
688 1267
687 1266
686 1266
685 1265
684 1265
683 1264
682 1264
681 1264
680 1264
679 1263
678 1263
677 1263
676 1263
675 1262
674 1262
673 1262
672 1262
671 1262
670 1262
669 1262
668 1261
667 1261
666 1261
665 1260
664 1260
663 1260
662 1259
661 1259
660 1258
659 1258
658 1257
657 1257
656 1257
655 1257
654 1257
653 1256
652 1256
651 1256
650 1256
649 1256
648 1256
647 1256
646 1256
645 1256
644 1256
643 1256
642 1256
641 1256
640 1256
639 1255
638 1255
637 1255
636 1255
635 1255
634 1254
633 1254
632 1254
631 1253
630 1252
629 1252
628 1251
627 1251
626 1251
625 1250
624 1250
623 1249
622 1249
621 1248
620 1248
619 1247
618 1247
617 1246
616 1246
615 1246
614 1245
613 1245
612 1244
611 1244
610 1244
609 1244
608 1244
607 1244
606 1244
605 1243
604 1243
603 1243
602 1243
601 1242
600 1242
599 1242
598 1242
597 1242
596 1242
595 1242
594 1242
593 1241
592 1241
591 1241
590 1241
589 1240
588 1240
587 1239
586 1239
585 1239
584 1238
583 1238
582 1237
581 1237
580 1237
579 1236
578 1236
577 1235
576 1235
575 1234
574 1234
573 1234
572 1233
571 1233
570 1232
569 1232
568 1232
567 1232
566 1232
565 1232
564 1232
563 1232
562 1232
561 1232
560 1231
559 1231
558 1231
557 1231
556 1231
555 1230
554 1230
553 1230
552 1230
551 1230
550 1230
549 1230
548 1230
547 1230
546 1230
545 1230
544 1230
543 1230
542 1230
541 1229
540 1229
539 1229
538 1229
537 1229
536 1229
535 1229
534 1229
533 1229
532 1229
531 1229
530 1229
529 1229
528 1229
527 1229
526 1228
525 1228
524 1228
523 1228
522 1228
521 1228
520 1227
519 1227
518 1227
517 1227
516 1227
515 1227
514 1226
513 1226
512 1226
511 1226
510 1225
509 1225
508 1225
507 1225
506 1224
505 1224
504 1223
503 1223
502 1222
501 1222
500 1221
499 1221
498 1220
497 1220
496 1219
495 1218
494 1217
493 1217
492 1216
491 1215
490 1215
489 1215
488 1215
487 1214
486 1214
485 1214
484 1214
483 1214
482 1214
481 1214
480 1214
479 1214
478 1213
477 1213
476 1213
475 1213
474 1213
473 1213
472 1213
471 1213
470 1213
469 1213
468 1213
467 1213
466 1213
465 1213
464 1213
463 1213
462 1213
461 1213
460 1213
459 1213
458 1213
457 1214
456 1214
455 1214
454 1214
453 1214
452 1215
451 1215
450 1215
449 1215
448 1215
447 1215
446 1215
445 1215
444 1215
443 1215
442 1215
441 1216
440 1216
439 1216
438 1216
437 1216
436 1216
435 1216
434 1216
433 1216
432 1216
431 1216
430 1216
429 1216
428 1216
427 1217
426 1217
425 1217
424 1217
423 1217
422 1217
421 1217
420 1217
419 1217
418 1217
417 1217
416 1217
415 1217
414 1218
413 1218
412 1218
411 1218
410 1218
409 1218
408 1218
407 1218
406 1218
405 1218
404 1218
403 1218
402 1218
401 1218
400 1218
399 1218
398 1218
397 1218
396 1218
395 1218
394 1218
393 1218
392 1218
391 1218
390 1218
389 1218
388 1218
387 1218
386 1218
385 1218
384 1218
383 1218
382 1218
381 1218
380 1218
379 1218
378 1218
377 1218
376 1218
375 1218
374 1218
373 1218
372 1218
371 1218
370 1218
369 1217
368 1217
367 1217
366 1217
365 1216
364 1216
363 1216
362 1216
361 1215
360 1215
359 1215
358 1215
357 1215
356 1215
355 1214
354 1214
353 1214
352 1214
351 1214
350 1214
349 1214
348 1214
347 1214
346 1214
345 1214
344 1214
343 1214
342 1214
341 1214
340 1214
339 1214
338 1214
337 1213
336 1213
335 1213
334 1213
333 1213
332 1213
331 1214
330 1214
329 1214
328 1214
327 1214
326 1214
325 1214
324 1214
323 1214
322 1214
321 1214
320 1214
319 1214
318 1214
317 1214
316 1214
315 1214
314 1214
313 1214
312 1214
311 1214
310 1214
309 1214
308 1214
307 1214
306 1214
305 1214
304 1214
303 1214
302 1214
301 1214
300 1214
299 1214
298 1215
297 1215
296 1215
295 1215
294 1215
293 1215
292 1215
291 1215
290 1216
289 1216
288 1216
287 1216
286 1216
285 1216
284 1216
283 1216
282 1216
281 1215
280 1215
279 1215
278 1215
277 1215
276 1215
275 1215
274 1215
273 1214
272 1214
271 1214
270 1214
269 1213
268 1213
267 1213
266 1212
265 1212
264 1212
263 1212
262 1212
261 1212
260 1212
259 1212
258 1212
257 1212
256 1211
