335 1442
334 1443
333 1443
332 1443
331 1444
330 1444
329 1444
328 1444
327 1444
326 1444
325 1444
324 1444
323 1444
322 1444
321 1444
320 1444
319 1444
318 1445
317 1445
316 1444
315 1444
314 1444
313 1444
312 1444
311 1444
310 1444
309 1443
308 1443
307 1443
306 1443
305 1443
304 1444
303 1444
302 1444
301 1444
300 1445
299 1445
298 1445
297 1446
296 1446
295 1446
294 1446
293 1447
292 1447
291 1447
290 1447
289 1448
288 1448
287 1448
286 1449
285 1448
284 1448
283 1448
282 1448
281 1448
280 1448
279 1448
278 1448
277 1448
276 1449
275 1449
274 1449
273 1449
272 1450
271 1450
270 1450
269 1450
268 1451
267 1451
266 1451
265 1451
264 1451
263 1451
262 1451
261 1452
260 1452
259 1452
258 1453
257 1453
256 1453
255 1453
254 1453
253 1454
252 1454
251 1454
250 1454
249 1455
248 1455
247 1455
246 1455
245 1455
244 1455
243 1456
242 1456
241 1456
240 1456
239 1456
238 1456
237 1456
236 1456
235 1456
234 1456
233 1456
232 1456
231 1456
230 1456
229 1457
228 1457
227 1458
226 1458
225 1458
224 1459
223 1459
222 1459
221 1460
220 1460
219 1460
218 1461
217 1461
216 1461
215 1461
214 1462
213 1462
212 1462
211 1462
210 1463
209 1463
208 1463
207 1463
206 1463
205 1463
204 1464
203 1464
202 1464
201 1464
200 1464
199 1464
198 1464
197 1464
196 1465
195 1465
194 1465
193 1465
192 1465
191 1465
190 1466
189 1466
188 1466
187 1466
186 1466
185 1466
184 1466
183 1467
182 1467
181 1467
180 1467
179 1467
178 1468
177 1468
176 1468
175 1468
174 1468
173 1469
172 1469
171 1469
170 1469
169 1469
168 1469
167 1469
166 1469
165 1469
164 1469
163 1469
162 1469
161 1469
160 1469
159 1469
158 1469
157 1470
156 1470
155 1471
154 1471
153 1472
152 1472
151 1473
150 1474
149 1474
148 1474
147 1475
146 1475
145 1475
144 1476
143 1476
142 1477
141 1477
140 1477
139 1477
138 1477
137 1478
136 1478
135 1478
134 1479
133 1479
132 1479
131 1479
130 1479
129 1480
128 1480
127 1480
126 1481
125 1481
124 1481
123 1481
122 1482
121 1482
120 1482
119 1483
118 1483
117 1483
116 1483
115 1484
114 1484
113 1484
112 1484
111 1485
110 1485
109 1485
108 1486
107 1486
106 1486
105 1487
104 1487
103 1488
102 1488
101 1489
100 1489
99 1490
98 1490
97 1491
96 1491
95 1491
94 1492
93 1493
92 1493
91 1493
90 1493
89 1493
88 1493
87 1494
86 1494
85 1494
84 1494
83 1495
82 1495
81 1495
80 1495
79 1495
78 1495
77 1495
76 1495
75 1496
74 1496
73 1496
72 1497
71 1498
70 1498
69 1498
68 1499
67 1500
66 1501
65 1502
64 1503
63 1504
62 1505
61 1506
60 1507
60 1508
59 1509
58 1510
58 1511
57 1512
56 1513
56 1514
55 1515
54 1516
54 1517
53 1518
53 1519
52 1520
52 1521
52 1522
52 1523
52 1524
52 1525
52 1526
52 1527
52 1528
52 1529
53 1530
53 1531
53 1532
53 1533
54 1534
54 1535
54 1536
55 1537
55 1538
56 1539
56 1540
56 1541
57 1542
57 1543
58 1544
58 1545
59 1546
60 1547
61 1548
62 1549
63 1550
64 1551
65 1552
66 1553
67 1554
68 1555
69 1556
70 1557
71 1558
72 1558
73 1559
74 1560
75 1561
76 1562
77 1563
78 1564
79 1565
80 1565
81 1566
82 1566
83 1567
84 1567
85 1568
86 1568
87 1569
88 1569
89 1569
90 1570
91 1570
92 1570
93 1571
94 1571
95 1571
96 1572
97 1572
98 1573
99 1573
100 1574
101 1574
102 1574
103 1575
104 1575
105 1576
106 1576
107 1577
108 1577
109 1577
110 1578
111 1578
112 1579
113 1579
114 1580
115 1580
116 1580
117 1581
118 1581
119 1581
120 1581
121 1582
122 1582
123 1582
124 1583
125 1583
126 1583
127 1583
128 1583
129 1583
130 1584
131 1584
132 1584
133 1584
134 1585
135 1585
136 1585
137 1585
138 1585
139 1586
140 1586
141 1586
142 1587
143 1587
144 1587
145 1587
146 1587
147 1588
148 1588
149 1588
150 1588
151 1588
152 1589
153 1589
154 1589
155 1589
156 1589
157 1589
158 1589
159 1589
160 1589
161 1589
162 1589
163 1589
164 1589
165 1590
166 1590
167 1590
168 1590
169 1590
170 1591
171 1591
172 1592
173 1592
174 1592
175 1592
176 1593
177 1593
178 1593
179 1594
180 1594
181 1594
182 1594
183 1595
184 1595
185 1595
186 1595
187 1595
188 1595
189 1596
190 1596
191 1596
192 1596
193 1596
194 1596
195 1597
196 1597
197 1598
198 1598
199 1598
200 1599
201 1599
202 1599
203 1600
204 1600
205 1600
206 1600
207 1600
208 1600
209 1600
210 1600
211 1600
212 1600
213 1600
214 1600
215 1600
216 1600
217 1600
218 1600
219 1600
220 1600
221 1601
222 1601
223 1601
224 1601
225 1601
226 1601
227 1601
228 1602
229 1602
230 1602
231 1602
232 1602
233 1603
234 1603
235 1603
236 1603
237 1603
238 1603
239 1603
240 1603
241 1603
242 1603
243 1603
244 1603
245 1603
246 1603
247 1603
248 1603
249 1603
250 1603
251 1603
252 1603
253 1603
254 1603
255 1603
256 1603
257 1603
258 1603
259 1603
260 1603
261 1603
262 1603
263 1603
264 1604
265 1604
266 1604
267 1604
268 1604
269 1605
270 1605
271 1605
272 1605
273 1605
274 1605
275 1605
276 1605
277 1605
278 1606
279 1606
280 1606
281 1606
282 1606
283 1606
284 1606
285 1606
286 1606
287 1606
288 1606
289 1606
290 1606
291 1606
292 1606
293 1606
294 1606
295 1606
296 1606
297 1607
298 1607
299 1607
300 1607
301 1607
302 1607
303 1607
304 1607
305 1607
306 1607
307 1607
308 1607
309 1607
310 1607
311 1607
312 1607
313 1607
314 1607
315 1607
316 1607
317 1608
318 1608
319 1608
320 1608
321 1608
322 1608
323 1608
324 1608
325 1608
326 1608
327 1608
328 1608
329 1608
330 1608
331 1608
332 1608
333 1608
334 1608
335 1608
336 1608
337 1608
338 1608
339 1608
340 1608
341 1608
342 1608
343 1608
344 1608
345 1608
346 1609
347 1609
348 1609
349 1609
350 1609
351 1609
352 1609
353 1609
354 1610
355 1610
356 1610
357 1610
358 1610
359 1609
360 1610
361 1610
362 1610
363 1610
364 1610
365 1610
366 1610
367 1610
368 1611
369 1611
370 1611
371 1611
372 1611
373 1611
374 1611
375 1611
376 1611
377 1611
378 1611
379 1611
380 1611
381 1611
382 1611
383 1611
384 1611
385 1611
386 1611
387 1611
388 1612
389 1612
390 1612
391 1612
392 1612
393 1612
394 1612
395 1612
396 1612
397 1612
398 1612
399 1612
400 1612
401 1612
402 1612
403 1612
404 1612
405 1612
406 1612
407 1612
408 1612
409 1612
410 1612
411 1612
412 1612
413 1612
414 1612
415 1612
416 1612
417 1612
418 1612
419 1613
420 1613
421 1613
422 1613
423 1614
424 1614
425 1614
426 1614
427 1614
428 1614
429 1614
430 1614
431 1614
432 1614
433 1614
434 1614
435 1615
436 1615
437 1615
438 1615
439 1615
440 1616
441 1616
442 1616
443 1616
444 1616
445 1616
446 1616
447 1616
448 1616
449 1616
450 1616
451 1616
452 1617
453 1617
454 1617
455 1617
456 1617
457 1617
458 1617
459 1617
460 1617
461 1617
462 1617
463 1617
464 1617
465 1617
466 1617
467 1617
468 1617
469 1616
470 1616
471 1616
472 1615
473 1615
474 1614
475 1614
476 1614
477 1614
478 1614
479 1614
480 1613
481 1613
482 1613
483 1613
484 1613
485 1613
486 1613
487 1613
488 1613
489 1613
490 1613
491 1612
492 1612
493 1612
494 1612
495 1612
496 1612
497 1612
498 1612
499 1612
500 1612
501 1612
502 1612
503 1611
504 1611
505 1611
506 1611
507 1611
508 1611
509 1611
510 1611
511 1611
512 1610
513 1610
514 1610
515 1610
516 1610
517 1610
518 1610
519 1611
520 1611
521 1611
522 1611
523 1611
524 1611
525 1611
526 1611
527 1610
528 1610
529 1610
530 1610
531 1610
532 1610
533 1610
534 1610
535 1610
536 1610
537 1610
538 1610
539 1610
540 1610
541 1610
542 1610
543 1610
544 1609
545 1610
546 1610
547 1610
548 1609
549 1610
550 1610
551 1610
552 1610
553 1610
554 1610
555 1610
556 1610
557 1610
558 1610
559 1610
560 1610
561 1610
562 1610
563 1610
564 1610
565 1610
566 1609
567 1609
568 1609
569 1609
570 1608
571 1608
572 1608
573 1607
574 1607
575 1607
576 1607
577 1607
578 1607
579 1607
580 1607
581 1607
582 1607
583 1606
584 1606
585 1606
586 1606
587 1605
588 1605
589 1605
590 1605
591 1605
592 1604
593 1604
594 1604
595 1604
596 1604
597 1603
598 1603
599 1603
600 1603
601 1603
602 1603
603 1603
604 1603
605 1603
606 1603
607 1603
608 1603
609 1603
610 1603
611 1603
612 1603
613 1603
614 1603
615 1603
616 1603
617 1603
618 1603
619 1603
620 1603
621 1602
622 1602
623 1602
624 1602
625 1602
626 1602
627 1602
628 1602
629 1602
630 1602
631 1602
632 1602
633 1602
634 1602
635 1601
636 1601
637 1601
638 1601
639 1601
640 1601
641 1601
642 1601
643 1601
644 1601
645 1601
646 1601
647 1600
648 1600
649 1600
650 1600
651 1600
652 1600
653 1600
654 1600
655 1600
656 1600
657 1600
658 1600
659 1600
660 1600
661 1600
662 1600
663 1600
664 1600
665 1600
666 1599
667 1599
668 1598
669 1598
670 1598
671 1597
672 1597
673 1596
674 1596
675 1595
676 1595
677 1595
678 1594
679 1594
680 1594
681 1593
682 1593
683 1593
684 1592
685 1592
686 1591
687 1591
688 1590
689 1590
690 1589
691 1589
692 1589
693 1588
694 1587
695 1587
696 1586
697 1585
698 1584
699 1583
699 1582
700 1581
701 1580
701 1579
702 1578
702 1577
703 1576
703 1575
704 1574
704 1573
705 1572
705 1571
706 1570
706 1569
707 1568
707 1567
708 1566
708 1565
709 1564
710 1563
710 1562
711 1561
712 1560
712 1559
713 1558
714 1557
714 1556
715 1555
716 1554
716 1553
717 1552
718 1551
718 1550
719 1549
719 1548
719 1547
719 1546
719 1545
720 1544
720 1543
720 1542
720 1541
720 1540
720 1539
720 1538
720 1537
720 1536
720 1535
720 1534
720 1533
720 1532
720 1531
720 1530
721 1529
720 1528
720 1527
720 1526
720 1525
720 1524
720 1523
720 1522
719 1521
719 1520
719 1519
719 1518
718 1517
718 1516
717 1515
717 1514
716 1513
716 1512
715 1511
715 1510
715 1509
714 1508
714 1507
714 1506
714 1505
713 1504
713 1503
713 1502
712 1501
712 1500
712 1499
712 1498
712 1497
712 1496
712 1495
711 1494
710 1493
710 1492
709 1491
708 1490
707 1489
706 1489
705 1488
704 1488
703 1487
702 1487
701 1487
700 1486
699 1486
698 1486
697 1485
696 1485
695 1485
694 1484
693 1484
692 1483
691 1483
690 1482
689 1481
688 1480
688 1479
687 1478
686 1477
685 1476
684 1475
683 1474
682 1473
681 1472
680 1471
679 1470
678 1470
677 1469
676 1468
675 1468
674 1467
673 1467
672 1466
671 1466
670 1466
669 1466
668 1465
667 1465
666 1465
665 1465
664 1465
663 1464
662 1464
661 1464
660 1464
659 1464
658 1463
657 1463
656 1463
655 1463
654 1463
653 1463
652 1463
651 1463
650 1462
649 1462
648 1462
647 1462
646 1462
645 1462
644 1462
643 1461
642 1461
641 1461
640 1461
639 1461
638 1461
637 1461
636 1461
635 1461
634 1461
633 1460
632 1460
631 1460
630 1460
629 1459
628 1459
627 1459
626 1458
625 1458
624 1458
623 1458
622 1458
621 1458
620 1458
619 1458
618 1458
617 1458
616 1458
615 1458
614 1458
613 1458
612 1458
611 1458
610 1458
609 1458
608 1457
607 1457
606 1457
605 1457
604 1457
603 1457
602 1457
601 1457
600 1456
599 1456
598 1456
597 1455
596 1455
595 1455
594 1455
593 1455
592 1455
591 1455
590 1455
589 1455
588 1455
587 1455
586 1455
585 1455
584 1455
583 1455
582 1455
581 1455
580 1455
579 1455
578 1455
577 1455
576 1455
575 1455
574 1456
573 1456
572 1456
571 1456
570 1456
569 1456
568 1456
567 1456
566 1456
565 1456
564 1456
563 1456
562 1457
561 1457
560 1457
559 1457
558 1457
557 1457
556 1457
555 1457
554 1457
553 1457
552 1457
551 1457
550 1457
549 1457
548 1458
547 1458
546 1458
545 1458
544 1458
543 1459
542 1459
541 1459
540 1459
539 1459
538 1459
537 1460
536 1460
535 1459
534 1460
533 1460
532 1460
531 1460
530 1461
529 1461
528 1461
527 1461
526 1461
525 1461
524 1461
523 1461
522 1461
521 1461
520 1461
519 1461
518 1461
517 1461
516 1460
515 1460
514 1460
513 1460
512 1460
511 1460
510 1460
509 1460
508 1460
507 1460
506 1460
505 1460
504 1460
503 1460
502 1459
501 1459
500 1459
499 1458
498 1458
497 1458
496 1458
495 1458
494 1458
493 1458
492 1458
491 1458
490 1458
489 1458
488 1458
487 1458
486 1458
485 1458
484 1458
483 1458
482 1458
481 1458
480 1457
479 1457
478 1457
477 1457
476 1456
475 1456
474 1456
473 1456
472 1455
471 1455
470 1455
469 1455
468 1455
467 1455
466 1455
465 1455
464 1454
463 1454
462 1454
461 1454
460 1454
459 1453
458 1453
457 1453
456 1452
455 1452
454 1452
453 1451
452 1451
451 1451
450 1451
449 1451
448 1450
447 1450
446 1450
445 1450
444 1450
443 1450
442 1449
441 1449
440 1449
439 1449
438 1449
437 1449
436 1449
435 1448
434 1449
433 1448
432 1448
431 1448
430 1448
429 1448
428 1448
427 1448
426 1448
425 1447
424 1447
423 1447
422 1447
421 1447
420 1447
419 1447
418 1447
417 1447
416 1447
415 1447
414 1447
413 1447
412 1447
411 1447
410 1447
409 1446
408 1446
407 1446
406 1446
405 1446
404 1446
403 1446
402 1446
401 1446
400 1446
399 1446
398 1445
397 1445
396 1445
395 1445
394 1445
393 1445
392 1444
391 1444
390 1444
389 1444
388 1444
387 1444
386 1444
385 1444
384 1444
383 1443
382 1443
381 1443
380 1443
379 1442
378 1442
377 1442
376 1442
375 1442
374 1442
373 1442
372 1442
371 1442
370 1442
369 1442
368 1442
367 1442
366 1443
365 1443
364 1443
363 1443
362 1443
361 1444
360 1444
359 1444
358 1444
357 1444
356 1444
355 1444
354 1444
353 1444
352 1444
351 1444
350 1444
349 1444
348 1444
347 1443
346 1443
345 1443
344 1443
343 1443
342 1443
341 1442
340 1442
339 1442
338 1442
337 1442
336 1442
335 1442
