423 1695
422 1696
421 1696
420 1696
419 1696
418 1696
417 1697
416 1697
415 1697
414 1697
413 1697
412 1698
411 1698
410 1698
409 1698
408 1698
407 1698
406 1698
405 1698
404 1698
403 1698
402 1698
401 1698
400 1698
399 1698
398 1698
397 1698
396 1698
395 1698
394 1698
393 1698
392 1698
391 1698
390 1698
389 1698
388 1698
387 1698
386 1698
385 1698
384 1698
383 1699
382 1699
381 1699
380 1700
379 1700
378 1700
377 1700
376 1701
375 1701
374 1701
373 1701
372 1701
371 1701
370 1701
369 1701
368 1701
367 1701
366 1701
365 1701
364 1701
363 1701
362 1701
361 1701
360 1701
359 1701
358 1701
357 1701
356 1702
355 1702
354 1702
353 1702
352 1703
351 1703
350 1703
349 1703
348 1703
347 1703
346 1703
345 1703
344 1703
343 1703
342 1703
341 1702
340 1702
339 1702
338 1702
337 1702
336 1702
335 1702
334 1702
333 1701
332 1701
331 1701
330 1701
329 1700
328 1700
327 1700
326 1700
325 1700
324 1700
323 1700
322 1700
321 1700
320 1700
319 1700
318 1700
317 1700
316 1700
315 1700
314 1700
313 1701
312 1701
311 1701
310 1701
309 1701
308 1702
307 1702
306 1702
305 1702
304 1702
303 1702
302 1703
301 1703
300 1703
299 1703
298 1703
297 1703
296 1703
295 1704
294 1704
293 1704
292 1704
291 1704
290 1704
289 1704
288 1704
287 1704
286 1704
285 1705
284 1705
283 1705
282 1705
281 1706
280 1706
279 1706
278 1707
277 1707
276 1707
275 1707
274 1707
273 1707
272 1707
271 1708
270 1708
269 1708
268 1708
267 1708
266 1708
265 1708
264 1708
263 1708
262 1708
261 1708
260 1708
259 1708
258 1708
257 1708
256 1708
255 1708
254 1708
253 1708
252 1709
251 1709
250 1709
249 1709
248 1709
247 1709
246 1709
245 1709
244 1710
243 1710
242 1710
241 1711
240 1711
239 1712
238 1712
237 1713
236 1713
235 1713
234 1714
233 1714
232 1714
231 1714
230 1715
229 1715
228 1715
227 1716
226 1716
225 1716
224 1716
223 1717
222 1717
221 1717
220 1717
219 1717
218 1717
217 1717
216 1717
215 1717
214 1717
213 1717
212 1717
211 1717
210 1717
209 1717
208 1717
207 1717
206 1717
205 1717
204 1717
203 1717
202 1717
201 1717
200 1717
199 1717
198 1717
197 1717
196 1717
195 1717
194 1718
193 1718
192 1718
191 1718
190 1719
189 1719
188 1719
187 1719
186 1719
185 1720
184 1720
183 1720
182 1721
181 1721
180 1721
179 1721
178 1721
177 1721
176 1721
175 1721
174 1721
173 1722
172 1722
171 1723
170 1723
169 1724
168 1724
167 1725
166 1726
165 1727
164 1728
163 1729
162 1730
161 1730
160 1730
159 1731
158 1731
157 1732
156 1732
155 1732
154 1733
153 1733
152 1733
151 1733
150 1733
149 1733
148 1733
147 1733
146 1733
145 1732
144 1732
143 1732
142 1732
141 1731
140 1731
139 1731
138 1731
137 1730
136 1730
135 1730
134 1730
133 1730
132 1730
131 1730
130 1730
129 1730
128 1730
127 1730
126 1730
125 1731
124 1731
123 1732
122 1732
121 1733
120 1733
119 1734
118 1734
117 1734
116 1734
115 1734
114 1735
113 1735
112 1735
111 1735
110 1735
109 1736
108 1736
107 1736
106 1737
105 1737
104 1738
103 1738
102 1738
101 1739
100 1739
99 1739
98 1739
97 1739
96 1739
95 1740
94 1740
93 1740
92 1740
91 1740
90 1740
89 1740
88 1740
87 1740
86 1741
85 1741
84 1741
83 1741
82 1741
81 1742
80 1742
79 1742
78 1743
77 1743
76 1743
75 1744
74 1744
73 1744
72 1745
71 1745
70 1746
69 1746
68 1747
67 1747
66 1748
65 1748
64 1749
63 1749
62 1749
61 1750
60 1750
59 1750
58 1750
57 1750
56 1750
55 1751
54 1751
53 1751
52 1752
51 1752
50 1753
49 1753
48 1754
47 1755
46 1755
45 1756
44 1756
44 1757
43 1758
43 1759
44 1760
45 1760
46 1761
47 1761
48 1762
49 1762
50 1762
51 1763
52 1763
53 1764
54 1764
55 1765
56 1765
57 1766
58 1766
59 1767
60 1767
61 1767
62 1768
63 1768
64 1768
65 1769
66 1769
67 1770
68 1770
69 1770
70 1771
71 1771
72 1771
73 1772
74 1772
75 1772
76 1772
77 1772
78 1773
79 1773
80 1773
81 1773
82 1773
83 1774
84 1774
85 1774
86 1775
87 1775
88 1775
89 1775
90 1776
91 1776
92 1776
93 1776
94 1776
95 1776
96 1776
97 1776
98 1776
99 1776
100 1776
101 1776
102 1776
103 1776
104 1776
105 1776
106 1776
107 1775
108 1775
109 1775
110 1775
111 1775
112 1775
113 1776
114 1776
115 1776
116 1776
117 1776
118 1777
119 1777
120 1777
121 1777
122 1777
123 1777
124 1778
125 1778
126 1778
127 1778
128 1778
129 1778
130 1779
131 1779
132 1779
133 1779
134 1779
135 1779
136 1779
137 1779
138 1779
139 1780
140 1781
141 1781
142 1781
143 1782
144 1782
145 1782
146 1783
147 1783
148 1783
149 1783
150 1783
151 1784
152 1784
153 1784
154 1784
155 1785
156 1785
157 1785
158 1785
159 1785
160 1786
161 1786
162 1786
163 1786
164 1786
165 1786
166 1787
167 1787
168 1787
169 1787
170 1787
171 1787
172 1787
173 1787
174 1787
175 1787
176 1787
177 1787
178 1787
179 1787
180 1787
181 1787
182 1787
183 1787
184 1787
185 1787
186 1787
187 1787
188 1787
189 1786
190 1786
191 1786
192 1786
193 1787
194 1787
195 1787
196 1787
197 1787
198 1788
199 1788
200 1788
201 1788
202 1788
203 1788
204 1788
205 1788
206 1788
207 1788
208 1788
209 1788
210 1788
211 1788
212 1788
213 1788
214 1788
215 1788
216 1788
217 1789
218 1789
219 1790
220 1790
221 1791
222 1791
223 1792
224 1792
225 1792
226 1793
227 1793
228 1793
229 1793
230 1793
231 1793
232 1793
233 1793
234 1793
235 1793
236 1793
237 1794
238 1794
239 1794
240 1794
241 1794
242 1794
243 1794
244 1794
245 1794
246 1795
247 1795
248 1795
249 1795
250 1795
251 1795
252 1795
253 1795
254 1795
255 1795
256 1795
257 1795
258 1794
259 1794
260 1794
261 1793
262 1793
263 1792
264 1792
265 1792
266 1791
267 1791
268 1791
269 1790
270 1790
271 1790
272 1789
273 1789
274 1789
275 1789
276 1789
277 1789
278 1789
279 1788
280 1788
281 1788
282 1788
283 1788
284 1788
285 1788
286 1788
287 1788
288 1788
289 1788
290 1788
291 1788
292 1788
293 1788
294 1788
295 1788
296 1788
297 1788
298 1788
299 1788
300 1788
301 1788
302 1788
303 1788
304 1788
305 1788
306 1788
307 1788
308 1788
309 1788
310 1788
311 1788
312 1788
313 1788
314 1789
315 1789
316 1789
317 1789
318 1789
319 1789
320 1789
321 1789
322 1789
323 1789
324 1789
325 1789
326 1788
327 1788
328 1788
329 1788
330 1788
331 1788
332 1788
333 1787
334 1787
335 1787
336 1787
337 1786
338 1786
339 1786
340 1785
341 1785
342 1785
343 1785
344 1785
345 1785
346 1785
347 1784
348 1784
349 1784
350 1784
351 1784
352 1784
353 1784
354 1784
355 1784
356 1785
357 1785
358 1785
359 1785
360 1785
361 1785
362 1785
363 1785
364 1785
365 1784
366 1784
367 1785
368 1784
369 1784
370 1784
371 1784
372 1784
373 1784
374 1783
375 1783
376 1783
377 1783
378 1783
379 1783
380 1783
381 1782
382 1782
383 1782
384 1782
385 1782
386 1781
387 1781
388 1781
389 1781
390 1781
391 1781
392 1781
393 1781
394 1781
395 1781
396 1781
397 1781
398 1781
399 1781
400 1782
401 1782
402 1782
403 1782
404 1782
405 1782
406 1782
407 1782
408 1782
409 1782
410 1782
411 1782
412 1782
413 1782
414 1783
415 1783
416 1783
417 1783
418 1783
419 1783
420 1783
421 1783
422 1782
423 1782
424 1782
425 1782
426 1782
427 1782
428 1782
429 1782
430 1782
431 1783
432 1783
433 1783
434 1783
435 1783
436 1783
437 1783
438 1783
439 1783
440 1783
441 1783
442 1783
443 1783
444 1783
445 1783
446 1783
447 1783
448 1783
449 1783
450 1783
451 1783
452 1784
453 1784
454 1784
455 1784
456 1784
457 1785
458 1785
459 1785
460 1786
461 1786
462 1786
463 1786
464 1785
465 1785
466 1785
467 1785
468 1784
469 1784
470 1785
471 1785
472 1785
473 1785
474 1785
475 1785
476 1785
477 1784
478 1784
479 1784
480 1784
481 1783
482 1783
483 1783
484 1783
485 1783
486 1783
487 1783
488 1783
489 1783
490 1783
491 1783
492 1783
493 1784
494 1784
495 1784
496 1784
497 1783
498 1783
499 1783
500 1783
501 1783
502 1783
503 1783
504 1783
505 1783
506 1784
507 1784
508 1784
509 1784
510 1785
511 1785
512 1785
513 1786
514 1786
515 1786
516 1787
517 1787
518 1788
519 1788
520 1788
521 1788
522 1789
523 1789
524 1789
525 1789
526 1789
527 1789
528 1789
529 1788
530 1788
531 1788
532 1788
533 1788
534 1787
535 1787
536 1787
537 1787
538 1787
539 1787
540 1787
541 1787
542 1787
543 1787
544 1787
545 1787
546 1787
547 1786
548 1786
549 1786
550 1786
551 1786
552 1786
553 1786
554 1786
555 1786
556 1786
557 1786
558 1786
559 1786
560 1786
561 1785
562 1785
563 1785
564 1785
565 1785
566 1785
567 1784
568 1784
569 1784
570 1784
571 1784
572 1784
573 1784
574 1784
575 1783
576 1783
577 1783
578 1782
579 1782
580 1782
581 1782
582 1781
583 1781
584 1781
585 1781
586 1780
587 1780
588 1780
589 1779
590 1779
591 1778
592 1778
593 1777
594 1777
595 1777
596 1776
597 1776
598 1776
599 1776
600 1776
601 1775
602 1775
603 1775
604 1775
605 1774
606 1774
607 1774
608 1774
609 1774
610 1773
611 1773
612 1773
613 1773
614 1774
615 1774
616 1774
617 1774
618 1775
619 1775
620 1775
621 1775
622 1776
623 1776
624 1776
625 1776
626 1776
627 1776
628 1777
629 1777
630 1777
631 1777
632 1777
633 1777
634 1777
635 1777
636 1778
637 1778
638 1778
639 1778
640 1778
641 1777
642 1777
643 1777
644 1777
645 1777
646 1777
647 1776
648 1776
649 1776
650 1775
651 1775
652 1775
653 1774
654 1774
655 1774
656 1773
657 1773
658 1772
659 1772
660 1771
661 1770
662 1770
663 1770
664 1769
665 1769
666 1769
667 1768
668 1768
669 1767
670 1767
671 1766
672 1766
673 1765
674 1765
675 1764
676 1764
677 1764
678 1764
679 1764
680 1764
681 1764
682 1763
683 1763
684 1763
685 1763
686 1762
687 1762
688 1762
689 1761
690 1761
691 1761
692 1760
693 1760
694 1760
695 1760
696 1760
697 1759
698 1759
699 1759
700 1758
701 1758
702 1757
703 1757
704 1756
705 1755
706 1754
707 1753
707 1752
708 1751
708 1750
709 1749
710 1748
710 1747
710 1746
711 1745
711 1744
711 1743
712 1742
712 1741
712 1740
712 1739
712 1738
712 1737
711 1736
711 1735
710 1734
710 1733
709 1732
708 1731
707 1730
706 1729
705 1728
704 1727
703 1727
702 1726
701 1725
700 1725
699 1724
698 1723
697 1723
696 1722
695 1721
694 1721
693 1720
692 1719
691 1718
690 1717
689 1717
688 1716
687 1715
686 1714
685 1713
684 1713
683 1712
682 1712
681 1712
680 1712
679 1712
678 1712
677 1711
676 1711
675 1711
674 1711
673 1711
672 1710
671 1710
670 1710
669 1710
668 1709
667 1709
666 1708
665 1708
664 1708
663 1707
662 1707
661 1707
660 1707
659 1706
658 1706
657 1705
656 1705
655 1705
654 1705
653 1704
652 1704
651 1703
650 1703
649 1703
648 1703
647 1703
646 1702
645 1702
644 1702
643 1702
642 1702
641 1701
640 1701
639 1701
638 1701
637 1701
636 1701
635 1701
634 1701
633 1701
632 1701
631 1700
630 1700
629 1700
628 1700
627 1700
626 1700
625 1700
624 1700
623 1700
622 1700
621 1700
620 1700
619 1700
618 1700
617 1700
616 1700
615 1700
614 1700
613 1700
612 1700
611 1700
610 1700
609 1700
608 1700
607 1700
606 1700
605 1700
604 1700
603 1700
602 1700
601 1700
600 1700
599 1700
598 1700
597 1700
596 1700
595 1700
594 1701
593 1701
592 1701
591 1702
590 1703
589 1703
588 1703
587 1704
586 1704
585 1705
584 1705
583 1705
582 1705
581 1705
580 1705
579 1705
578 1705
577 1704
576 1704
575 1704
574 1704
573 1704
572 1703
571 1703
570 1703
569 1703
568 1703
567 1703
566 1702
565 1702
564 1702
563 1702
562 1701
561 1701
560 1701
559 1701
558 1701
557 1701
556 1701
555 1701
554 1701
553 1702
552 1702
551 1702
550 1702
549 1702
548 1702
547 1702
546 1702
545 1702
544 1702
543 1702
542 1702
541 1702
540 1702
539 1702
538 1703
537 1703
536 1703
535 1703
534 1703
533 1703
532 1703
531 1703
530 1703
529 1703
528 1703
527 1703
526 1703
525 1702
524 1701
523 1701
522 1700
521 1699
520 1699
519 1699
518 1699
517 1698
516 1698
515 1698
514 1698
513 1698
512 1697
511 1697
510 1697
509 1697
508 1697
507 1697
506 1697
505 1697
504 1697
503 1697
502 1697
501 1697
500 1697
499 1697
498 1697
497 1697
496 1697
495 1697
494 1697
493 1697
492 1697
491 1697
490 1697
489 1697
488 1697
487 1697
486 1697
485 1696
484 1696
483 1696
482 1696
481 1696
480 1696
479 1696
478 1696
477 1696
476 1696
475 1696
474 1695
473 1695
472 1695
471 1695
470 1695
469 1695
468 1695
467 1695
466 1695
465 1695
464 1695
463 1695
462 1695
461 1695
460 1695
459 1695
458 1695
457 1695
456 1695
455 1695
454 1695
453 1695
452 1695
451 1695
450 1695
449 1695
448 1695
447 1695
446 1695
445 1695
444 1695
443 1695
442 1695
441 1695
440 1695
439 1695
438 1695
437 1695
436 1695
435 1695
434 1695
433 1695
432 1695
431 1695
430 1695
429 1695
428 1695
427 1695
426 1695
425 1695
424 1695
423 1695
