467 1842
466 1843
465 1843
464 1843
463 1844
462 1844
461 1844
460 1844
459 1844
458 1844
457 1844
456 1844
455 1844
454 1844
453 1844
452 1844
451 1844
450 1844
449 1844
448 1844
447 1844
446 1844
445 1844
444 1844
443 1844
442 1844
441 1844
440 1844
439 1844
438 1844
437 1844
436 1844
435 1844
434 1844
433 1845
432 1845
431 1845
430 1845
429 1845
428 1845
427 1845
426 1845
425 1845
424 1845
423 1845
422 1845
421 1845
420 1845
419 1846
418 1846
417 1845
416 1845
415 1845
414 1845
413 1845
412 1845
411 1845
410 1845
409 1845
408 1845
407 1845
406 1845
405 1845
404 1845
403 1846
402 1846
401 1846
400 1846
399 1847
398 1847
397 1847
396 1847
395 1847
394 1848
393 1848
392 1848
391 1848
390 1848
389 1848
388 1848
387 1848
386 1848
385 1848
384 1848
383 1848
382 1849
381 1849
380 1849
379 1849
378 1850
377 1850
376 1850
375 1850
374 1851
373 1851
372 1851
371 1851
370 1851
369 1851
368 1851
367 1851
366 1851
365 1852
364 1852
363 1852
362 1853
361 1853
360 1853
359 1854
358 1854
357 1854
356 1855
355 1855
354 1855
353 1855
352 1856
351 1856
350 1856
349 1856
348 1856
347 1857
346 1857
345 1857
344 1857
343 1857
342 1857
341 1857
340 1857
339 1858
338 1858
337 1858
336 1858
335 1859
334 1859
333 1859
332 1860
331 1860
330 1861
329 1861
328 1861
327 1861
326 1862
325 1862
324 1862
323 1863
322 1863
321 1863
320 1863
319 1863
318 1863
317 1863
316 1863
315 1864
314 1864
313 1864
312 1864
311 1865
310 1865
309 1865
308 1865
307 1865
306 1866
305 1866
304 1866
303 1867
302 1867
301 1867
300 1867
299 1867
298 1868
297 1868
296 1868
295 1868
294 1868
293 1868
292 1868
291 1868
290 1868
289 1868
288 1868
287 1868
286 1868
285 1868
284 1868
283 1868
282 1868
281 1868
280 1868
279 1868
278 1868
277 1868
276 1868
275 1868
274 1868
273 1868
272 1867
271 1867
270 1867
269 1867
268 1867
267 1867
266 1867
265 1867
264 1867
263 1867
262 1867
261 1867
260 1867
259 1867
258 1867
257 1867
256 1866
255 1867
254 1867
253 1867
252 1867
251 1867
250 1866
249 1867
248 1867
247 1867
246 1867
245 1867
244 1867
243 1867
242 1867
241 1867
240 1867
239 1867
238 1867
237 1868
236 1868
235 1868
234 1868
233 1869
232 1869
231 1869
230 1869
229 1869
228 1870
227 1870
226 1870
225 1870
224 1870
223 1870
222 1870
221 1870
220 1870
219 1870
218 1870
217 1870
216 1870
215 1870
214 1870
213 1870
212 1870
211 1870
210 1870
209 1870
208 1870
207 1871
206 1871
205 1871
204 1871
203 1871
202 1871
201 1872
200 1872
199 1873
198 1873
197 1873
196 1873
195 1874
194 1874
193 1874
192 1875
191 1875
190 1875
189 1875
188 1876
187 1876
186 1876
185 1876
184 1876
183 1876
182 1876
181 1876
180 1876
179 1876
178 1876
177 1876
176 1876
175 1876
174 1877
173 1877
172 1877
171 1877
170 1878
169 1878
168 1878
167 1879
166 1879
165 1879
164 1880
163 1880
162 1880
161 1880
160 1881
159 1881
158 1881
157 1882
156 1882
155 1882
154 1883
153 1883
152 1884
151 1884
150 1884
149 1884
148 1885
147 1886
146 1886
145 1887
144 1887
143 1888
142 1888
141 1889
140 1889
139 1890
138 1890
137 1890
136 1890
135 1890
134 1890
133 1890
132 1890
131 1890
130 1891
129 1892
128 1892
127 1893
126 1894
125 1894
124 1894
123 1894
122 1895
121 1895
120 1895
119 1895
118 1895
117 1895
116 1895
115 1895
114 1895
113 1895
112 1895
111 1895
110 1896
109 1897
108 1898
107 1898
106 1898
105 1898
104 1897
103 1897
102 1897
101 1897
100 1897
99 1897
98 1897
97 1897
96 1897
95 1897
94 1897
93 1897
92 1898
91 1898
90 1898
89 1899
88 1900
87 1901
86 1902
85 1902
84 1902
83 1903
82 1903
81 1904
80 1904
79 1905
78 1906
77 1907
76 1908
76 1909
75 1910
75 1911
75 1912
75 1913
74 1914
74 1915
73 1916
72 1917
72 1918
71 1919
71 1920
71 1921
71 1922
71 1923
70 1924
69 1925
68 1926
67 1927
66 1927
65 1928
65 1929
64 1930
63 1931
63 1932
64 1933
63 1934
62 1935
61 1935
60 1936
59 1937
58 1938
58 1939
58 1940
58 1941
59 1942
59 1943
60 1944
61 1945
61 1946
60 1947
60 1948
60 1949
60 1950
60 1951
60 1952
60 1953
60 1954
60 1955
60 1956
60 1957
59 1958
59 1959
58 1960
58 1961
58 1962
57 1963
57 1964
56 1965
56 1966
55 1967
55 1968
55 1969
55 1970
55 1971
55 1972
56 1973
55 1974
55 1975
54 1976
54 1977
54 1978
54 1979
55 1980
55 1981
56 1982
57 1982
58 1983
59 1983
60 1983
61 1984
62 1984
63 1984
64 1984
65 1985
66 1985
67 1985
68 1985
69 1985
70 1985
71 1985
72 1986
73 1986
74 1986
75 1986
76 1986
77 1986
78 1986
79 1986
80 1986
81 1986
82 1986
83 1986
84 1986
85 1986
86 1986
87 1986
88 1986
89 1986
90 1986
91 1986
92 1986
93 1986
94 1986
95 1986
96 1986
97 1986
98 1986
99 1985
100 1985
101 1985
102 1985
103 1985
104 1985
105 1985
106 1985
107 1985
108 1985
109 1985
110 1985
111 1985
112 1984
113 1984
114 1984
115 1983
116 1983
117 1983
118 1983
119 1983
120 1983
121 1983
122 1983
123 1983
124 1983
125 1983
126 1983
127 1984
128 1984
129 1984
130 1984
131 1984
132 1985
133 1985
134 1985
135 1985
136 1985
137 1985
138 1985
139 1985
140 1985
141 1985
142 1985
143 1985
144 1986
145 1986
146 1986
147 1986
148 1987
149 1987
150 1987
151 1988
152 1988
153 1988
154 1988
155 1988
156 1988
157 1988
158 1989
159 1989
160 1989
161 1989
162 1989
163 1989
164 1989
165 1989
166 1989
167 1989
168 1989
169 1989
170 1989
171 1990
172 1990
173 1990
174 1990
175 1990
176 1990
177 1991
178 1991
179 1991
180 1992
181 1992
182 1993
183 1993
184 1993
185 1994
186 1994
187 1994
188 1994
189 1994
190 1994
191 1995
192 1995
193 1995
194 1995
195 1995
196 1995
197 1995
198 1995
199 1995
200 1995
201 1995
202 1995
203 1995
204 1995
205 1995
206 1995
207 1996
208 1996
209 1996
210 1996
211 1996
212 1996
213 1996
214 1997
215 1997
216 1998
217 1998
218 1998
219 1998
220 1998
221 1998
222 1998
223 1998
224 1998
225 1999
226 1999
227 1999
228 1999
229 1999
230 2000
231 2000
232 2000
233 2001
234 2001
235 2001
236 2001
237 2001
238 2001
239 2001
240 2001
241 2001
242 2001
243 2000
244 2000
245 2000
246 2000
247 2000
248 2000
249 2000
250 2001
251 2001
252 2001
253 2001
254 2001
255 2001
256 2002
257 2002
258 2002
259 2002
260 2003
261 2003
262 2003
263 2003
264 2003
265 2003
266 2003
267 2003
268 2003
269 2003
270 2003
271 2003
272 2003
273 2003
274 2003
275 2003
276 2003
277 2003
278 2004
279 2004
280 2004
281 2004
282 2005
283 2005
284 2005
285 2005
286 2006
287 2006
288 2006
289 2007
290 2007
291 2007
292 2007
293 2007
294 2008
295 2008
296 2007
297 2007
298 2007
299 2007
300 2007
301 2007
302 2007
303 2007
304 2007
305 2007
306 2007
307 2007
308 2007
309 2007
310 2008
311 2008
312 2008
313 2008
314 2008
315 2008
316 2008
317 2009
318 2009
319 2009
320 2009
321 2009
322 2010
323 2010
324 2010
325 2010
326 2010
327 2010
328 2010
329 2010
330 2010
331 2010
332 2010
333 2010
334 2010
335 2010
336 2009
337 2009
338 2009
339 2009
340 2009
341 2008
342 2008
343 2008
344 2008
345 2008
346 2008
347 2008
348 2008
349 2008
350 2008
351 2008
352 2008
353 2008
354 2008
355 2008
356 2008
357 2008
358 2008
359 2008
360 2008
361 2008
362 2007
363 2007
364 2007
365 2007
366 2007
367 2007
368 2007
369 2007
370 2007
371 2007
372 2007
373 2007
374 2008
375 2008
376 2008
377 2008
378 2008
379 2009
380 2009
381 2009
382 2009
383 2010
384 2010
385 2010
386 2010
387 2010
388 2010
389 2010
390 2010
391 2010
392 2010
393 2010
394 2010
395 2010
396 2010
397 2010
398 2010
399 2009
400 2009
401 2009
402 2009
403 2009
404 2009
405 2009
406 2009
407 2009
408 2009
409 2009
410 2010
411 2010
412 2010
413 2010
414 2011
415 2011
416 2011
417 2011
418 2012
419 2012
420 2012
421 2012
422 2012
423 2012
424 2012
425 2012
426 2012
427 2012
428 2012
429 2012
430 2012
431 2012
432 2012
433 2012
434 2012
435 2013
436 2013
437 2013
438 2013
439 2014
440 2014
441 2014
442 2015
443 2015
444 2015
445 2016
446 2016
447 2016
448 2016
449 2016
450 2016
451 2016
452 2016
453 2016
454 2016
455 2015
456 2015
457 2015
458 2015
459 2015
460 2014
461 2014
462 2014
463 2014
464 2014
465 2014
466 2014
467 2013
468 2013
469 2013
470 2013
471 2013
472 2014
473 2014
474 2014
475 2014
476 2014
477 2014
478 2014
479 2014
480 2014
481 2014
482 2014
483 2014
484 2014
485 2014
486 2014
487 2014
488 2014
489 2014
490 2014
491 2014
492 2014
493 2014
494 2014
495 2014
496 2014
497 2014
498 2014
499 2014
500 2014
501 2014
502 2015
503 2015
504 2015
505 2015
506 2015
507 2015
508 2015
509 2015
510 2015
511 2015
512 2015
513 2015
514 2015
515 2015
516 2015
517 2015
518 2015
519 2015
520 2015
521 2016
522 2016
523 2016
524 2016
525 2016
526 2016
527 2016
528 2016
529 2016
530 2016
531 2017
532 2016
533 2017
534 2017
535 2017
536 2017
537 2018
538 2018
539 2018
540 2018
541 2018
542 2018
543 2018
544 2018
545 2018
546 2018
547 2018
548 2018
549 2018
550 2018
551 2018
552 2018
553 2018
554 2018
555 2018
556 2018
557 2018
558 2018
559 2018
560 2018
561 2018
562 2018
563 2018
564 2018
565 2018
566 2018
567 2018
568 2017
569 2017
570 2017
571 2017
572 2017
573 2017
574 2017
575 2017
576 2017
577 2017
578 2017
579 2017
580 2017
581 2017
582 2017
583 2016
584 2017
585 2017
586 2017
587 2017
588 2017
589 2017
590 2017
591 2017
592 2017
593 2016
594 2016
595 2016
596 2016
597 2016
598 2015
599 2015
600 2015
601 2015
602 2015
603 2015
604 2015
605 2014
606 2014
607 2014
608 2014
609 2014
610 2014
611 2014
612 2014
613 2013
614 2013
615 2013
616 2012
617 2012
618 2012
619 2012
620 2011
621 2011
622 2011
623 2011
624 2011
625 2011
626 2011
627 2010
628 2010
629 2010
630 2010
631 2010
632 2010
633 2010
634 2010
635 2010
636 2010
637 2010
638 2010
639 2010
640 2010
641 2010
642 2010
643 2010
644 2010
645 2010
646 2010
647 2010
648 2010
649 2010
650 2010
651 2009
652 2009
653 2009
654 2009
655 2009
656 2009
657 2009
658 2009
659 2009
660 2009
661 2008
662 2008
663 2008
664 2008
665 2008
666 2008
667 2008
668 2007
669 2007
670 2007
671 2006
672 2006
673 2006
674 2006
675 2006
676 2006
677 2006
678 2005
679 2005
680 2005
681 2004
682 2004
683 2004
684 2004
685 2004
686 2004
687 2003
688 2003
689 2003
690 2003
691 2002
692 2001
693 2001
694 2000
695 1999
696 1998
697 1997
697 1996
698 1995
698 1994
699 1993
700 1992
701 1991
702 1991
703 1990
704 1989
705 1988
705 1987
706 1986
706 1985
707 1984
708 1983
708 1982
709 1981
709 1980
710 1979
711 1978
712 1977
712 1976
713 1975
713 1974
714 1973
714 1972
714 1971
715 1970
715 1969
715 1968
715 1967
716 1966
716 1965
716 1964
716 1963
717 1962
717 1961
717 1960
717 1959
718 1958
718 1957
719 1956
719 1955
720 1954
720 1953
721 1952
721 1951
721 1950
721 1949
722 1948
722 1947
722 1946
722 1945
722 1944
722 1943
722 1942
722 1941
722 1940
722 1939
723 1938
723 1937
723 1936
723 1935
723 1934
723 1933
723 1932
722 1931
722 1930
722 1929
722 1928
722 1927
722 1926
721 1925
721 1924
721 1923
721 1922
720 1921
720 1920
719 1919
719 1918
719 1917
719 1916
719 1915
718 1914
717 1913
717 1912
716 1911
716 1910
715 1909
715 1908
714 1907
713 1906
712 1905
712 1904
711 1903
710 1902
710 1901
709 1900
709 1899
708 1898
707 1897
707 1896
706 1895
705 1894
705 1893
704 1892
703 1891
702 1890
701 1889
701 1888
700 1887
699 1886
699 1885
698 1884
697 1883
696 1882
695 1881
694 1880
693 1880
692 1879
691 1878
690 1877
689 1877
688 1876
687 1876
686 1875
685 1875
684 1874
683 1874
682 1874
681 1873
680 1873
679 1872
678 1871
677 1870
676 1869
675 1868
674 1867
673 1866
672 1865
671 1864
670 1864
669 1863
668 1862
667 1862
666 1862
665 1862
664 1862
663 1861
662 1861
661 1861
660 1861
659 1860
658 1860
657 1860
656 1860
655 1860
654 1860
653 1860
652 1860
651 1860
650 1860
649 1860
648 1860
647 1860
646 1859
645 1859
644 1859
643 1858
642 1858
641 1858
640 1857
639 1857
638 1857
637 1857
636 1857
635 1857
634 1857
633 1856
632 1855
631 1855
630 1854
629 1854
628 1853
627 1853
626 1852
625 1852
624 1852
623 1852
622 1852
621 1852
620 1852
619 1852
618 1852
617 1852
616 1852
615 1852
614 1852
613 1852
612 1852
611 1852
610 1853
609 1853
608 1853
607 1853
606 1853
605 1853
604 1853
603 1853
602 1853
601 1853
600 1853
599 1852
598 1852
597 1852
596 1852
595 1851
594 1851
593 1851
592 1851
591 1850
590 1850
589 1850
588 1849
587 1849
586 1849
585 1848
584 1848
583 1848
582 1847
581 1847
580 1847
579 1846
578 1846
577 1846
576 1846
575 1846
574 1845
573 1845
572 1845
571 1844
570 1844
569 1844
568 1844
567 1844
566 1844
565 1844
564 1844
563 1844
562 1844
561 1844
560 1844
559 1844
558 1844
557 1844
556 1844
555 1844
554 1844
553 1844
552 1844
551 1844
550 1844
549 1844
548 1844
547 1844
546 1845
545 1845
544 1845
543 1845
542 1845
541 1845
540 1845
539 1845
538 1845
537 1845
536 1845
535 1845
534 1845
533 1845
532 1844
531 1844
530 1844
529 1844
528 1844
527 1844
526 1843
525 1843
524 1843
523 1842
522 1842
521 1842
520 1842
519 1842
518 1842
517 1842
516 1842
515 1842
514 1842
513 1842
512 1842
511 1843
510 1843
509 1843
508 1843
507 1843
506 1843
505 1843
504 1843
503 1843
502 1843
501 1843
500 1843
499 1843
498 1844
497 1844
496 1844
495 1844
494 1844
493 1844
492 1844
491 1844
490 1844
489 1844
488 1844
487 1844
486 1844
485 1844
484 1844
483 1844
482 1844
481 1844
480 1844
479 1844
478 1844
477 1844
476 1844
475 1844
474 1843
473 1843
472 1843
471 1842
470 1842
469 1842
468 1842
467 1842
