531 74
530 75
529 75
528 75
527 75
526 75
525 76
524 76
523 76
522 76
521 76
520 76
519 76
518 76
517 76
516 77
515 77
514 77
513 77
512 77
511 77
510 77
509 77
508 77
507 77
506 77
505 77
504 77
503 77
502 77
501 77
500 77
499 77
498 77
497 77
496 77
495 77
494 77
493 77
492 77
491 77
490 77
489 77
488 77
487 77
486 77
485 77
484 77
483 77
482 78
481 78
480 78
479 79
478 79
477 79
476 79
475 79
474 80
473 80
472 80
471 80
470 80
469 80
468 80
467 80
466 80
465 80
464 80
463 80
462 80
461 80
460 80
459 80
458 80
457 80
456 80
455 80
454 80
453 80
452 80
451 80
450 80
449 80
448 80
447 81
446 81
445 81
444 81
443 82
442 82
441 82
440 82
439 81
438 81
437 81
436 81
435 81
434 80
433 80
432 80
431 80
430 80
429 80
428 80
427 80
426 80
425 80
424 80
423 81
422 81
421 81
420 82
419 82
418 82
417 82
416 82
415 82
414 82
413 82
412 82
411 82
410 82
409 82
408 82
407 82
406 83
405 83
404 83
403 83
402 83
401 83
400 83
399 83
398 83
397 83
396 83
395 83
394 82
393 82
392 82
391 82
390 82
389 82
388 82
387 82
386 82
385 82
384 82
383 82
382 82
381 82
380 82
379 82
378 82
377 82
376 82
375 82
374 82
373 83
372 83
371 83
370 83
369 83
368 83
367 83
366 83
365 82
364 82
363 82
362 82
361 82
360 82
359 82
358 82
357 82
356 82
355 82
354 82
353 82
352 82
351 82
350 82
349 82
348 82
347 82
346 82
345 82
344 83
343 83
342 83
341 83
340 83
339 83
338 83
337 83
336 83
335 83
334 83
333 83
332 83
331 83
330 83
329 83
328 83
327 83
326 83
325 83
324 83
323 83
322 83
321 83
320 83
319 83
318 83
317 83
316 83
315 83
314 83
313 83
312 83
311 83
310 83
309 83
308 83
307 83
306 83
305 83
304 83
303 83
302 83
301 83
300 83
299 83
298 83
297 83
296 83
295 83
294 83
293 83
292 83
291 83
290 83
289 83
288 83
287 83
286 83
285 82
284 82
283 82
282 82
281 82
280 82
279 82
278 82
277 82
276 82
275 83
274 83
273 83
272 84
271 84
270 84
269 84
268 84
267 84
266 84
265 84
264 84
263 84
262 84
261 84
260 84
259 84
258 84
257 84
256 84
255 84
254 85
253 85
252 85
251 85
250 86
249 86
248 86
247 86
246 86
245 86
244 86
243 86
242 86
241 86
240 86
239 86
238 86
237 86
236 86
235 86
234 86
233 86
232 86
231 86
230 86
229 86
228 86
227 86
226 87
225 87
224 87
223 87
222 87
221 87
220 87
219 87
218 87
217 87
216 87
215 87
214 87
213 87
212 87
211 87
210 87
209 87
208 87
207 87
206 87
205 87
204 87
203 87
202 87
201 87
200 87
199 87
198 87
197 87
196 88
195 88
194 88
193 89
192 89
191 89
190 89
189 89
188 89
187 89
186 89
185 89
184 89
183 89
182 89
181 89
180 89
179 88
178 88
177 88
176 88
175 88
174 88
173 88
172 88
171 88
170 88
169 88
168 88
167 88
166 88
165 88
164 88
163 89
162 89
161 89
160 89
159 89
158 89
157 89
156 89
155 89
154 89
153 89
152 89
151 89
150 89
149 89
148 89
147 88
146 89
145 89
144 89
143 89
142 90
141 90
140 90
139 90
138 90
137 90
136 90
135 90
134 90
133 90
132 90
131 90
130 91
129 91
128 91
127 92
126 92
125 92
124 92
123 92
122 92
121 92
120 92
119 92
118 92
117 92
116 92
115 92
114 92
113 92
112 93
111 93
110 93
109 93
108 93
107 93
106 93
105 93
104 93
103 93
102 93
101 93
100 94
99 94
98 94
97 94
96 94
95 95
94 95
93 95
92 95
91 95
90 95
89 95
88 95
87 95
86 95
85 95
84 95
83 95
82 95
81 95
80 95
79 95
78 95
77 95
76 95
75 96
74 96
73 96
72 96
71 96
70 96
69 96
68 96
67 97
66 97
65 97
64 97
63 97
62 97
61 97
60 97
59 97
58 97
57 97
56 97
55 98
54 98
53 98
52 98
51 98
50 98
49 98
48 98
47 98
46 98
45 98
44 99
43 99
42 99
41 100
40 100
39 101
38 102
38 103
37 104
37 105
36 106
36 107
35 108
35 109
34 110
34 111
34 112
34 113
34 114
34 115
34 116
34 117
34 118
34 119
34 120
34 121
34 122
34 123
33 124
33 125
32 126
33 127
33 128
34 129
34 130
34 131
35 132
36 133
37 134
38 135
38 136
39 137
40 138
41 139
42 140
42 141
43 142
44 143
44 144
45 144
46 145
47 145
48 146
49 147
50 148
51 148
52 148
53 149
54 149
55 149
56 150
57 150
58 150
59 150
60 151
61 151
62 152
63 152
64 153
65 153
66 153
67 154
68 154
69 155
70 155
71 155
72 155
73 156
74 156
75 156
76 156
77 156
78 157
79 157
80 157
81 157
82 158
83 158
84 158
85 159
86 159
87 159
88 160
89 160
90 160
91 160
92 160
93 160
94 160
95 161
96 161
97 161
98 162
99 162
100 162
101 163
102 163
103 163
104 163
105 164
106 164
107 165
108 165
109 165
110 165
111 166
112 166
113 166
114 166
115 166
116 166
117 167
118 167
119 167
120 167
121 168
122 168
123 168
124 168
125 169
126 169
127 169
128 170
129 170
130 170
131 170
132 171
133 171
134 171
135 171
136 172
137 172
138 172
139 173
140 173
141 173
142 174
143 174
144 174
145 174
146 175
147 175
148 175
149 176
150 176
151 176
152 177
153 177
154 178
155 178
156 179
157 179
158 180
159 180
160 180
161 181
162 181
163 181
164 181
165 181
166 181
167 181
168 181
169 181
170 181
171 181
172 181
173 181
174 181
175 182
176 182
177 182
178 182
179 182
180 182
181 182
182 183
183 183
184 183
185 183
186 183
187 183
188 183
189 184
190 184
191 184
192 184
193 184
194 185
195 185
196 185
197 186
198 186
199 186
200 187
201 187
202 187
203 187
204 188
205 188
206 188
207 189
208 189
209 189
210 189
211 189
212 189
213 189
214 189
215 189
216 189
217 190
218 190
219 190
220 190
221 190
222 190
223 190
224 190
225 191
226 191
227 191
228 191
229 191
230 192
231 192
232 192
233 192
234 192
235 192
236 192
237 193
238 193
239 193
240 193
241 194
242 194
243 194
244 194
245 194
246 194
247 194
248 194
249 195
250 195
251 195
252 195
253 195
254 195
255 195
256 196
257 196
258 196
259 197
260 197
261 197
262 197
263 197
264 197
265 198
266 198
267 198
268 199
269 199
270 199
271 199
272 199
273 199
274 200
275 200
276 200
277 200
278 200
279 200
280 200
281 199
282 199
283 199
284 199
285 199
286 199
287 199
288 199
289 199
290 199
291 199
292 199
293 199
294 199
295 199
296 199
297 199
298 199
299 199
300 199
301 199
302 199
303 199
304 199
305 200
306 200
307 200
308 200
309 200
310 200
311 200
312 200
313 200
314 200
315 200
316 200
317 200
318 200
319 200
320 200
321 200
322 200
323 200
324 200
325 200
326 200
327 200
328 201
329 201
330 201
331 201
332 202
333 202
334 202
335 202
336 202
337 202
338 202
339 202
340 202
341 202
342 202
343 202
344 202
345 202
346 202
347 202
348 202
349 202
350 202
351 202
352 202
353 202
354 202
355 202
356 202
357 203
358 203
359 203
360 203
361 203
362 203
363 203
364 203
365 204
366 204
367 204
368 204
369 204
370 205
371 205
372 205
373 205
374 205
375 205
376 205
377 205
378 205
379 205
380 205
381 205
382 205
383 205
384 205
385 205
386 205
387 205
388 205
389 205
390 205
391 206
392 206
393 206
394 206
395 206
396 206
397 206
398 206
399 206
400 206
401 206
402 206
403 206
404 206
405 206
406 206
407 206
408 206
409 206
410 206
411 206
412 206
413 206
414 206
415 206
416 205
417 205
418 205
419 205
420 206
421 206
422 206
423 206
424 206
425 206
426 206
427 206
428 206
429 206
430 206
431 206
432 206
433 206
434 206
435 206
436 206
437 205
438 205
439 205
440 205
441 205
442 205
443 205
444 205
445 205
446 205
447 205
448 205
449 205
450 205
451 205
452 205
453 205
454 206
455 206
456 206
457 206
458 206
459 206
460 206
461 206
462 206
463 206
464 206
465 206
466 206
467 206
468 206
469 206
470 206
471 206
472 205
473 205
474 205
475 205
476 205
477 204
478 204
479 204
480 203
481 203
482 203
483 203
484 203
485 203
486 203
487 203
488 203
489 203
490 203
491 203
492 203
493 203
494 203
495 203
496 202
497 202
498 201
499 201
500 200
501 200
502 199
503 199
504 198
505 198
506 197
507 197
508 196
509 196
510 196
511 196
512 196
513 196
514 197
515 197
516 197
517 198
518 198
519 199
520 199
521 199
522 200
523 199
524 199
525 199
526 198
527 198
528 198
529 198
530 197
531 197
532 197
533 197
534 197
535 197
536 197
537 197
538 197
539 198
540 198
541 199
542 199
543 200
544 200
545 201
546 201
547 201
548 202
549 202
550 202
551 202
552 202
553 202
554 202
555 202
556 202
557 202
558 202
559 202
560 202
561 202
562 202
563 202
564 202
565 202
566 202
567 202
568 202
569 202
570 202
571 202
572 202
573 203
574 203
575 203
576 203
577 203
578 203
579 203
580 203
581 203
582 203
583 203
584 203
585 203
586 203
587 203
588 203
589 203
590 203
591 203
592 203
593 203
594 203
595 203
596 203
597 203
598 203
599 203
600 203
601 203
602 203
603 204
604 204
605 204
606 205
607 205
608 205
609 205
610 204
611 204
612 204
613 204
614 204
615 204
616 204
617 204
618 204
619 204
620 205
621 205
622 205
623 205
624 205
625 205
626 205
627 205
628 205
629 205
630 205
631 205
632 205
633 205
634 206
635 206
636 206
637 206
638 206
639 206
640 206
641 206
642 206
643 206
644 206
645 206
646 206
647 206
648 206
649 207
650 207
651 207
652 208
653 208
654 208
655 208
656 209
657 209
658 209
659 209
660 210
661 210
662 210
663 210
664 210
665 210
666 210
667 210
668 210
669 210
670 210
671 209
672 209
673 209
674 209
675 208
676 208
677 208
678 207
679 207
680 206
681 206
682 206
683 206
684 205
685 205
686 205
687 205
688 205
689 205
690 205
691 205
692 205
693 205
694 205
695 205
696 205
697 204
698 204
699 204
700 204
701 203
702 203
703 203
704 203
705 203
706 203
707 203
708 202
709 202
710 202
711 201
712 201
713 200
714 200
715 199
716 199
717 199
718 198
719 197
720 197
721 196
722 195
723 195
724 194
725 194
726 194
727 193
728 193
729 192
730 191
731 191
732 190
733 190
734 189
735 189
736 189
737 188
738 188
739 187
740 187
741 187
742 187
743 187
744 186
745 186
746 186
747 186
748 185
749 185
750 185
751 185
752 184
753 184
754 184
755 183
756 183
757 183
758 182
759 181
760 181
761 180
762 179
763 179
764 178
765 178
766 177
767 177
768 176
769 176
770 175
771 174
772 174
773 173
774 172
775 172
775 171
776 170
776 169
777 168
777 167
777 166
777 165
777 164
777 163
778 162
778 161
778 160
778 159
778 158
778 157
779 156
779 155
779 154
779 153
779 152
779 151
779 150
780 149
780 148
780 147
780 146
780 145
780 144
780 143
780 142
780 141
780 140
780 139
779 138
779 137
779 136
779 135
779 134
779 133
779 132
779 131
779 130
779 129
779 128
779 127
779 126
779 125
779 124
779 123
778 122
778 121
778 120
777 119
777 118
777 117
776 116
776 115
775 114
775 113
775 112
775 111
774 110
774 109
773 108
772 107
771 106
770 105
769 104
768 103
767 103
766 102
765 102
764 101
763 101
762 101
761 101
760 100
759 100
758 100
757 100
756 100
755 100
754 100
753 99
752 99
751 98
750 98
749 98
748 98
747 98
746 98
745 98
744 98
743 98
742 98
741 98
740 98
739 97
738 97
737 97
736 97
735 97
734 97
733 97
732 97
731 96
730 96
729 96
728 96
727 95
726 95
725 95
724 95
723 95
722 95
721 94
720 94
719 94
718 94
717 93
716 93
715 93
714 93
713 93
712 93
711 93
710 93
709 93
708 93
707 93
706 93
705 93
704 93
703 93
702 93
701 93
700 93
699 93
698 93
697 93
696 93
695 93
694 93
693 93
692 93
691 93
690 93
689 93
688 93
687 93
686 93
685 93
684 93
683 93
682 93
681 93
680 93
679 93
678 93
677 93
676 93
675 92
674 92
673 92
672 92
671 92
670 92
669 91
668 91
667 91
666 91
665 91
664 90
663 90
662 90
661 90
660 90
659 90
658 89
657 89
656 89
655 89
654 89
653 88
652 88
651 88
650 88
649 88
648 88
647 88
646 87
645 87
644 87
643 87
642 86
641 86
640 86
639 86
638 86
637 86
636 85
635 85
634 85
633 85
632 85
631 85
630 85
629 85
628 85
627 84
626 84
625 83
624 83
623 83
622 83
621 82
620 82
619 82
618 81
617 81
616 81
615 80
614 81
613 81
612 81
611 80
610 81
609 81
608 81
607 81
606 81
605 81
604 81
603 81
602 81
601 81
600 81
599 80
598 80
597 80
596 79
595 79
594 79
593 78
592 78
591 78
590 78
589 77
588 77
587 76
586 76
585 75
584 75
583 75
582 75
581 75
580 75
579 75
578 75
577 76
576 76
575 76
574 76
573 76
572 76
571 76
570 76
569 76
568 76
567 76
566 76
565 76
564 76
563 76
562 76
561 76
560 76
559 76
558 76
557 76
556 76
555 76
554 76
553 76
552 76
551 76
550 76
549 76
548 76
547 76
546 76
545 76
544 76
543 76
542 76
541 76
540 76
539 75
538 75
537 75
536 74
535 74
534 74
533 74
532 74
531 74
