214 286
213 287
212 287
211 287
210 287
209 287
208 288
207 288
206 288
205 288
204 288
203 288
202 288
201 288
200 289
199 289
198 289
197 290
196 290
195 290
194 291
193 291
192 291
191 292
190 292
189 293
188 294
187 294
186 295
185 295
184 296
183 296
182 296
181 297
180 297
179 297
178 297
177 297
176 297
175 298
174 298
173 298
172 299
171 299
170 300
169 301
168 301
167 302
166 303
165 303
164 304
163 305
162 306
161 306
160 307
159 307
158 307
157 308
156 308
155 308
154 309
153 309
152 309
151 308
150 308
149 308
148 308
147 308
146 308
145 308
144 309
143 309
142 310
141 311
140 312
139 312
138 312
137 313
136 313
135 313
134 313
133 313
132 313
131 313
130 312
129 312
128 311
127 311
126 310
125 309
124 309
123 309
122 309
121 308
120 308
119 307
118 307
117 307
116 307
115 308
114 308
113 308
112 308
111 308
110 308
109 308
108 309
107 309
106 309
105 309
104 309
103 309
102 309
101 309
100 309
99 309
98 309
97 309
96 309
95 309
94 309
93 309
92 309
91 309
90 309
89 309
88 309
87 309
86 309
85 309
84 309
83 309
82 309
81 309
80 309
79 310
78 310
77 310
76 310
75 310
74 310
73 310
72 311
71 311
70 311
69 312
68 312
67 312
66 313
65 314
64 314
63 315
62 316
61 317
60 318
59 319
58 320
57 321
56 322
55 323
55 324
55 325
54 326
54 327
54 328
53 329
53 330
52 331
51 332
50 333
50 334
50 335
49 336
49 337
48 338
48 339
48 340
48 341
47 342
47 343
47 344
47 345
47 346
46 347
45 348
45 349
45 350
45 351
45 352
45 353
44 354
44 355
44 356
43 357
43 358
43 359
42 360
42 361
42 362
42 363
42 364
42 365
42 366
42 367
42 368
42 369
42 370
42 371
41 372
40 373
40 374
40 375
40 376
39 377
39 378
39 379
40 380
40 381
41 382
42 382
43 383
44 383
45 383
46 384
47 384
48 384
49 385
50 386
51 387
52 388
53 389
54 390
55 391
56 392
57 393
58 394
59 395
60 396
61 397
62 398
63 399
64 400
65 400
66 401
67 401
68 402
69 402
70 403
71 403
72 403
73 404
74 404
75 404
76 405
77 406
78 407
79 407
80 408
81 408
82 409
83 410
84 411
85 411
86 412
87 412
88 413
89 413
90 414
91 415
92 415
93 416
94 417
95 418
96 419
97 420
98 421
99 422
100 422
101 423
102 423
103 424
104 424
105 424
106 424
107 424
108 425
109 425
110 426
111 426
112 426
113 427
114 427
115 428
116 428
117 429
118 430
119 431
120 431
121 432
122 433
123 434
124 435
125 435
126 436
127 437
128 438
129 439
130 440
131 441
132 441
133 442
134 442
135 442
136 442
137 442
138 443
139 443
140 443
141 443
142 444
143 445
144 445
145 446
146 447
147 447
148 448
149 449
150 450
151 450
152 450
153 451
154 451
155 452
156 452
157 452
158 452
159 453
160 453
161 453
162 454
163 454
164 454
165 454
166 454
167 454
168 454
169 454
170 454
171 454
172 454
173 455
174 455
175 455
176 456
177 456
178 456
179 457
180 457
181 457
182 458
183 458
184 459
185 459
186 459
187 459
188 459
189 460
190 460
191 460
192 460
193 460
194 460
195 461
196 461
197 461
198 462
199 462
200 462
201 462
202 462
203 462
204 462
205 462
206 462
207 462
208 462
209 462
210 463
211 463
212 463
213 463
214 463
215 464
216 464
217 465
218 465
219 466
220 466
221 466
222 466
223 467
224 467
225 467
226 467
227 467
228 467
229 467
230 467
231 467
232 467
233 467
234 467
235 468
236 468
237 469
238 469
239 470
240 470
241 470
242 470
243 470
244 470
245 470
246 470
247 470
248 470
249 470
250 470
251 470
252 469
253 469
254 469
255 468
256 468
257 468
258 468
259 468
260 469
261 469
262 469
263 470
264 470
265 471
266 471
267 472
268 472
269 472
270 472
271 472
272 472
273 473
274 473
275 473
276 473
277 473
278 473
279 473
280 473
281 473
282 473
283 473
284 473
285 473
286 473
287 473
288 473
289 473
290 473
291 474
292 474
293 474
294 474
295 474
296 474
297 474
298 474
299 474
300 474
301 474
302 474
303 474
304 474
305 474
306 474
307 474
308 474
309 474
310 474
311 474
312 474
313 475
314 475
315 474
316 474
317 474
318 474
319 473
320 473
321 473
322 472
323 472
324 471
325 471
326 471
327 471
328 471
329 470
330 470
331 470
332 471
333 471
334 471
335 471
336 471
337 471
338 471
339 472
340 472
341 473
342 473
343 473
344 473
345 473
346 474
347 474
348 474
349 474
350 474
351 475
352 475
353 475
354 475
355 475
356 475
357 475
358 475
359 476
360 476
361 476
362 476
363 476
364 476
365 476
366 476
367 476
368 475
369 475
370 475
371 475
372 475
373 475
374 475
375 475
376 475
377 475
378 475
379 475
380 475
381 475
382 475
383 475
384 475
385 475
386 475
387 475
388 475
389 475
390 476
391 476
392 476
393 476
394 476
395 476
396 476
397 476
398 476
399 476
400 476
401 476
402 476
403 476
404 476
405 476
406 476
407 476
408 476
409 476
410 476
411 476
412 476
413 476
414 476
415 476
416 476
417 476
418 476
419 476
420 476
421 476
422 476
423 477
424 477
425 477
426 477
427 477
428 477
429 477
430 476
431 476
432 476
433 476
434 476
435 476
436 476
437 476
438 476
439 476
440 476
441 476
442 476
443 476
444 476
445 475
446 475
447 475
448 475
449 474
450 474
451 474
452 474
453 474
454 474
455 474
456 474
457 474
458 474
459 474
460 474
461 474
462 474
463 473
464 473
465 473
466 473
467 473
468 473
469 473
470 473
471 472
472 472
473 472
474 472
475 472
476 472
477 472
478 472
479 471
480 471
481 471
482 471
483 471
484 471
485 471
486 470
487 470
488 469
489 469
490 468
491 467
492 466
493 465
494 464
495 463
496 462
497 462
498 462
499 462
500 462
501 462
502 462
503 463
504 463
505 463
506 464
507 464
508 464
509 465
510 465
511 465
512 465
513 465
514 465
515 465
516 465
517 465
518 466
519 466
520 466
521 465
522 465
523 465
524 465
525 465
526 465
527 465
528 464
529 464
530 464
531 464
532 464
533 464
534 463
535 463
536 463
537 463
538 463
539 463
540 463
541 462
542 462
543 462
544 462
545 462
546 462
547 461
548 461
549 461
550 460
551 460
552 460
553 460
554 460
555 460
556 460
557 460
558 460
559 460
560 460
561 460
562 460
563 460
564 460
565 460
566 460
567 460
568 460
569 460
570 460
571 460
572 460
573 460
574 459
575 459
576 459
577 459
578 459
579 459
580 459
581 459
582 459
583 459
584 458
585 458
586 458
587 458
588 457
589 457
590 457
591 457
592 457
593 456
594 456
595 456
596 456
597 455
598 455
599 455
600 455
601 455
602 455
603 455
604 455
605 455
606 455
607 455
608 455
609 455
610 454
611 454
612 454
613 454
614 454
615 454
616 454
617 454
618 454
619 454
620 454
621 454
622 454
623 454
624 454
625 454
626 453
627 453
628 453
629 453
630 453
631 452
632 452
633 452
634 452
635 451
636 450
637 449
638 448
639 447
640 447
641 446
642 445
643 445
644 445
645 445
646 445
647 445
648 445
649 445
650 445
651 445
652 445
653 445
654 445
655 445
656 445
657 445
658 446
659 446
660 446
661 447
662 447
663 447
664 447
665 447
666 447
667 447
668 446
669 446
670 446
671 445
672 445
673 445
674 444
675 444
676 444
677 443
678 443
679 443
680 443
681 442
682 442
683 441
684 441
685 441
686 441
687 440
688 440
689 440
690 440
691 439
692 439
693 439
694 439
695 439
696 438
697 438
698 438
699 437
700 437
701 437
702 436
703 436
704 436
705 436
706 436
707 435
708 435
709 435
710 435
711 435
712 435
713 435
714 435
715 435
716 435
717 435
718 435
719 435
720 435
721 435
722 435
723 434
724 434
725 434
726 433
727 433
728 432
729 432
730 431
731 431
732 430
733 430
734 429
735 429
736 428
737 428
738 427
739 426
740 426
741 425
742 424
743 424
744 423
745 423
746 422
747 421
748 421
749 420
750 419
751 418
752 417
753 417
754 416
755 415
756 414
757 414
758 413
759 412
760 412
761 411
762 411
763 410
764 409
765 409
766 408
767 408
768 407
769 406
770 406
771 405
772 405
773 404
774 404
775 403
776 402
777 402
778 401
779 400
780 399
781 398
782 397
782 396
783 395
783 394
783 393
783 392
783 391
783 390
783 389
783 388
784 387
785 386
785 385
785 384
785 383
785 382
785 381
785 380
785 379
785 378
785 377
785 376
785 375
785 374
785 373
785 372
786 371
786 370
786 369
787 368
787 367
787 366
787 365
787 364
787 363
787 362
787 361
787 360
787 359
786 358
786 357
786 356
786 355
786 354
786 353
785 352
785 351
785 350
785 349
784 348
784 347
784 346
783 345
783 344
783 343
782 342
781 341
781 340
780 339
779 338
779 337
778 336
777 335
776 334
776 333
775 332
774 331
773 330
772 330
771 329
770 329
769 329
768 329
767 329
766 328
765 328
764 328
763 327
762 327
761 326
760 326
759 325
758 325
757 324
756 323
755 323
754 322
753 322
752 321
751 321
750 320
749 320
748 320
747 319
746 319
745 319
744 319
743 319
742 319
741 318
740 318
739 318
738 317
737 317
736 317
735 317
734 317
733 317
732 317
731 317
730 317
729 317
728 317
727 317
726 317
725 318
724 318
723 318
722 318
721 318
720 318
719 317
718 316
717 315
716 314
715 314
714 313
713 313
712 313
711 312
710 312
709 312
708 312
707 312
706 312
705 312
704 312
703 312
702 311
701 311
700 311
699 311
698 311
697 311
696 311
695 311
694 310
693 310
692 310
691 310
690 310
689 310
688 309
687 309
686 309
685 309
684 309
683 309
682 309
681 309
680 309
679 309
678 309
677 309
676 309
675 309
674 309
673 309
672 309
671 309
670 309
669 309
668 309
667 309
666 310
665 310
664 310
663 310
662 310
661 310
660 310
659 310
658 310
657 310
656 310
655 310
654 310
653 310
652 310
651 310
650 309
649 309
648 309
647 309
646 309
645 309
644 309
643 309
642 309
641 309
640 309
639 309
638 309
637 309
636 309
635 309
634 309
633 309
632 309
631 309
630 309
629 309
628 309
627 309
626 309
625 309
624 309
623 309
622 309
621 309
620 309
619 309
618 309
617 309
616 309
615 309
614 309
613 309
612 309
611 309
610 309
609 309
608 309
607 309
606 309
605 309
604 309
603 309
602 309
601 309
600 310
599 310
598 310
597 310
596 310
595 310
594 310
593 310
592 310
591 310
590 310
589 310
588 310
587 311
586 311
585 311
584 311
583 311
582 311
581 311
580 312
579 312
578 312
577 312
576 312
575 312
574 312
573 312
572 312
571 312
570 312
569 312
568 312
567 313
566 313
565 313
564 313
563 313
562 313
561 313
560 313
559 313
558 313
557 313
556 313
555 313
554 313
553 313
552 313
551 313
550 313
549 313
548 313
547 313
546 313
545 313
544 313
543 313
542 313
541 313
540 313
539 313
538 313
537 313
536 314
535 314
534 314
533 315
532 315
531 315
530 315
529 315
528 316
527 316
526 316
525 316
524 316
523 316
522 316
521 316
520 316
519 316
518 316
517 316
516 316
515 316
514 316
513 316
512 316
511 316
510 316
509 315
508 315
507 315
506 315
505 315
504 315
503 315
502 315
501 315
500 315
499 315
498 315
497 315
496 315
495 315
494 315
493 314
492 314
491 314
490 313
489 313
488 313
487 313
486 313
485 313
484 313
483 313
482 312
481 312
480 312
479 312
478 312
477 312
476 311
475 311
474 311
473 311
472 311
471 311
470 311
469 311
468 311
467 311
466 311
465 310
464 310
463 310
462 310
461 310
460 310
459 310
458 310
457 310
456 309
455 309
454 309
453 309
452 309
451 309
450 309
449 309
448 309
447 309
446 309
445 309
444 309
443 309
442 309
441 309
440 309
439 309
438 309
437 309
436 309
435 309
434 309
433 309
432 309
431 309
430 309
429 309
428 309
427 309
426 309
425 309
424 309
423 309
422 309
421 309
420 309
419 309
418 309
417 309
416 309
415 309
414 309
413 309
412 309
411 309
410 309
409 309
408 310
407 310
406 310
405 310
404 310
403 310
402 310
401 310
400 310
399 310
398 310
397 310
396 310
395 310
394 310
393 310
392 310
391 311
390 311
389 311
388 311
387 311
386 311
385 311
384 311
383 312
382 312
381 312
380 312
379 312
378 312
377 312
376 312
375 312
374 312
373 312
372 312
371 312
370 312
369 312
368 312
367 312
366 312
365 312
364 312
363 312
362 312
361 312
360 312
359 312
358 312
357 312
356 312
355 312
354 312
353 312
352 312
351 312
350 312
349 312
348 312
347 312
346 312
345 312
344 312
343 312
342 312
341 311
340 311
339 311
338 310
337 310
336 310
335 310
334 310
333 310
332 310
331 310
330 309
329 309
328 309
327 309
326 309
325 309
324 309
323 308
322 308
321 307
320 307
319 307
318 307
317 307
316 307
315 307
314 306
313 306
312 306
311 306
310 306
309 306
308 306
307 306
306 305
305 305
304 304
303 304
302 303
301 303
300 302
299 302
298 302
297 302
296 301
295 301
294 301
293 301
292 301
291 301
290 301
289 300
288 300
287 300
286 300
285 300
284 300
283 300
282 300
281 300
280 300
279 299
278 299
277 299
276 299
275 298
274 298
273 297
272 297
271 297
270 297
269 296
268 295
267 295
266 294
265 294
264 294
263 294
262 293
261 293
260 293
259 292
258 292
257 292
256 292
255 291
254 291
253 291
252 290
251 290
250 290
249 289
248 289
247 289
246 289
245 288
244 288
243 288
242 288
241 288
240 288
239 287
238 287
237 287
236 287
235 287
234 287
233 287
232 287
231 287
230 287
229 287
228 286
227 286
226 286
225 286
224 286
223 286
222 286
221 286
220 286
219 286
218 286
217 286
216 286
215 286
214 286
