353 551
352 552
351 552
350 552
349 552
348 552
347 553
346 553
345 553
344 553
343 553
342 553
341 553
340 553
339 553
338 553
337 553
336 553
335 553
334 553
333 553
332 553
331 553
330 553
329 553
328 553
327 553
326 553
325 553
324 553
323 553
322 553
321 553
320 553
319 553
318 553
317 553
316 553
315 553
314 554
313 554
312 554
311 554
310 554
309 554
308 555
307 555
306 555
305 555
304 556
303 556
302 556
301 556
300 556
299 556
298 556
297 556
296 556
295 556
294 556
293 556
292 556
291 556
290 556
289 556
288 556
287 556
286 556
285 555
284 555
283 555
282 555
281 555
280 555
279 555
278 555
277 555
276 555
275 554
274 555
273 555
272 555
271 555
270 555
269 555
268 555
267 555
266 556
265 556
264 556
263 556
262 556
261 556
260 556
259 556
258 556
257 556
256 556
255 557
254 557
253 557
252 557
251 558
250 558
249 558
248 558
247 558
246 558
245 558
244 558
243 558
242 558
241 558
240 558
239 558
238 558
237 558
236 558
235 558
234 558
233 558
232 558
231 558
230 558
229 558
228 558
227 558
226 558
225 558
224 558
223 558
222 558
221 558
220 558
219 558
218 558
217 558
216 558
215 558
214 558
213 558
212 558
211 558
210 558
209 558
208 558
207 558
206 558
205 558
204 558
203 558
202 558
201 558
200 558
199 558
198 558
197 558
196 558
195 558
194 558
193 558
192 559
191 559
190 559
189 560
188 560
187 560
186 560
185 560
184 560
183 560
182 560
181 560
180 560
179 560
178 560
177 560
176 560
175 560
174 560
173 560
172 560
171 560
170 560
169 560
168 560
167 560
166 560
165 560
164 560
163 560
162 560
161 560
160 560
159 560
158 560
157 560
156 560
155 559
154 559
153 559
152 559
151 559
150 559
149 559
148 559
147 559
146 558
145 558
144 558
143 558
142 558
141 558
140 558
139 558
138 558
137 558
136 559
135 559
134 560
133 560
132 560
131 561
130 561
129 562
128 562
127 563
126 563
125 564
124 564
123 565
122 565
121 566
120 567
119 567
118 568
117 568
116 569
115 570
114 571
113 572
112 573
111 574
110 575
109 576
108 577
107 578
106 579
105 580
104 580
103 581
102 582
101 583
100 584
99 585
98 586
97 587
96 588
95 589
94 590
93 591
92 592
91 593
90 594
89 595
88 596
87 597
86 598
85 599
84 600
83 601
82 602
81 603
80 604
79 605
78 606
77 607
76 607
75 608
74 609
73 610
72 611
71 612
70 613
69 614
68 615
67 616
66 617
65 617
64 618
63 619
62 620
61 621
60 622
59 623
58 624
57 625
56 626
55 626
54 627
53 628
52 629
51 630
50 631
49 632
48 633
48 634
47 635
46 636
45 637
44 638
43 639
42 640
41 641
40 642
39 643
39 644
38 645
37 646
37 647
36 648
35 649
35 650
34 651
34 652
34 653
34 654
34 655
34 656
35 657
35 658
35 659
36 660
36 661
37 662
38 663
39 664
40 664
41 665
42 665
43 666
44 666
45 667
46 667
47 668
48 668
49 669
50 669
51 669
52 669
53 669
54 670
55 670
56 670
57 670
58 670
59 671
60 671
61 671
62 672
63 672
64 673
65 674
66 674
67 674
68 675
69 675
70 676
71 676
72 676
73 677
74 677
75 678
76 678
77 678
78 678
79 678
80 678
81 678
82 678
83 677
84 678
85 678
86 679
87 679
88 680
89 680
90 680
91 680
92 681
93 681
94 681
95 681
96 681
97 681
98 681
99 681
100 680
101 680
102 680
103 680
104 680
105 680
106 681
107 681
108 681
109 681
110 681
111 681
112 681
113 681
114 681
115 682
116 682
117 682
118 682
119 682
120 682
121 682
122 682
123 682
124 682
125 682
126 682
127 682
128 682
129 682
130 682
131 682
132 682
133 682
134 682
135 682
136 682
137 682
138 682
139 682
140 682
141 682
142 682
143 682
144 682
145 682
146 682
147 682
148 682
149 682
150 682
151 682
152 682
153 682
154 682
155 682
156 682
157 682
158 682
159 681
160 681
161 681
162 681
163 681
164 681
165 681
166 682
167 682
168 683
169 683
170 684
171 684
172 684
173 685
174 685
175 685
176 685
177 686
178 686
179 686
180 687
181 687
182 687
183 687
184 687
185 687
186 687
187 687
188 687
189 687
190 687
191 687
192 687
193 687
194 687
195 687
196 687
197 687
198 688
199 688
200 688
201 688
202 688
203 688
204 688
205 688
206 688
207 689
208 689
209 689
210 689
211 689
212 689
213 689
214 689
215 689
216 690
217 690
218 690
219 690
220 690
221 691
222 691
223 691
224 692
225 692
226 692
227 693
228 693
229 693
230 693
231 693
232 694
233 694
234 694
235 695
236 695
237 695
238 695
239 696
240 696
241 696
242 697
243 697
244 697
245 698
246 698
247 698
248 699
249 699
250 699
251 699
252 700
253 700
254 700
255 700
256 700
257 700
258 700
259 701
260 701
261 701
262 701
263 701
264 702
265 702
266 702
267 702
268 702
269 702
270 703
271 703
272 703
273 703
274 703
275 703
276 703
277 703
278 704
279 704
280 704
281 704
282 704
283 704
284 705
285 705
286 705
287 705
288 705
289 705
290 705
291 705
292 706
293 706
294 706
295 706
296 706
297 706
298 706
299 706
300 706
301 706
302 706
303 706
304 705
305 705
306 705
307 705
308 705
309 705
310 705
311 705
312 706
313 706
314 706
315 706
316 706
317 706
318 706
319 706
320 706
321 706
322 706
323 706
324 706
325 706
326 706
327 707
328 707
329 707
330 708
331 708
332 708
333 707
334 708
335 708
336 708
337 708
338 708
339 708
340 708
341 708
342 708
343 708
344 708
345 708
346 709
347 709
348 709
349 709
350 709
351 709
352 709
353 709
354 709
355 709
356 709
357 709
358 709
359 709
360 709
361 709
362 709
363 709
364 710
365 710
366 710
367 710
368 710
369 710
370 710
371 710
372 710
373 711
374 711
375 711
376 711
377 711
378 711
379 712
380 712
381 712
382 712
383 712
384 712
385 711
386 711
387 711
388 711
389 711
390 711
391 711
392 711
393 712
394 712
395 712
396 712
397 712
398 713
399 713
400 713
401 713
402 713
403 713
404 713
405 713
406 713
407 714
408 714
409 714
410 714
411 714
412 714
413 714
414 714
415 714
416 714
417 714
418 714
419 714
420 714
421 714
422 714
423 714
424 715
425 715
426 715
427 715
428 715
429 715
430 715
431 716
432 716
433 716
434 716
435 716
436 716
437 716
438 716
439 716
440 716
441 716
442 716
443 716
444 716
445 716
446 716
447 716
448 716
449 716
450 716
451 716
452 716
453 716
454 716
455 716
456 716
457 716
458 715
459 715
460 715
461 715
462 715
463 715
464 715
465 715
466 715
467 715
468 715
469 715
470 715
471 715
472 715
473 715
474 715
475 715
476 714
477 714
478 714
479 714
480 714
481 714
482 714
483 714
484 714
485 714
486 714
487 714
488 714
489 714
490 714
491 714
492 715
493 715
494 715
495 715
496 715
497 715
498 715
499 715
500 715
501 715
502 715
503 715
504 715
505 715
506 715
507 715
508 715
509 715
510 715
511 715
512 715
513 714
514 714
515 714
516 714
517 714
518 714
519 714
520 715
521 715
522 715
523 715
524 716
525 716
526 716
527 716
528 716
529 716
530 716
531 716
532 716
533 717
534 717
535 717
536 717
537 717
538 717
539 717
540 717
541 717
542 717
543 718
544 718
545 718
546 718
547 718
548 718
549 719
550 719
551 719
552 719
553 719
554 719
555 719
556 720
557 720
558 720
559 720
560 720
561 720
562 720
563 720
564 720
565 720
566 720
567 720
568 720
569 720
570 720
571 720
572 720
573 721
574 721
575 721
576 721
577 721
578 721
579 721
580 721
581 721
582 721
583 721
584 721
585 721
586 721
587 721
588 721
589 721
590 721
591 722
592 722
593 722
594 722
595 722
596 722
597 722
598 722
599 722
600 722
601 722
602 722
603 722
604 722
605 722
606 722
607 722
608 722
609 722
610 722
611 722
612 721
613 721
614 721
615 721
616 721
617 721
618 721
619 720
620 720
621 720
622 720
623 720
624 720
625 720
626 720
627 720
628 720
629 720
630 720
631 719
632 719
633 719
634 719
635 719
636 719
637 718
638 718
639 718
640 718
641 718
642 717
643 717
644 717
645 717
646 717
647 717
648 717
649 717
650 717
651 717
652 717
653 717
654 717
655 717
656 717
657 717
658 717
659 717
660 717
661 717
662 717
663 716
664 716
665 716
666 716
667 716
668 716
669 716
670 716
671 716
672 716
673 715
674 715
675 715
676 715
677 715
678 715
679 715
680 715
681 714
682 714
683 714
684 714
685 714
686 714
687 714
688 715
689 715
690 715
691 715
692 715
693 715
694 715
695 715
696 715
697 715
698 715
699 715
700 715
701 715
702 715
703 715
704 714
705 714
706 714
707 714
708 714
709 713
710 713
711 712
712 712
713 711
714 711
715 710
716 710
717 709
718 709
719 708
720 708
721 707
722 706
723 706
724 705
725 704
726 704
727 703
727 702
728 701
729 700
730 699
730 698
731 697
731 696
732 695
733 694
734 693
735 692
736 691
737 690
738 689
739 689
740 688
741 687
741 686
742 685
743 684
744 684
745 683
746 683
747 682
748 681
749 680
750 679
750 678
751 677
751 676
752 675
753 674
754 673
754 672
755 671
755 670
756 669
756 668
757 667
758 666
759 665
759 664
759 663
760 662
760 661
761 660
761 659
762 658
762 657
763 656
763 655
764 654
764 653
765 652
766 651
767 650
768 649
769 648
769 647
770 646
770 645
771 644
771 643
772 642
773 641
773 640
774 639
774 638
774 637
774 636
775 635
775 634
775 633
775 632
776 631
776 630
776 629
776 628
776 627
777 626
777 625
777 624
778 623
778 622
778 621
779 620
779 619
780 618
780 617
780 616
781 615
781 614
781 613
781 612
781 611
781 610
781 609
782 608
782 607
782 606
782 605
782 604
782 603
782 602
781 601
781 600
781 599
781 598
780 597
780 596
780 595
780 594
779 593
779 592
778 591
777 590
776 589
775 588
774 587
773 586
772 586
771 585
770 585
769 584
768 584
767 584
766 584
765 583
764 583
763 583
762 583
761 582
760 582
759 582
758 581
757 581
756 580
755 580
754 580
753 580
752 580
751 580
750 579
749 579
748 579
747 579
746 578
745 578
744 578
743 578
742 577
741 577
740 577
739 577
738 577
737 576
736 576
735 576
734 575
733 575
732 575
731 575
730 575
729 574
728 574
727 574
726 574
725 573
724 573
723 573
722 572
721 572
720 572
719 572
718 571
717 571
716 571
715 570
714 570
713 570
712 570
711 569
710 569
709 569
708 569
707 568
706 568
705 568
704 567
703 567
702 567
701 567
700 567
699 567
698 567
697 566
696 566
695 566
694 566
693 566
692 566
691 565
690 565
689 565
688 565
687 564
686 564
685 564
684 564
683 564
682 564
681 564
680 564
679 564
678 564
677 563
676 563
675 563
674 563
673 563
672 563
671 563
670 563
669 562
668 562
667 562
666 562
665 562
664 562
663 562
662 562
661 562
660 562
659 562
658 562
657 562
656 562
655 562
654 561
653 561
652 561
651 561
650 561
649 561
648 561
647 561
646 561
645 561
644 561
643 561
642 561
641 561
640 561
639 561
638 561
637 561
636 561
635 561
634 561
633 561
632 561
631 561
630 561
629 561
628 561
627 561
626 561
625 561
624 561
623 561
622 561
621 561
620 561
619 561
618 561
617 561
616 561
615 561
614 561
613 561
612 561
611 561
610 560
609 560
608 560
607 560
606 560
605 560
604 560
603 560
602 560
601 560
600 560
599 561
598 561
597 561
596 561
595 561
594 561
593 561
592 561
591 561
590 561
589 561
588 561
587 562
586 562
585 562
584 562
583 562
582 563
581 563
580 563
579 563
578 563
577 563
576 563
575 563
574 563
573 563
572 563
571 564
570 564
569 564
568 564
567 564
566 564
565 564
564 564
563 564
562 564
561 564
560 564
559 564
558 564
557 564
556 564
555 564
554 564
553 564
552 564
551 564
550 564
549 564
548 565
547 565
546 565
545 565
544 565
543 565
542 565
541 565
540 565
539 565
538 565
537 565
536 565
535 565
534 565
533 565
532 565
531 565
530 565
529 565
528 566
527 566
526 566
525 566
524 566
523 566
522 566
521 566
520 566
519 566
518 566
517 566
516 566
515 566
514 566
513 566
512 566
511 566
510 566
509 566
508 566
507 566
506 566
505 566
504 566
503 566
502 566
501 566
500 566
499 566
498 566
497 566
496 566
495 566
494 566
493 566
492 566
491 566
490 566
489 566
488 566
487 566
486 565
485 565
484 565
483 565
482 564
481 564
480 564
479 564
478 564
477 564
476 564
475 564
474 564
473 564
472 564
471 564
470 564
469 564
468 564
467 564
466 564
465 563
464 563
463 563
462 563
461 562
460 562
459 562
458 562
457 562
456 562
455 561
454 561
453 561
452 561
451 561
450 561
449 561
448 560
447 560
446 560
445 560
444 559
443 559
442 559
441 559
440 559
439 559
438 559
437 559
436 559
435 559
434 558
433 558
432 558
431 558
430 557
429 558
428 558
427 557
426 557
425 557
424 557
423 556
422 556
421 556
420 556
419 556
418 556
417 556
416 555
415 555
414 555
413 555
412 554
411 554
410 554
409 554
408 554
407 554
406 554
405 554
404 554
403 554
402 553
401 553
400 553
399 553
398 552
397 552
396 552
395 551
394 551
393 551
392 551
391 551
390 551
389 551
388 551
387 551
386 551
385 551
384 551
383 551
382 551
381 552
380 552
379 552
378 552
377 552
376 552
375 552
374 552
373 552
372 552
371 552
370 552
369 552
368 551
367 551
366 551
365 551
364 551
363 551
362 551
361 551
360 551
359 551
358 551
357 551
356 551
355 551
354 551
353 551
