434 797
433 798
432 798
431 798
430 798
429 798
428 798
427 798
426 798
425 798
424 798
423 798
422 798
421 798
420 798
419 798
418 798
417 798
416 798
415 798
414 798
413 798
412 798
411 798
410 798
409 798
408 798
407 798
406 798
405 798
404 798
403 798
402 799
401 798
400 798
399 799
398 799
397 799
396 799
395 799
394 799
393 799
392 799
391 799
390 799
389 799
388 799
387 799
386 799
385 799
384 799
383 799
382 799
381 799
380 799
379 799
378 799
377 799
376 800
375 800
374 800
373 800
372 800
371 801
370 801
369 801
368 802
367 802
366 802
365 802
364 802
363 802
362 802
361 802
360 802
359 802
358 802
357 802
356 802
355 802
354 802
353 802
352 802
351 802
350 802
349 802
348 802
347 802
346 803
345 803
344 803
343 803
342 803
341 803
340 803
339 803
338 803
337 803
336 803
335 803
334 803
333 803
332 803
331 803
330 803
329 803
328 803
327 803
326 803
325 803
324 803
323 803
322 803
321 803
320 803
319 803
318 803
317 803
316 803
315 803
314 803
313 803
312 802
311 802
310 802
309 802
308 802
307 802
306 802
305 802
304 802
303 802
302 802
301 802
300 802
299 802
298 802
297 802
296 802
295 801
294 801
293 801
292 801
291 801
290 801
289 801
288 801
287 801
286 801
285 801
284 801
283 801
282 801
281 801
280 802
279 802
278 802
277 802
276 802
275 802
274 802
273 803
272 803
271 803
270 803
269 803
268 803
267 803
266 803
265 804
264 804
263 804
262 804
261 804
260 804
259 805
258 805
257 805
256 805
255 805
254 805
253 805
252 805
251 805
250 805
249 805
248 805
247 805
246 805
245 805
244 805
243 805
242 805
241 805
240 805
239 805
238 805
237 805
236 805
235 805
234 805
233 806
232 806
231 806
230 806
229 806
228 806
227 806
226 807
225 807
224 807
223 807
222 807
221 807
220 807
219 807
218 807
217 807
216 807
215 808
214 808
213 808
212 808
211 808
210 808
209 808
208 808
207 808
206 808
205 808
204 808
203 808
202 809
201 809
200 810
199 810
198 810
197 810
196 810
195 811
194 811
193 811
192 811
191 811
190 811
189 812
188 812
187 812
186 812
185 812
184 812
183 812
182 813
181 813
180 813
179 813
178 813
177 813
176 813
175 814
174 814
173 814
172 814
171 814
170 814
169 814
168 814
167 814
166 814
165 815
164 815
163 815
162 815
161 815
160 816
159 816
158 816
157 816
156 816
155 816
154 816
153 817
152 817
151 817
150 817
149 817
148 817
147 817
146 817
145 818
144 818
143 818
142 819
141 819
140 819
139 819
138 819
137 820
136 820
135 820
134 820
133 820
132 820
131 821
130 821
129 821
128 821
127 822
126 822
125 823
124 823
123 823
122 823
121 823
120 823
119 823
118 824
117 824
116 825
115 826
114 827
113 827
112 828
111 828
110 829
109 829
108 830
107 831
106 831
105 832
104 832
103 832
102 833
101 833
100 834
99 834
98 835
97 835
96 836
95 837
94 838
93 838
92 839
91 840
90 841
89 841
88 842
87 842
86 843
85 844
84 844
83 845
82 846
81 846
80 847
79 847
78 848
77 848
76 849
75 849
74 850
73 851
72 851
71 852
70 852
69 852
68 853
67 853
66 853
65 854
64 855
63 855
62 856
61 856
60 856
59 857
58 857
57 857
56 857
55 858
54 858
53 858
52 859
51 859
50 860
49 861
48 862
47 862
46 863
45 863
44 864
43 865
42 865
41 866
40 867
39 868
38 869
37 870
37 871
36 872
35 873
34 874
33 875
33 876
32 877
32 878
31 879
31 880
31 881
31 882
31 883
31 884
32 885
32 886
33 887
33 888
34 889
35 890
36 891
37 892
38 893
38 894
39 895
40 896
40 897
41 898
42 899
43 900
44 901
44 902
45 903
46 904
47 905
48 906
48 907
49 908
50 909
50 910
51 911
52 912
52 913
53 914
54 915
55 916
56 917
57 918
58 919
59 919
60 920
61 920
62 920
63 921
64 921
65 921
66 921
67 921
68 922
69 922
70 922
71 922
72 923
73 923
74 923
75 923
76 923
77 923
78 923
79 923
80 923
81 923
82 923
83 923
84 923
85 922
86 922
87 922
88 921
89 921
90 921
91 921
92 921
93 921
94 921
95 921
96 921
97 921
98 921
99 921
100 921
101 922
102 922
103 923
104 923
105 923
106 924
107 924
108 924
109 924
110 924
111 925
112 925
113 926
114 926
115 926
116 926
117 926
118 926
119 926
120 926
121 926
122 926
123 926
124 926
125 926
126 926
127 926
128 926
129 926
130 926
131 926
132 927
133 927
134 927
135 927
136 928
137 928
138 928
139 928
140 928
141 928
142 928
143 928
144 928
145 928
146 928
147 928
148 928
149 928
150 928
151 928
152 928
153 928
154 928
155 928
156 928
157 928
158 928
159 928
160 928
161 928
162 928
163 928
164 928
165 928
166 928
167 928
168 928
169 928
170 928
171 929
172 929
173 929
174 929
175 929
176 929
177 929
178 930
179 930
180 930
181 930
182 930
183 931
184 931
185 931
186 931
187 932
188 932
189 932
190 932
191 932
192 933
193 933
194 933
195 934
196 934
197 935
198 935
199 935
200 936
201 936
202 937
203 937
204 937
205 938
206 938
207 938
208 939
209 939
210 939
211 940
212 941
213 941
214 941
215 942
216 942
217 942
218 943
219 943
220 943
221 944
222 944
223 944
224 944
225 944
226 945
227 945
228 945
229 945
230 946
231 946
232 946
233 947
234 947
235 948
236 948
237 948
238 948
239 948
240 948
241 948
242 948
243 948
244 948
245 948
246 948
247 948
248 948
249 948
250 948
251 948
252 949
253 949
254 949
255 949
256 949
257 949
258 949
259 950
260 950
261 950
262 950
263 950
264 950
265 951
266 951
267 951
268 951
269 951
270 951
271 951
272 951
273 951
274 951
275 951
276 951
277 951
278 951
279 951
280 951
281 951
282 951
283 951
284 951
285 951
286 951
287 951
288 952
289 952
290 952
291 952
292 952
293 952
294 952
295 952
296 952
297 952
298 952
299 952
300 952
301 952
302 952
303 952
304 952
305 952
306 952
307 952
308 952
309 952
310 952
311 952
312 952
313 952
314 952
315 952
316 952
317 952
318 952
319 952
320 952
321 952
322 952
323 953
324 953
325 953
326 953
327 953
328 953
329 953
330 953
331 953
332 953
333 953
334 953
335 953
336 953
337 953
338 953
339 953
340 954
341 954
342 954
343 954
344 954
345 954
346 954
347 954
348 954
349 954
350 954
351 954
352 954
353 954
354 954
355 954
356 954
357 954
358 955
359 955
360 955
361 955
362 955
363 955
364 955
365 955
366 955
367 956
368 956
369 956
370 956
371 956
372 956
373 956
374 957
375 956
376 957
377 957
378 957
379 957
380 957
381 957
382 957
383 957
384 957
385 957
386 957
387 957
388 957
389 957
390 957
391 957
392 957
393 957
394 956
395 956
396 956
397 956
398 956
399 956
400 956
401 955
402 955
403 955
404 955
405 955
406 955
407 955
408 955
409 955
410 955
411 955
412 955
413 955
414 955
415 955
416 954
417 954
418 954
419 954
420 954
421 954
422 954
423 954
424 954
425 954
426 954
427 954
428 954
429 954
430 954
431 954
432 954
433 954
434 954
435 954
436 954
437 954
438 954
439 954
440 954
441 954
442 954
443 954
444 954
445 954
446 954
447 954
448 954
449 954
450 954
451 955
452 955
453 955
454 955
455 955
456 955
457 955
458 955
459 955
460 955
461 955
462 955
463 955
464 955
465 955
466 954
467 954
468 954
469 954
470 954
471 954
472 955
473 955
474 955
475 955
476 955
477 955
478 955
479 955
480 955
481 955
482 955
483 955
484 955
485 955
486 955
487 955
488 955
489 955
490 955
491 955
492 955
493 955
494 955
495 955
496 955
497 954
498 954
499 954
500 954
501 954
502 954
503 954
504 954
505 954
506 954
507 954
508 954
509 954
510 954
511 954
512 954
513 954
514 954
515 954
516 954
517 954
518 954
519 954
520 954
521 953
522 953
523 953
524 953
525 953
526 953
527 953
528 953
529 953
530 953
531 953
532 953
533 953
534 953
535 953
536 954
537 954
538 954
539 955
540 955
541 955
542 955
543 955
544 955
545 955
546 955
547 955
548 955
549 955
550 955
551 955
552 955
553 955
554 955
555 955
556 955
557 955
558 955
559 955
560 955
561 955
562 955
563 955
564 955
565 955
566 955
567 955
568 955
569 955
570 955
571 955
572 955
573 955
574 955
575 955
576 955
577 955
578 955
579 955
580 954
581 954
582 954
583 954
584 954
585 954
586 954
587 954
588 954
589 955
590 955
591 955
592 955
593 955
594 955
595 955
596 955
597 955
598 955
599 955
600 955
601 955
602 955
603 955
604 955
605 956
606 956
607 956
608 956
609 956
610 956
611 956
612 956
613 956
614 956
615 956
616 956
617 956
618 956
619 956
620 956
621 956
622 956
623 956
624 956
625 956
626 956
627 957
628 957
629 957
630 957
631 957
632 956
633 956
634 956
635 956
636 956
637 956
638 956
639 956
640 955
641 955
642 955
643 955
644 955
645 955
646 956
647 956
648 956
649 956
650 956
651 956
652 956
653 956
654 955
655 955
656 955
657 955
658 955
659 955
660 955
661 955
662 955
663 955
664 955
665 955
666 955
667 955
668 954
669 954
670 954
671 953
672 953
673 953
674 953
675 953
676 952
677 952
678 952
679 952
680 951
681 951
682 951
683 950
684 950
685 950
686 950
687 949
688 949
689 949
690 948
691 948
692 948
693 948
694 948
695 948
696 947
697 947
698 947
699 946
700 946
701 945
702 945
703 945
704 945
705 944
706 944
707 943
708 943
709 943
710 942
711 942
712 941
713 941
714 941
715 940
716 939
717 939
718 938
719 938
720 938
721 937
722 937
723 937
724 936
725 936
726 935
727 935
728 934
729 934
730 933
731 932
732 932
733 931
734 930
735 930
736 929
737 929
738 928
739 927
740 927
741 926
742 926
743 926
744 925
745 925
746 924
747 924
748 923
749 923
750 922
751 922
752 921
753 921
754 920
755 920
756 919
757 919
758 918
759 918
760 917
761 917
762 916
763 915
764 914
765 914
766 913
767 913
768 912
769 912
770 911
771 911
772 910
773 909
774 909
775 909
776 908
777 907
777 906
778 905
778 904
778 903
778 902
778 901
778 900
778 899
777 898
777 897
777 896
777 895
777 894
777 893
777 892
777 891
777 890
777 889
777 888
776 887
776 886
776 885
776 884
776 883
776 882
776 881
776 880
776 879
776 878
776 877
776 876
775 875
775 874
775 873
775 872
775 871
775 870
775 869
775 868
775 867
775 866
774 865
774 864
774 863
774 862
773 861
773 860
773 859
773 858
772 857
772 856
771 855
771 854
770 853
769 852
769 851
768 850
767 849
766 848
765 847
764 846
763 845
762 844
761 843
760 843
759 842
758 842
757 841
756 841
755 841
754 841
753 841
752 841
751 841
750 840
749 840
748 840
747 840
746 840
745 840
744 840
743 840
742 840
741 840
740 840
739 839
738 838
737 838
736 837
735 837
734 836
733 836
732 835
731 834
730 833
729 832
728 832
727 831
726 831
725 830
724 829
723 829
722 828
721 828
720 827
719 827
718 826
717 825
716 825
715 824
714 824
713 823
712 823
711 822
710 821
709 821
708 820
707 819
706 819
705 818
704 818
703 818
702 817
701 817
700 817
699 816
698 816
697 815
696 815
695 814
694 814
693 813
692 813
691 813
690 812
689 812
688 812
687 811
686 811
685 811
684 811
683 811
682 811
681 810
680 810
679 809
678 808
677 808
676 807
675 807
674 806
673 806
672 806
671 805
670 805
669 805
668 804
667 804
666 803
665 803
664 803
663 802
662 802
661 801
660 801
659 801
658 800
657 800
656 800
655 800
654 800
653 800
652 800
651 800
650 799
649 799
648 799
647 799
646 799
645 799
644 799
643 799
642 799
641 799
640 799
639 799
638 799
637 799
636 799
635 799
634 799
633 799
632 799
631 799
630 799
629 799
628 799
627 799
626 799
625 799
624 799
623 800
622 800
621 800
620 800
619 800
618 800
617 800
616 800
615 800
614 800
613 800
612 800
611 800
610 800
609 800
608 800
607 800
606 800
605 800
604 800
603 800
602 800
601 800
600 800
599 800
598 800
597 800
596 800
595 800
594 800
593 800
592 800
591 800
590 800
589 801
588 801
587 801
586 801
585 802
584 802
583 802
582 802
581 802
580 802
579 802
578 802
577 802
576 802
575 802
574 802
573 802
572 802
571 802
570 802
569 802
568 802
567 802
566 802
565 802
564 802
563 802
562 802
561 802
560 802
559 802
558 801
557 801
556 801
555 800
554 800
553 800
552 800
551 800
550 800
549 800
548 800
547 800
546 800
545 800
544 800
543 800
542 800
541 800
540 800
539 800
538 800
537 800
536 800
535 800
534 800
533 800
532 800
531 799
530 799
529 799
528 799
527 799
526 799
525 799
524 799
523 799
522 799
521 799
520 799
519 799
518 798
517 798
516 798
515 798
514 797
513 797
512 797
511 797
510 797
509 797
508 797
507 797
506 797
505 797
504 797
503 797
502 797
501 797
500 797
499 797
498 797
497 797
496 797
495 798
494 798
493 798
492 798
491 798
490 798
489 797
488 797
487 797
486 797
485 797
484 797
483 797
482 797
481 797
480 797
479 797
478 798
477 798
476 798
475 798
474 799
473 798
472 798
471 798
470 798
469 798
468 798
467 798
466 798
465 798
464 798
463 798
462 798
461 798
460 798
459 798
458 798
457 798
456 799
455 798
454 798
453 798
452 798
451 797
450 797
449 797
448 797
447 797
446 797
445 797
444 797
443 797
442 797
441 797
440 797
439 797
438 797
437 797
436 797
435 797
434 797
