550 1012
549 1013
548 1013
547 1014
546 1014
545 1014
544 1014
543 1015
542 1015
541 1015
540 1015
539 1015
538 1015
537 1016
536 1016
535 1017
534 1017
533 1017
532 1017
531 1017
530 1018
529 1018
528 1018
527 1019
526 1019
525 1019
524 1019
523 1019
522 1019
521 1020
520 1020
519 1020
518 1020
517 1021
516 1021
515 1021
514 1022
513 1022
512 1022
511 1022
510 1022
509 1022
508 1022
507 1022
506 1022
505 1022
504 1022
503 1022
502 1022
501 1022
500 1022
499 1022
498 1022
497 1022
496 1022
495 1022
494 1021
493 1021
492 1021
491 1021
490 1021
489 1021
488 1021
487 1021
486 1021
485 1021
484 1021
483 1021
482 1021
481 1021
480 1021
479 1021
478 1021
477 1021
476 1021
475 1021
474 1021
473 1021
472 1021
471 1021
470 1021
469 1021
468 1022
467 1022
466 1022
465 1022
464 1022
463 1022
462 1022
461 1022
460 1022
459 1022
458 1022
457 1022
456 1022
455 1021
454 1021
453 1021
452 1021
451 1021
450 1021
449 1021
448 1020
447 1020
446 1020
445 1020
444 1020
443 1020
442 1020
441 1020
440 1020
439 1020
438 1021
437 1021
436 1021
435 1021
434 1022
433 1022
432 1022
431 1022
430 1022
429 1022
428 1022
427 1022
426 1022
425 1022
424 1022
423 1022
422 1022
421 1022
420 1022
419 1022
418 1022
417 1022
416 1022
415 1022
414 1022
413 1022
412 1022
411 1022
410 1022
409 1022
408 1022
407 1022
406 1022
405 1022
404 1022
403 1022
402 1022
401 1022
400 1022
399 1022
398 1023
397 1023
396 1023
395 1024
394 1024
393 1025
392 1025
391 1026
390 1026
389 1027
388 1028
387 1028
386 1029
385 1029
384 1029
383 1030
382 1030
381 1030
380 1031
379 1031
378 1031
377 1032
376 1032
375 1032
374 1032
373 1033
372 1033
371 1033
370 1033
369 1033
368 1033
367 1033
366 1033
365 1033
364 1033
363 1033
362 1033
361 1033
360 1033
359 1033
358 1033
357 1033
356 1033
355 1033
354 1033
353 1033
352 1033
351 1033
350 1034
349 1034
348 1034
347 1034
346 1035
345 1035
344 1035
343 1035
342 1035
341 1035
340 1035
339 1035
338 1035
337 1035
336 1035
335 1035
334 1035
333 1035
332 1035
331 1035
330 1035
329 1035
328 1035
327 1035
326 1035
325 1036
324 1036
323 1036
322 1036
321 1036
320 1037
319 1037
318 1037
317 1038
316 1038
315 1038
314 1038
313 1038
312 1038
311 1039
310 1039
309 1039
308 1039
307 1039
306 1039
305 1039
304 1039
303 1039
302 1039
301 1039
300 1039
299 1039
298 1039
297 1039
296 1039
295 1038
294 1038
293 1038
292 1038
291 1038
290 1038
289 1038
288 1038
287 1038
286 1038
285 1038
284 1038
283 1039
282 1039
281 1039
280 1040
279 1040
278 1041
277 1041
276 1042
275 1042
274 1042
273 1043
272 1043
271 1043
270 1043
269 1044
268 1044
267 1044
266 1045
265 1045
264 1045
263 1045
262 1045
261 1045
260 1045
259 1045
258 1045
257 1045
256 1045
255 1045
254 1045
253 1045
252 1045
251 1045
250 1045
249 1045
248 1045
247 1045
246 1045
245 1045
244 1044
243 1044
242 1044
241 1044
240 1044
239 1044
238 1044
237 1044
236 1044
235 1044
234 1044
233 1044
232 1044
231 1044
230 1044
229 1044
228 1044
227 1044
226 1044
225 1044
224 1045
223 1045
222 1046
221 1046
220 1046
219 1046
218 1046
217 1046
216 1046
215 1046
214 1046
213 1046
212 1046
211 1046
210 1046
209 1046
208 1046
207 1046
206 1046
205 1046
204 1046
203 1046
202 1046
201 1046
200 1046
199 1046
198 1046
197 1046
196 1046
195 1046
194 1046
193 1046
192 1046
191 1046
190 1046
189 1046
188 1046
187 1046
186 1046
185 1046
184 1046
183 1046
182 1046
181 1046
180 1046
179 1046
178 1046
177 1046
176 1046
175 1046
174 1046
173 1046
172 1046
171 1046
170 1046
169 1046
168 1046
167 1046
166 1045
165 1045
164 1045
163 1044
162 1044
161 1044
160 1044
159 1044
158 1044
157 1044
156 1044
155 1044
154 1044
153 1044
152 1044
151 1044
150 1045
149 1045
148 1045
147 1046
146 1046
145 1046
144 1046
143 1047
142 1047
141 1048
140 1049
139 1049
138 1050
137 1050
136 1051
135 1051
134 1052
133 1052
132 1053
131 1053
130 1053
129 1053
128 1054
127 1054
126 1054
125 1054
124 1054
123 1054
122 1055
121 1055
120 1055
119 1055
118 1055
117 1056
116 1056
115 1056
114 1057
113 1057
112 1057
111 1058
110 1058
109 1058
108 1059
107 1059
106 1059
105 1060
104 1060
103 1061
102 1061
101 1061
100 1061
99 1062
98 1062
97 1062
96 1063
95 1063
94 1063
93 1064
92 1064
91 1064
90 1065
89 1065
88 1065
87 1066
86 1066
85 1066
84 1067
83 1067
82 1067
81 1067
80 1067
79 1068
78 1068
77 1069
76 1069
75 1070
74 1070
73 1071
72 1072
71 1073
70 1074
69 1075
68 1076
67 1077
66 1078
65 1079
64 1080
63 1081
62 1082
61 1083
60 1084
59 1085
58 1086
58 1087
57 1088
56 1089
55 1090
55 1091
54 1092
53 1093
53 1094
52 1095
52 1096
51 1097
50 1098
50 1099
49 1100
48 1101
48 1102
47 1103
46 1104
45 1105
45 1106
44 1107
44 1108
43 1109
42 1110
42 1111
42 1112
41 1113
40 1114
40 1115
40 1116
39 1117
38 1118
38 1119
37 1120
36 1121
36 1122
35 1123
34 1124
34 1125
34 1126
33 1127
33 1128
33 1129
33 1130
33 1131
33 1132
33 1133
33 1134
34 1135
34 1136
35 1137
35 1138
36 1139
36 1140
37 1141
38 1142
39 1143
40 1144
41 1145
42 1146
43 1147
44 1147
45 1148
46 1148
47 1148
48 1149
49 1149
50 1149
51 1149
52 1150
53 1150
54 1151
55 1151
56 1152
57 1152
58 1153
59 1154
60 1154
61 1155
62 1156
63 1156
64 1157
65 1157
66 1158
67 1158
68 1159
69 1159
70 1160
71 1160
72 1161
73 1161
74 1162
75 1163
76 1163
77 1164
78 1164
79 1165
80 1165
81 1166
82 1166
83 1167
84 1167
85 1167
86 1167
87 1167
88 1167
89 1167
90 1167
91 1167
92 1167
93 1167
94 1167
95 1167
96 1167
97 1167
98 1167
99 1167
100 1167
101 1167
102 1167
103 1167
104 1167
105 1167
106 1167
107 1167
108 1167
109 1167
110 1167
111 1168
112 1168
113 1168
114 1168
115 1169
116 1169
117 1169
118 1169
119 1169
120 1169
121 1170
122 1170
123 1170
124 1170
125 1170
126 1170
127 1170
128 1170
129 1170
130 1170
131 1169
132 1169
133 1169
134 1169
135 1170
136 1170
137 1170
138 1170
139 1170
140 1171
141 1171
142 1171
143 1172
144 1172
145 1172
146 1173
147 1173
148 1173
149 1173
150 1173
151 1173
152 1173
153 1173
154 1173
155 1173
156 1173
157 1173
158 1173
159 1173
160 1173
161 1173
162 1173
163 1173
164 1173
165 1173
166 1173
167 1173
168 1173
169 1173
170 1173
171 1173
172 1173
173 1173
174 1173
175 1173
176 1173
177 1173
178 1173
179 1173
180 1173
181 1173
182 1173
183 1173
184 1173
185 1174
186 1174
187 1174
188 1174
189 1174
190 1174
191 1174
192 1174
193 1174
194 1174
195 1174
196 1174
197 1175
198 1175
199 1175
200 1175
201 1175
202 1175
203 1175
204 1175
205 1175
206 1175
207 1175
208 1175
209 1175
210 1175
211 1175
212 1174
213 1174
214 1174
215 1174
216 1174
217 1174
218 1174
219 1174
220 1174
221 1175
222 1175
223 1175
224 1175
225 1175
226 1175
227 1175
228 1175
229 1175
230 1175
231 1175
232 1175
233 1175
234 1175
235 1175
236 1175
237 1175
238 1175
239 1175
240 1175
241 1175
242 1175
243 1175
244 1175
245 1175
246 1175
247 1175
248 1175
249 1175
250 1175
251 1175
252 1175
253 1175
254 1175
255 1175
256 1175
257 1175
258 1175
259 1176
260 1176
261 1177
262 1177
263 1177
264 1177
265 1178
266 1178
267 1178
268 1179
269 1179
270 1179
271 1179
272 1179
273 1179
274 1180
275 1180
276 1180
277 1180
278 1180
279 1180
280 1180
281 1180
282 1180
283 1179
284 1179
285 1179
286 1179
287 1179
288 1178
289 1178
290 1178
291 1178
292 1177
293 1177
294 1177
295 1177
296 1177
297 1177
298 1177
299 1177
300 1176
301 1176
302 1176
303 1176
304 1176
305 1176
306 1176
307 1176
308 1176
309 1176
310 1176
311 1176
312 1176
313 1176
314 1176
315 1177
316 1177
317 1178
318 1178
319 1178
320 1179
321 1179
322 1180
323 1180
324 1180
325 1180
326 1180
327 1180
328 1179
329 1179
330 1179
331 1179
332 1178
333 1178
334 1178
335 1178
336 1178
337 1178
338 1177
339 1177
340 1177
341 1177
342 1177
343 1177
344 1177
345 1177
346 1177
347 1177
348 1177
349 1177
350 1177
351 1177
352 1177
353 1177
354 1177
355 1177
356 1177
357 1177
358 1177
359 1177
360 1177
361 1177
362 1177
363 1178
364 1178
365 1178
366 1178
367 1178
368 1178
369 1178
370 1178
371 1178
372 1177
373 1177
374 1177
375 1177
376 1177
377 1177
378 1177
379 1176
380 1176
381 1176
382 1176
383 1176
384 1176
385 1176
386 1176
387 1177
388 1177
389 1177
390 1177
391 1177
392 1177
393 1177
394 1177
395 1178
396 1178
397 1178
398 1178
399 1178
400 1178
401 1178
402 1178
403 1178
404 1178
405 1178
406 1179
407 1179
408 1179
409 1179
410 1179
411 1179
412 1179
413 1179
414 1180
415 1180
416 1180
417 1179
418 1179
419 1179
420 1179
421 1179
422 1179
423 1179
424 1179
425 1179
426 1180
427 1180
428 1180
429 1180
430 1180
431 1181
432 1181
433 1181
434 1181
435 1181
436 1181
437 1181
438 1181
439 1181
440 1181
441 1181
442 1181
443 1181
444 1181
445 1181
446 1181
447 1181
448 1181
449 1181
450 1181
451 1182
452 1182
453 1182
454 1182
455 1182
456 1182
457 1183
458 1183
459 1183
460 1183
461 1183
462 1183
463 1183
464 1183
465 1183
466 1183
467 1183
468 1183
469 1184
470 1184
471 1184
472 1184
473 1184
474 1184
475 1185
476 1185
477 1185
478 1185
479 1185
480 1186
481 1186
482 1186
483 1186
484 1186
485 1186
486 1186
487 1186
488 1186
489 1186
490 1186
491 1186
492 1186
493 1186
494 1186
495 1186
496 1186
497 1185
498 1185
499 1185
500 1185
501 1185
502 1185
503 1184
504 1184
505 1184
506 1184
507 1184
508 1183
509 1183
510 1183
511 1183
512 1183
513 1182
514 1182
515 1182
516 1182
517 1181
518 1181
519 1181
520 1181
521 1181
522 1180
523 1180
524 1180
525 1180
526 1180
527 1180
528 1179
529 1179
530 1179
531 1179
532 1179
533 1179
534 1178
535 1178
536 1178
537 1178
538 1178
539 1178
540 1178
541 1178
542 1178
543 1178
544 1178
545 1178
546 1178
547 1178
548 1178
549 1178
550 1178
551 1178
552 1178
553 1178
554 1178
555 1178
556 1178
557 1178
558 1178
559 1178
560 1178
561 1178
562 1178
563 1178
564 1178
565 1178
566 1178
567 1178
568 1178
569 1178
570 1178
571 1178
572 1178
573 1178
574 1178
575 1178
576 1178
577 1178
578 1178
579 1178
580 1178
581 1178
582 1178
583 1178
584 1178
585 1178
586 1178
587 1178
588 1178
589 1178
590 1178
591 1177
592 1177
593 1177
594 1177
595 1177
596 1177
597 1177
598 1177
599 1178
600 1178
601 1178
602 1178
603 1178
604 1178
605 1178
606 1178
607 1178
608 1178
609 1178
610 1178
611 1178
612 1178
613 1178
614 1178
615 1178
616 1178
617 1178
618 1178
619 1178
620 1178
621 1178
622 1178
623 1178
624 1178
625 1178
626 1178
627 1178
628 1178
629 1178
630 1178
631 1179
632 1179
633 1179
634 1179
635 1179
636 1180
637 1180
638 1180
639 1180
640 1181
641 1181
642 1181
643 1182
644 1182
645 1182
646 1182
647 1182
648 1182
649 1181
650 1181
651 1181
652 1181
653 1180
654 1180
655 1179
656 1179
657 1178
658 1178
659 1177
660 1177
661 1176
662 1176
663 1175
664 1175
665 1175
666 1175
667 1175
668 1175
669 1175
670 1175
671 1175
672 1175
673 1175
674 1175
675 1175
676 1175
677 1175
678 1175
679 1175
680 1175
681 1175
682 1175
683 1175
684 1175
685 1175
686 1175
687 1175
688 1175
689 1175
690 1175
691 1175
692 1175
693 1175
694 1175
695 1175
696 1174
697 1174
698 1174
699 1173
700 1173
701 1173
702 1173
703 1173
704 1173
705 1173
706 1173
707 1173
708 1173
709 1173
710 1173
711 1173
712 1173
713 1173
714 1173
715 1173
716 1173
717 1173
718 1173
719 1173
720 1173
721 1173
722 1173
723 1173
724 1173
725 1173
726 1173
727 1173
728 1173
729 1173
730 1172
731 1172
732 1172
733 1172
734 1172
735 1172
736 1172
737 1172
738 1171
739 1171
740 1171
741 1170
742 1170
743 1170
744 1169
745 1169
746 1169
747 1168
748 1168
749 1168
750 1167
751 1167
752 1166
753 1166
754 1165
755 1165
756 1164
757 1163
758 1162
759 1161
760 1160
761 1159
761 1158
762 1157
762 1156
763 1155
763 1154
764 1153
764 1152
764 1151
765 1150
765 1149
766 1148
766 1147
767 1146
768 1145
768 1144
769 1143
769 1142
770 1141
771 1140
771 1139
772 1138
773 1137
773 1136
774 1135
774 1134
775 1133
775 1132
776 1131
776 1130
777 1129
777 1128
778 1127
778 1126
778 1125
779 1124
779 1123
779 1122
780 1121
780 1120
780 1119
780 1118
780 1117
780 1116
781 1115
781 1114
781 1113
781 1112
781 1111
781 1110
781 1109
781 1108
781 1107
781 1106
780 1105
780 1104
780 1103
779 1102
779 1101
779 1100
778 1099
778 1098
777 1097
777 1096
776 1095
776 1094
775 1093
775 1092
774 1091
774 1090
773 1089
772 1088
772 1087
771 1086
770 1085
769 1084
768 1083
768 1082
767 1081
767 1080
766 1079
766 1078
765 1077
765 1076
765 1075
764 1074
764 1073
764 1072
764 1071
764 1070
764 1069
763 1068
763 1067
763 1066
763 1065
763 1064
762 1063
762 1062
761 1061
760 1060
760 1059
759 1058
758 1058
757 1057
756 1056
755 1056
754 1055
753 1055
752 1055
751 1054
750 1054
749 1053
748 1053
747 1052
746 1052
745 1052
744 1051
743 1051
742 1051
741 1050
740 1050
739 1049
738 1049
737 1048
736 1048
735 1047
734 1046
733 1045
732 1045
731 1044
730 1044
729 1043
728 1043
727 1043
726 1043
725 1042
724 1042
723 1042
722 1042
721 1041
720 1041
719 1041
718 1041
717 1040
716 1040
715 1040
714 1039
713 1039
712 1039
711 1039
710 1039
709 1039
708 1039
707 1039
706 1039
705 1039
704 1039
703 1039
702 1039
701 1039
700 1038
699 1038
698 1038
697 1038
696 1038
695 1037
694 1037
693 1037
692 1036
691 1036
690 1036
689 1036
688 1035
687 1035
686 1035
685 1035
684 1035
683 1035
682 1034
681 1034
680 1034
679 1034
678 1033
677 1033
676 1033
675 1032
674 1032
673 1031
672 1031
671 1030
670 1030
669 1030
668 1029
667 1029
666 1029
665 1028
664 1028
663 1028
662 1028
661 1028
660 1028
659 1028
658 1028
657 1028
656 1028
655 1028
654 1027
653 1027
652 1027
651 1027
650 1027
649 1027
648 1027
647 1027
646 1027
645 1027
644 1027
643 1027
642 1027
641 1027
640 1027
639 1027
638 1027
637 1026
636 1026
635 1026
634 1026
633 1026
632 1025
631 1025
630 1024
629 1024
628 1024
627 1023
626 1023
625 1023
624 1023
623 1023
622 1022
621 1022
620 1022
619 1021
618 1021
617 1021
616 1021
615 1020
614 1020
613 1020
612 1019
611 1019
610 1018
609 1018
608 1018
607 1017
606 1017
605 1017
604 1016
603 1016
602 1016
601 1015
600 1014
599 1014
598 1014
597 1013
596 1013
595 1012
594 1012
593 1012
592 1012
591 1012
590 1012
589 1013
588 1013
587 1013
586 1013
585 1014
584 1014
583 1014
582 1015
581 1015
580 1015
579 1015
578 1015
577 1015
576 1015
575 1015
574 1015
573 1015
572 1015
571 1015
570 1014
569 1014
568 1014
567 1014
566 1013
565 1013
564 1013
563 1013
562 1013
561 1012
560 1012
559 1012
558 1012
557 1012
556 1012
555 1012
554 1012
553 1012
552 1012
551 1012
550 1012
