415 1268
414 1269
413 1269
412 1269
411 1269
410 1269
409 1269
408 1269
407 1269
406 1269
405 1269
404 1269
403 1270
402 1270
401 1270
400 1271
399 1271
398 1271
397 1271
396 1271
395 1271
394 1271
393 1271
392 1271
391 1271
390 1271
389 1271
388 1271
387 1271
386 1271
385 1271
384 1271
383 1271
382 1271
381 1271
380 1271
379 1271
378 1271
377 1271
376 1271
375 1271
374 1271
373 1271
372 1271
371 1271
370 1271
369 1271
368 1271
367 1271
366 1271
365 1271
364 1272
363 1272
362 1272
361 1272
360 1272
359 1272
358 1272
357 1273
356 1273
355 1273
354 1274
353 1274
352 1274
351 1274
350 1274
349 1274
348 1274
347 1274
346 1274
345 1274
344 1274
343 1274
342 1274
341 1274
340 1274
339 1274
338 1274
337 1274
336 1274
335 1274
334 1274
333 1274
332 1274
331 1274
330 1274
329 1274
328 1274
327 1274
326 1274
325 1274
324 1274
323 1274
322 1274
321 1274
320 1274
319 1274
318 1274
317 1274
316 1274
315 1274
314 1274
313 1274
312 1274
311 1274
310 1274
309 1274
308 1274
307 1274
306 1274
305 1274
304 1274
303 1274
302 1274
301 1274
300 1274
299 1274
298 1274
297 1274
296 1274
295 1274
294 1274
293 1274
292 1274
291 1274
290 1274
289 1274
288 1274
287 1274
286 1274
285 1274
284 1274
283 1274
282 1274
281 1274
280 1274
279 1274
278 1274
277 1274
276 1275
275 1275
274 1275
273 1276
272 1276
271 1276
270 1276
269 1276
268 1276
267 1277
266 1277
265 1277
264 1278
263 1278
262 1278
261 1278
260 1278
259 1279
258 1279
257 1279
256 1280
255 1280
254 1280
253 1280
252 1280
251 1280
250 1280
249 1281
248 1281
247 1281
246 1282
245 1282
244 1282
243 1282
242 1282
241 1282
240 1282
239 1283
238 1283
237 1283
236 1284
235 1284
234 1284
233 1284
232 1284
231 1284
230 1284
229 1284
228 1285
227 1285
226 1285
225 1285
224 1285
223 1285
222 1286
221 1286
220 1286
219 1286
218 1286
217 1286
216 1286
215 1286
214 1287
213 1287
212 1287
211 1287
210 1287
209 1287
208 1287
207 1287
206 1287
205 1288
204 1288
203 1288
202 1288
201 1288
200 1289
199 1289
198 1289
197 1289
196 1289
195 1289
194 1289
193 1289
192 1289
191 1289
190 1289
189 1289
188 1289
187 1289
186 1289
185 1289
184 1289
183 1290
182 1290
181 1290
180 1290
179 1290
178 1290
177 1290
176 1290
175 1290
174 1290
173 1290
172 1291
171 1291
170 1291
169 1291
168 1291
167 1291
166 1291
165 1291
164 1291
163 1291
162 1291
161 1291
160 1291
159 1291
158 1292
157 1292
156 1292
155 1293
154 1293
153 1294
152 1294
151 1294
150 1295
149 1295
148 1295
147 1295
146 1296
145 1296
144 1297
143 1297
142 1298
141 1298
140 1299
139 1299
138 1300
137 1300
136 1301
135 1301
134 1302
133 1302
132 1303
131 1304
130 1304
129 1305
128 1305
127 1305
126 1306
125 1306
124 1307
123 1307
122 1308
121 1308
120 1308
119 1308
118 1308
117 1308
116 1308
115 1309
114 1309
113 1309
112 1310
111 1310
110 1311
109 1311
108 1312
107 1312
106 1313
105 1313
104 1313
103 1314
102 1314
101 1314
100 1315
99 1315
98 1315
97 1315
96 1316
95 1317
94 1318
93 1319
92 1320
91 1321
90 1321
89 1322
88 1322
87 1322
86 1323
85 1323
84 1324
83 1325
82 1325
81 1325
80 1326
79 1326
78 1327
77 1327
76 1328
75 1328
74 1329
73 1329
72 1329
71 1330
70 1330
69 1331
68 1331
67 1332
66 1332
65 1333
64 1333
63 1333
62 1334
61 1334
60 1335
59 1335
58 1335
57 1335
56 1335
55 1336
54 1337
53 1337
52 1338
51 1339
50 1340
50 1341
50 1342
49 1343
48 1344
47 1345
46 1346
46 1347
45 1348
45 1349
45 1350
45 1351
45 1352
45 1353
45 1354
45 1355
45 1356
45 1357
44 1358
43 1359
42 1360
41 1361
41 1362
40 1363
40 1364
40 1365
40 1366
40 1367
40 1368
40 1369
40 1370
40 1371
40 1372
40 1373
41 1374
42 1375
43 1376
44 1377
45 1378
46 1379
47 1380
48 1380
49 1381
50 1382
51 1382
52 1383
53 1384
54 1384
55 1385
56 1385
57 1386
58 1387
59 1388
60 1388
61 1389
62 1389
63 1389
64 1390
65 1390
66 1391
67 1392
68 1392
69 1393
70 1393
71 1394
72 1394
73 1395
74 1396
75 1396
76 1397
77 1398
78 1399
79 1399
80 1400
81 1400
82 1401
83 1401
84 1402
85 1403
86 1403
87 1404
88 1404
89 1405
90 1405
91 1406
92 1406
93 1407
94 1408
95 1409
96 1409
97 1410
98 1411
99 1411
100 1412
101 1413
102 1413
103 1414
104 1415
105 1415
106 1416
107 1417
108 1417
109 1418
110 1418
111 1419
112 1419
113 1420
114 1420
115 1421
116 1421
117 1422
118 1422
119 1422
120 1422
121 1422
122 1422
123 1422
124 1422
125 1422
126 1422
127 1423
128 1423
129 1423
130 1423
131 1424
132 1424
133 1425
134 1425
135 1426
136 1426
137 1427
138 1427
139 1427
140 1427
141 1427
142 1427
143 1428
144 1428
145 1428
146 1428
147 1429
148 1429
149 1430
150 1430
151 1431
152 1431
153 1432
154 1432
155 1433
156 1433
157 1434
158 1434
159 1435
160 1435
161 1435
162 1435
163 1435
164 1436
165 1436
166 1437
167 1437
168 1438
169 1438
170 1438
171 1439
172 1439
173 1440
174 1440
175 1440
176 1441
177 1441
178 1441
179 1442
180 1442
181 1442
182 1442
183 1442
184 1442
185 1442
186 1442
187 1442
188 1442
189 1442
190 1442
191 1442
192 1442
193 1442
194 1442
195 1442
196 1442
197 1442
198 1442
199 1442
200 1442
201 1442
202 1442
203 1442
204 1442
205 1442
206 1442
207 1442
208 1442
209 1442
210 1442
211 1441
212 1441
213 1441
214 1441
215 1441
216 1441
217 1441
218 1442
219 1442
220 1442
221 1442
222 1442
223 1442
224 1442
225 1442
226 1442
227 1442
228 1442
229 1442
230 1442
231 1442
232 1442
233 1442
234 1442
235 1442
236 1442
237 1442
238 1442
239 1442
240 1442
241 1442
242 1441
243 1441
244 1441
245 1441
246 1440
247 1440
248 1440
249 1440
250 1440
251 1440
252 1440
253 1440
254 1440
255 1440
256 1440
257 1440
258 1440
259 1440
260 1440
261 1440
262 1439
263 1439
264 1439
265 1439
266 1439
267 1439
268 1439
269 1439
270 1439
271 1439
272 1439
273 1439
274 1439
275 1439
276 1439
277 1439
278 1439
279 1439
280 1439
281 1439
282 1439
283 1439
284 1439
285 1440
286 1440
287 1440
288 1440
289 1440
290 1440
291 1440
292 1440
293 1440
294 1440
295 1440
296 1440
297 1440
298 1440
299 1440
300 1440
301 1440
302 1440
303 1441
304 1441
305 1441
306 1441
307 1441
308 1441
309 1441
310 1442
311 1442
312 1442
313 1442
314 1442
315 1442
316 1442
317 1442
318 1442
319 1442
320 1442
321 1442
322 1442
323 1442
324 1441
325 1441
326 1441
327 1440
328 1440
329 1440
330 1440
331 1440
332 1440
333 1439
334 1439
335 1439
336 1439
337 1439
338 1439
339 1439
340 1439
341 1439
342 1439
343 1439
344 1439
345 1439
346 1438
347 1438
348 1438
349 1438
350 1438
351 1438
352 1438
353 1438
354 1438
355 1438
356 1438
357 1438
358 1438
359 1438
360 1438
361 1438
362 1438
363 1438
364 1438
365 1438
366 1438
367 1438
368 1439
369 1439
370 1439
371 1439
372 1439
373 1440
374 1440
375 1440
376 1440
377 1440
378 1440
379 1440
380 1439
381 1439
382 1439
383 1439
384 1439
385 1438
386 1438
387 1438
388 1438
389 1438
390 1438
391 1438
392 1438
393 1437
394 1437
395 1437
396 1437
397 1437
398 1437
399 1437
400 1437
401 1437
402 1436
403 1436
404 1436
405 1436
406 1436
407 1436
408 1436
409 1436
410 1436
411 1436
412 1436
413 1436
414 1437
415 1437
416 1437
417 1437
418 1437
419 1437
420 1437
421 1436
422 1436
423 1435
424 1435
425 1435
426 1435
427 1435
428 1435
429 1435
430 1435
431 1435
432 1435
433 1435
434 1435
435 1435
436 1435
437 1435
438 1435
439 1435
440 1435
441 1435
442 1435
443 1435
444 1435
445 1435
446 1434
447 1434
448 1434
449 1433
450 1433
451 1433
452 1433
453 1432
454 1432
455 1432
456 1432
457 1432
458 1432
459 1432
460 1432
461 1432
462 1432
463 1431
464 1431
465 1431
466 1431
467 1431
468 1431
469 1431
470 1431
471 1431
472 1431
473 1431
474 1431
475 1431
476 1431
477 1430
478 1430
479 1430
480 1430
481 1430
482 1430
483 1430
484 1430
485 1430
486 1430
487 1430
488 1430
489 1430
490 1430
491 1430
492 1430
493 1429
494 1429
495 1429
496 1429
497 1429
498 1429
499 1429
500 1429
501 1430
502 1430
503 1430
504 1430
505 1430
506 1429
507 1429
508 1429
509 1429
510 1429
511 1429
512 1429
513 1429
514 1429
515 1429
516 1429
517 1429
518 1428
519 1428
520 1428
521 1428
522 1428
523 1428
524 1428
525 1428
526 1428
527 1429
528 1429
529 1429
530 1429
531 1429
532 1429
533 1429
534 1429
535 1429
536 1429
537 1429
538 1429
539 1429
540 1429
541 1429
542 1429
543 1429
544 1429
545 1429
546 1429
547 1430
548 1430
549 1430
550 1430
551 1430
552 1430
553 1430
554 1430
555 1430
556 1430
557 1429
558 1429
559 1429
560 1429
561 1429
562 1429
563 1428
564 1428
565 1428
566 1427
567 1427
568 1427
569 1427
570 1427
571 1427
572 1427
573 1427
574 1427
575 1427
576 1427
577 1427
578 1427
579 1427
580 1427
581 1427
582 1427
583 1427
584 1427
585 1427
586 1427
587 1427
588 1427
589 1427
590 1427
591 1427
592 1427
593 1427
594 1427
595 1427
596 1427
597 1427
598 1427
599 1427
600 1427
601 1428
602 1428
603 1428
604 1428
605 1428
606 1427
607 1427
608 1427
609 1427
610 1427
611 1427
612 1427
613 1427
614 1427
615 1427
616 1427
617 1427
618 1427
619 1427
620 1426
621 1426
622 1426
623 1426
624 1426
625 1426
626 1425
627 1426
628 1426
629 1426
630 1426
631 1426
632 1426
633 1426
634 1426
635 1426
636 1426
637 1426
638 1426
639 1426
640 1425
641 1426
642 1426
643 1426
644 1426
645 1426
646 1426
647 1426
648 1426
649 1426
650 1426
651 1426
652 1426
653 1426
654 1426
655 1426
656 1426
657 1426
658 1426
659 1426
660 1426
661 1426
662 1426
663 1426
664 1426
665 1426
666 1426
667 1426
668 1426
669 1426
670 1427
671 1427
672 1427
673 1427
674 1427
675 1427
676 1427
677 1427
678 1428
679 1428
680 1428
681 1429
682 1429
683 1429
684 1429
685 1429
686 1429
687 1429
688 1429
689 1429
690 1429
691 1429
692 1429
693 1429
694 1429
695 1429
696 1429
697 1429
698 1429
699 1429
700 1429
701 1428
702 1428
703 1428
704 1427
705 1427
706 1427
707 1427
708 1426
709 1426
710 1426
711 1426
712 1425
713 1425
714 1425
715 1425
716 1424
717 1424
718 1424
719 1423
720 1423
721 1423
722 1422
723 1422
724 1422
725 1422
726 1421
727 1421
728 1421
729 1421
730 1421
731 1421
732 1421
733 1420
734 1420
735 1420
736 1420
737 1420
738 1420
739 1420
740 1420
741 1420
742 1420
743 1420
744 1420
745 1420
746 1420
747 1420
748 1420
749 1420
750 1419
751 1419
752 1418
753 1418
754 1418
755 1417
756 1417
757 1417
758 1416
759 1416
760 1415
761 1414
762 1413
763 1412
764 1411
765 1410
766 1409
766 1408
767 1407
768 1407
769 1406
770 1405
771 1404
772 1403
773 1402
774 1401
775 1400
776 1399
777 1398
778 1397
779 1396
780 1395
781 1394
782 1393
783 1392
783 1391
784 1390
784 1389
784 1388
784 1387
784 1386
785 1385
786 1384
787 1383
788 1382
788 1381
789 1380
789 1379
789 1378
789 1377
789 1376
789 1375
789 1374
789 1373
789 1372
789 1371
789 1370
789 1369
789 1368
789 1367
789 1366
789 1365
789 1364
789 1363
789 1362
789 1361
789 1360
789 1359
789 1358
789 1357
789 1356
789 1355
789 1354
789 1353
789 1352
789 1351
789 1350
789 1349
789 1348
789 1347
789 1346
788 1345
788 1344
787 1343
787 1342
786 1341
785 1340
784 1339
783 1338
782 1338
781 1337
780 1337
779 1336
778 1336
777 1335
776 1335
775 1334
774 1333
773 1333
772 1332
771 1331
770 1331
769 1330
768 1329
767 1328
766 1327
765 1326
764 1326
763 1325
762 1325
761 1324
760 1324
759 1323
758 1323
757 1322
756 1321
755 1320
754 1320
753 1319
752 1318
751 1317
750 1316
749 1315
749 1314
748 1313
747 1312
746 1311
745 1310
744 1309
743 1308
742 1307
741 1306
741 1305
741 1304
740 1303
739 1302
738 1301
737 1300
736 1299
735 1298
734 1297
733 1296
732 1296
731 1295
730 1295
729 1294
728 1294
727 1293
726 1293
725 1292
724 1292
723 1291
722 1291
721 1290
720 1290
719 1290
718 1290
717 1289
716 1289
715 1289
714 1289
713 1289
712 1289
711 1289
710 1289
709 1288
708 1288
707 1288
706 1288
705 1288
704 1288
703 1288
702 1288
701 1287
700 1287
699 1287
698 1286
697 1286
696 1285
695 1285
694 1285
693 1284
692 1284
691 1284
690 1284
689 1284
688 1284
687 1284
686 1284
685 1283
684 1283
683 1283
682 1283
681 1283
680 1282
679 1282
678 1282
677 1282
676 1282
675 1281
674 1281
673 1281
672 1281
671 1280
670 1280
669 1280
668 1280
667 1280
666 1280
665 1280
664 1280
663 1280
662 1280
661 1280
660 1279
659 1279
658 1279
657 1279
656 1279
655 1279
654 1279
653 1279
652 1279
651 1279
650 1279
649 1279
648 1278
647 1278
646 1278
645 1278
644 1278
643 1278
642 1277
641 1277
640 1277
639 1277
638 1277
637 1277
636 1277
635 1277
634 1277
633 1277
632 1277
631 1277
630 1277
629 1277
628 1277
627 1276
626 1276
625 1276
624 1276
623 1276
622 1276
621 1276
620 1275
619 1275
618 1275
617 1275
616 1275
615 1275
614 1275
613 1275
612 1275
611 1275
610 1274
609 1274
608 1274
607 1274
606 1274
605 1274
604 1274
603 1274
602 1274
601 1274
600 1274
599 1274
598 1274
597 1274
596 1274
595 1274
594 1274
593 1274
592 1274
591 1274
590 1274
589 1274
588 1274
587 1274
586 1274
585 1274
584 1274
583 1274
582 1274
581 1275
580 1275
579 1275
578 1275
577 1276
576 1276
575 1276
574 1276
573 1276
572 1277
571 1277
570 1277
569 1277
568 1277
567 1277
566 1277
565 1277
564 1277
563 1277
562 1277
561 1277
560 1276
559 1276
558 1275
557 1275
556 1274
555 1273
554 1273
553 1272
552 1272
551 1271
550 1270
549 1270
548 1270
547 1269
546 1269
545 1269
544 1269
543 1269
542 1269
541 1269
540 1269
539 1269
538 1269
537 1269
536 1269
535 1269
534 1270
533 1270
532 1271
531 1271
530 1271
529 1271
528 1271
527 1271
526 1271
525 1272
524 1272
523 1272
522 1272
521 1272
520 1272
519 1272
518 1272
517 1272
516 1272
515 1272
514 1272
513 1272
512 1272
511 1272
510 1272
509 1272
508 1271
507 1271
506 1271
505 1271
504 1271
503 1271
502 1271
501 1271
500 1271
499 1271
498 1271
497 1271
496 1271
495 1271
494 1271
493 1271
492 1271
491 1271
490 1271
489 1271
488 1271
487 1271
486 1271
485 1271
484 1271
483 1271
482 1271
481 1271
480 1271
479 1271
478 1271
477 1270
476 1270
475 1270
474 1270
473 1270
472 1270
471 1270
470 1270
469 1270
468 1270
467 1270
466 1270
465 1270
464 1270
463 1270
462 1270
461 1270
460 1270
459 1270
458 1270
457 1270
456 1270
455 1270
454 1270
453 1270
452 1270
451 1270
450 1270
449 1269
448 1269
447 1269
446 1269
445 1269
444 1269
443 1269
442 1269
441 1269
440 1269
439 1269
438 1269
437 1269
436 1269
435 1269
434 1269
433 1269
432 1269
431 1269
430 1269
429 1269
428 1269
427 1268
426 1268
425 1268
424 1268
423 1268
422 1268
421 1268
420 1268
419 1268
418 1268
417 1268
416 1268
415 1268
