517 1520
516 1521
515 1521
514 1521
513 1522
512 1522
511 1522
510 1523
509 1523
508 1523
507 1524
506 1524
505 1525
504 1525
503 1525
502 1525
501 1525
500 1525
499 1526
498 1526
497 1526
496 1526
495 1526
494 1526
493 1526
492 1526
491 1526
490 1526
489 1526
488 1526
487 1526
486 1526
485 1526
484 1526
483 1526
482 1526
481 1526
480 1526
479 1526
478 1526
477 1526
476 1526
475 1526
474 1526
473 1526
472 1526
471 1526
470 1526
469 1526
468 1525
467 1525
466 1525
465 1525
464 1525
463 1525
462 1525
461 1525
460 1525
459 1525
458 1525
457 1524
456 1524
455 1524
454 1524
453 1524
452 1524
451 1524
450 1524
449 1525
448 1525
447 1525
446 1525
445 1526
444 1526
443 1526
442 1526
441 1526
440 1526
439 1526
438 1526
437 1526
436 1526
435 1526
434 1526
433 1527
432 1527
431 1527
430 1527
429 1527
428 1528
427 1528
426 1528
425 1528
424 1528
423 1528
422 1528
421 1528
420 1528
419 1528
418 1528
417 1528
416 1528
415 1527
414 1527
413 1527
412 1527
411 1527
410 1527
409 1527
408 1527
407 1527
406 1527
405 1527
404 1527
403 1527
402 1527
401 1527
400 1527
399 1527
398 1527
397 1527
396 1527
395 1527
394 1528
393 1528
392 1528
391 1528
390 1528
389 1528
388 1528
387 1528
386 1528
385 1528
384 1528
383 1528
382 1528
381 1528
380 1528
379 1529
378 1529
377 1529
376 1529
375 1529
374 1529
373 1529
372 1529
371 1529
370 1529
369 1529
368 1529
367 1529
366 1529
365 1530
364 1530
363 1530
362 1530
361 1530
360 1530
359 1530
358 1530
357 1530
356 1530
355 1530
354 1531
353 1531
352 1531
351 1531
350 1531
349 1531
348 1531
347 1531
346 1531
345 1531
344 1531
343 1531
342 1531
341 1531
340 1531
339 1531
338 1531
337 1531
336 1531
335 1532
334 1532
333 1532
332 1533
331 1533
330 1534
329 1534
328 1535
327 1535
326 1536
325 1536
324 1536
323 1537
322 1537
321 1537
320 1537
319 1537
318 1537
317 1537
316 1537
315 1537
314 1537
313 1537
312 1537
311 1537
310 1537
309 1536
308 1536
307 1536
306 1536
305 1536
304 1536
303 1535
302 1535
301 1534
300 1534
299 1534
298 1534
297 1534
296 1534
295 1534
294 1534
293 1533
292 1533
291 1533
290 1533
289 1533
288 1533
287 1533
286 1533
285 1533
284 1533
283 1533
282 1533
281 1533
280 1533
279 1533
278 1533
277 1533
276 1533
275 1533
274 1533
273 1533
272 1533
271 1533
270 1533
269 1533
268 1533
267 1533
266 1533
265 1533
264 1533
263 1533
262 1533
261 1533
260 1534
259 1534
258 1534
257 1534
256 1535
255 1535
254 1535
253 1535
252 1536
251 1536
250 1536
249 1536
248 1536
247 1536
246 1536
245 1536
244 1536
243 1536
242 1536
241 1536
240 1536
239 1536
238 1536
237 1536
236 1536
235 1536
234 1536
233 1536
232 1536
231 1537
230 1537
229 1537
228 1537
227 1537
226 1537
225 1537
224 1537
223 1537
222 1537
221 1537
220 1537
219 1537
218 1537
217 1537
216 1537
215 1538
214 1538
213 1539
212 1539
211 1539
210 1539
209 1539
208 1539
207 1539
206 1539
205 1539
204 1539
203 1539
202 1540
201 1540
200 1540
199 1541
198 1541
197 1541
196 1541
195 1541
194 1541
193 1541
192 1541
191 1541
190 1541
189 1541
188 1541
187 1541
186 1541
185 1541
184 1541
183 1541
182 1542
181 1542
180 1542
179 1542
178 1543
177 1543
176 1543
175 1543
174 1543
173 1543
172 1543
171 1544
170 1544
169 1544
168 1544
167 1544
166 1544
165 1544
164 1544
163 1544
162 1544
161 1544
160 1544
159 1544
158 1544
157 1544
156 1544
155 1544
154 1544
153 1545
152 1545
151 1545
150 1545
149 1545
148 1545
147 1545
146 1545
145 1545
144 1545
143 1545
142 1545
141 1546
140 1546
139 1546
138 1546
137 1546
136 1546
135 1546
134 1546
133 1546
132 1547
131 1547
130 1547
129 1547
128 1547
127 1548
126 1548
125 1548
124 1549
123 1549
122 1549
121 1549
120 1550
119 1550
118 1550
117 1550
116 1550
115 1550
114 1550
113 1551
112 1551
111 1551
110 1552
109 1552
108 1552
107 1552
106 1552
105 1552
104 1552
103 1552
102 1552
101 1552
100 1552
99 1552
98 1552
97 1552
96 1552
95 1552
94 1552
93 1552
92 1552
91 1552
90 1553
89 1553
88 1553
87 1553
86 1553
85 1553
84 1553
83 1553
82 1554
81 1554
80 1555
79 1556
78 1556
77 1556
76 1556
75 1556
74 1556
73 1556
72 1557
71 1557
70 1557
69 1558
68 1558
67 1558
66 1559
65 1559
64 1559
63 1560
62 1561
61 1561
60 1561
59 1561
58 1561
57 1561
56 1562
55 1562
54 1563
53 1563
52 1563
51 1563
50 1564
49 1564
48 1565
48 1566
47 1567
46 1568
45 1569
45 1570
45 1571
45 1572
44 1573
44 1574
43 1575
43 1576
42 1577
42 1578
41 1579
41 1580
41 1581
40 1582
40 1583
40 1584
40 1585
40 1586
40 1587
40 1588
39 1589
39 1590
39 1591
39 1592
39 1593
39 1594
39 1595
39 1596
39 1597
39 1598
39 1599
39 1600
39 1601
39 1602
40 1603
40 1604
40 1605
41 1606
41 1607
41 1608
42 1609
43 1610
43 1611
44 1612
43 1613
44 1614
44 1615
44 1616
45 1617
46 1618
47 1619
48 1620
48 1621
49 1622
49 1623
49 1624
50 1625
50 1626
51 1627
51 1628
52 1629
53 1630
54 1631
55 1632
56 1633
57 1634
58 1635
59 1636
60 1637
61 1638
62 1639
63 1640
64 1641
65 1642
66 1642
67 1643
68 1643
69 1643
70 1644
71 1644
72 1644
73 1645
74 1646
75 1646
76 1647
77 1647
78 1648
79 1648
80 1649
81 1649
82 1649
83 1650
84 1650
85 1651
86 1651
87 1651
88 1652
89 1652
90 1652
91 1652
92 1653
93 1653
94 1653
95 1653
96 1653
97 1654
98 1654
99 1654
100 1654
101 1654
102 1654
103 1654
104 1654
105 1654
106 1654
107 1654
108 1654
109 1654
110 1655
111 1655
112 1655
113 1655
114 1655
115 1655
116 1655
117 1655
118 1655
119 1655
120 1655
121 1655
122 1656
123 1656
124 1656
125 1656
126 1656
127 1656
128 1656
129 1656
130 1657
131 1657
132 1657
133 1657
134 1657
135 1657
136 1657
137 1657
138 1657
139 1657
140 1657
141 1657
142 1657
143 1657
144 1657
145 1657
146 1657
147 1657
148 1657
149 1657
150 1658
151 1658
152 1658
153 1658
154 1658
155 1658
156 1658
157 1658
158 1658
159 1658
160 1659
161 1659
162 1659
163 1659
164 1660
165 1660
166 1660
167 1660
168 1660
169 1660
170 1660
171 1660
172 1660
173 1661
174 1661
175 1661
176 1661
177 1661
178 1661
179 1662
180 1662
181 1662
182 1662
183 1662
184 1662
185 1662
186 1662
187 1662
188 1662
189 1662
190 1662
191 1662
192 1662
193 1662
194 1662
195 1662
196 1662
197 1662
198 1662
199 1662
200 1662
201 1662
202 1662
203 1662
204 1662
205 1662
206 1662
207 1662
208 1662
209 1662
210 1662
211 1662
212 1662
213 1662
214 1662
215 1663
216 1663
217 1663
218 1663
219 1663
220 1663
221 1663
222 1663
223 1663
224 1663
225 1663
226 1663
227 1663
228 1664
229 1664
230 1664
231 1664
232 1664
233 1665
234 1665
235 1665
236 1665
237 1665
238 1665
239 1665
240 1665
241 1665
242 1665
243 1665
244 1665
245 1665
246 1665
247 1665
248 1665
249 1665
250 1665
251 1664
252 1664
253 1664
254 1664
255 1664
256 1664
257 1664
258 1663
259 1663
260 1663
261 1663
262 1663
263 1663
264 1663
265 1663
266 1663
267 1663
268 1663
269 1663
270 1663
271 1663
272 1663
273 1663
274 1663
275 1663
276 1663
277 1663
278 1663
279 1663
280 1663
281 1663
282 1663
283 1663
284 1662
285 1662
286 1662
287 1662
288 1662
289 1662
290 1662
291 1662
292 1662
293 1662
294 1662
295 1662
296 1662
297 1662
298 1662
299 1662
300 1662
301 1662
302 1662
303 1662
304 1662
305 1662
306 1662
307 1662
308 1662
309 1662
310 1662
311 1662
312 1663
313 1663
314 1663
315 1663
316 1663
317 1663
318 1664
319 1664
320 1664
321 1664
322 1664
323 1664
324 1664
325 1664
326 1664
327 1664
328 1664
329 1664
330 1664
331 1664
332 1664
333 1664
334 1663
335 1663
336 1663
337 1663
338 1663
339 1663
340 1663
341 1663
342 1663
343 1663
344 1663
345 1663
346 1663
347 1663
348 1663
349 1663
350 1663
351 1662
352 1662
353 1662
354 1662
355 1662
356 1662
357 1662
358 1662
359 1662
360 1662
361 1662
362 1662
363 1663
364 1663
365 1663
366 1663
367 1663
368 1663
369 1663
370 1663
371 1663
372 1663
373 1663
374 1663
375 1663
376 1663
377 1663
378 1663
379 1663
380 1663
381 1663
382 1663
383 1663
384 1663
385 1663
386 1663
387 1663
388 1664
389 1664
390 1664
391 1664
392 1664
393 1664
394 1664
395 1664
396 1664
397 1664
398 1664
399 1664
400 1664
401 1664
402 1664
403 1664
404 1664
405 1664
406 1664
407 1664
408 1664
409 1664
410 1664
411 1664
412 1664
413 1664
414 1664
415 1664
416 1664
417 1665
418 1665
419 1665
420 1665
421 1665
422 1665
423 1666
424 1666
425 1666
426 1666
427 1666
428 1666
429 1667
430 1666
431 1666
432 1666
433 1666
434 1666
435 1666
436 1665
437 1665
438 1665
439 1665
440 1665
441 1665
442 1665
443 1665
444 1665
445 1665
446 1665
447 1665
448 1665
449 1665
450 1665
451 1665
452 1665
453 1665
454 1665
455 1665
456 1665
457 1666
458 1666
459 1666
460 1666
461 1666
462 1666
463 1666
464 1666
465 1666
466 1665
467 1665
468 1665
469 1665
470 1665
471 1665
472 1665
473 1665
474 1665
475 1665
476 1665
477 1665
478 1665
479 1665
480 1665
481 1665
482 1665
483 1665
484 1665
485 1665
486 1665
487 1665
488 1665
489 1665
490 1665
491 1665
492 1665
493 1665
494 1665
495 1665
496 1665
497 1665
498 1665
499 1665
500 1665
501 1665
502 1665
503 1665
504 1665
505 1665
506 1665
507 1665
508 1665
509 1665
510 1665
511 1665
512 1665
513 1665
514 1665
515 1665
516 1665
517 1665
518 1665
519 1665
520 1665
521 1665
522 1665
523 1665
524 1665
525 1665
526 1665
527 1665
528 1665
529 1665
530 1665
531 1665
532 1665
533 1665
534 1665
535 1665
536 1665
537 1665
538 1665
539 1666
540 1666
541 1666
542 1666
543 1666
544 1666
545 1666
546 1666
547 1666
548 1666
549 1666
550 1666
551 1666
552 1666
553 1666
554 1666
555 1667
556 1667
557 1667
558 1667
559 1667
560 1667
561 1667
562 1667
563 1667
564 1667
565 1667
566 1667
567 1667
568 1667
569 1667
570 1667
571 1667
572 1667
573 1667
574 1667
575 1667
576 1667
577 1667
578 1668
579 1668
580 1668
581 1668
582 1668
583 1668
584 1668
585 1668
586 1668
587 1668
588 1668
589 1668
590 1668
591 1668
592 1668
593 1668
594 1668
595 1668
596 1668
597 1668
598 1668
599 1668
600 1668
601 1668
602 1668
603 1668
604 1668
605 1668
606 1668
607 1668
608 1668
609 1668
610 1668
611 1668
612 1668
613 1668
614 1668
615 1668
616 1668
617 1668
618 1668
619 1668
620 1668
621 1668
622 1668
623 1668
624 1668
625 1668
626 1668
627 1668
628 1668
629 1668
630 1668
631 1668
632 1668
633 1668
634 1668
635 1668
636 1668
637 1668
638 1668
639 1668
640 1668
641 1668
642 1668
643 1667
644 1667
645 1667
646 1667
647 1667
648 1667
649 1667
650 1667
651 1667
652 1667
653 1667
654 1667
655 1667
656 1667
657 1667
658 1667
659 1666
660 1666
661 1666
662 1666
663 1666
664 1665
665 1665
666 1665
667 1665
668 1665
669 1665
670 1665
671 1664
672 1664
673 1664
674 1664
675 1663
676 1663
677 1663
678 1663
679 1663
680 1663
681 1662
682 1662
683 1662
684 1662
685 1662
686 1662
687 1661
688 1661
689 1661
690 1661
691 1660
692 1660
693 1660
694 1660
695 1660
696 1660
697 1660
698 1660
699 1659
700 1659
701 1659
702 1658
703 1658
704 1658
705 1658
706 1658
707 1658
708 1658
709 1658
710 1658
711 1657
712 1657
713 1657
714 1657
715 1657
716 1656
717 1656
718 1656
719 1656
720 1656
721 1655
722 1655
723 1655
724 1655
725 1655
726 1655
727 1655
728 1654
729 1654
730 1654
731 1654
732 1654
733 1653
734 1653
735 1653
736 1652
737 1652
738 1652
739 1652
740 1651
741 1651
742 1651
743 1651
744 1650
745 1650
746 1649
747 1649
748 1649
749 1648
750 1647
751 1646
752 1646
753 1645
754 1644
755 1643
756 1642
757 1641
758 1640
759 1639
760 1639
761 1638
762 1637
763 1636
764 1636
765 1635
766 1634
767 1633
768 1632
769 1631
769 1630
770 1629
771 1628
772 1627
773 1626
773 1625
773 1624
774 1623
775 1622
776 1621
776 1620
777 1619
778 1618
779 1617
780 1616
781 1615
781 1614
781 1613
782 1612
782 1611
783 1610
784 1609
784 1608
784 1607
784 1606
784 1605
785 1604
785 1603
785 1602
785 1601
785 1600
785 1599
785 1598
785 1597
785 1596
785 1595
785 1594
784 1593
784 1592
784 1591
784 1590
784 1589
784 1588
784 1587
783 1586
783 1585
782 1584
782 1583
782 1582
782 1581
781 1580
781 1579
780 1578
780 1577
780 1576
779 1575
778 1574
777 1573
777 1572
776 1571
776 1570
775 1569
774 1568
773 1567
772 1566
771 1565
770 1564
769 1563
768 1562
767 1561
766 1560
765 1559
764 1559
763 1559
762 1558
761 1557
760 1557
759 1556
758 1556
757 1555
756 1554
755 1554
754 1553
753 1552
752 1552
751 1551
750 1551
749 1550
748 1550
747 1549
746 1549
745 1548
744 1548
743 1547
742 1547
741 1546
740 1546
739 1545
738 1545
737 1544
736 1544
735 1544
734 1543
733 1543
732 1543
731 1542
730 1542
729 1542
728 1542
727 1541
726 1541
725 1541
724 1540
723 1540
722 1539
721 1539
720 1538
719 1538
718 1537
717 1537
716 1536
715 1536
714 1536
713 1535
712 1535
711 1534
710 1534
709 1533
708 1533
707 1532
706 1532
705 1531
704 1531
703 1530
702 1529
701 1529
700 1528
699 1528
698 1527
697 1527
696 1526
695 1526
694 1525
693 1525
692 1524
691 1524
690 1523
689 1523
688 1523
687 1522
686 1522
685 1521
684 1521
683 1521
682 1521
681 1521
680 1522
679 1522
678 1522
677 1523
676 1523
675 1523
674 1523
673 1523
672 1524
671 1524
670 1524
669 1524
668 1525
667 1525
666 1525
665 1525
664 1525
663 1525
662 1525
661 1525
660 1526
659 1526
658 1526
657 1526
656 1526
655 1526
654 1526
653 1526
652 1526
651 1526
650 1526
649 1525
648 1525
647 1525
646 1525
645 1525
644 1525
643 1525
642 1524
641 1524
640 1524
639 1524
638 1524
637 1523
636 1523
635 1523
634 1522
633 1522
632 1522
631 1521
630 1521
629 1521
628 1520
627 1520
626 1520
625 1520
624 1520
623 1520
622 1520
621 1521
620 1521
619 1521
618 1521
617 1521
616 1522
615 1522
614 1522
613 1522
612 1523
611 1523
610 1523
609 1523
608 1523
607 1524
606 1524
605 1524
604 1524
603 1524
602 1524
601 1524
600 1524
599 1524
598 1524
597 1524
596 1524
595 1524
594 1524
593 1524
592 1524
591 1524
590 1524
589 1524
588 1524
587 1524
586 1524
585 1524
584 1525
583 1524
582 1524
581 1524
580 1525
579 1525
578 1524
577 1524
576 1524
575 1523
574 1523
573 1523
572 1523
571 1523
570 1523
569 1523
568 1523
567 1523
566 1523
565 1523
564 1523
563 1523
562 1523
561 1523
560 1524
559 1524
558 1524
557 1524
556 1524
555 1524
554 1524
553 1524
552 1524
551 1524
550 1524
549 1524
548 1524
547 1524
546 1524
545 1524
544 1524
543 1524
542 1524
541 1524
540 1524
539 1524
538 1523
537 1523
536 1523
535 1523
534 1523
533 1522
532 1522
531 1522
530 1522
529 1522
528 1521
527 1521
526 1520
525 1520
524 1520
523 1520
522 1520
521 1520
520 1520
519 1520
518 1520
517 1520
