333 1747
332 1748
331 1748
330 1748
329 1748
328 1748
327 1748
326 1749
325 1749
324 1749
323 1749
322 1749
321 1750
320 1750
319 1750
318 1750
317 1750
316 1750
315 1750
314 1750
313 1751
312 1751
311 1751
310 1751
309 1751
308 1751
307 1751
306 1751
305 1751
304 1751
303 1751
302 1752
301 1752
300 1752
299 1752
298 1753
297 1753
296 1753
295 1754
294 1754
293 1754
292 1754
291 1754
290 1754
289 1754
288 1754
287 1754
286 1754
285 1754
284 1754
283 1754
282 1754
281 1754
280 1754
279 1754
278 1754
277 1754
276 1754
275 1754
274 1753
273 1753
272 1753
271 1753
270 1753
269 1753
268 1753
267 1753
266 1753
265 1753
264 1753
263 1753
262 1753
261 1753
260 1753
259 1753
258 1753
257 1753
256 1753
255 1753
254 1753
253 1753
252 1753
251 1753
250 1753
249 1754
248 1754
247 1754
246 1754
245 1754
244 1755
243 1755
242 1756
241 1756
240 1756
239 1757
238 1757
237 1757
236 1758
235 1758
234 1758
233 1759
232 1759
231 1759
230 1759
229 1760
228 1760
227 1760
226 1760
225 1761
224 1761
223 1761
222 1761
221 1761
220 1761
219 1761
218 1761
217 1761
216 1761
215 1761
214 1761
213 1761
212 1761
211 1761
210 1761
209 1761
208 1762
207 1762
206 1762
205 1762
204 1762
203 1762
202 1762
201 1762
200 1762
199 1762
198 1762
197 1762
196 1762
195 1763
194 1763
193 1763
192 1763
191 1763
190 1763
189 1764
188 1764
187 1764
186 1765
185 1765
184 1765
183 1765
182 1765
181 1765
180 1765
179 1765
178 1765
177 1765
176 1765
175 1765
174 1765
173 1765
172 1765
171 1765
170 1765
169 1765
168 1766
167 1766
166 1766
165 1766
164 1766
163 1766
162 1766
161 1767
160 1767
159 1767
158 1767
157 1767
156 1768
155 1768
154 1768
153 1768
152 1769
151 1769
150 1769
149 1769
148 1769
147 1769
146 1769
145 1770
144 1770
143 1771
142 1771
141 1772
140 1772
139 1772
138 1773
137 1773
136 1773
135 1773
134 1773
133 1774
132 1774
131 1774
130 1774
129 1774
128 1774
127 1774
126 1774
125 1775
124 1775
123 1775
122 1775
121 1775
120 1775
119 1775
118 1775
117 1775
116 1776
115 1776
114 1776
113 1777
112 1777
111 1777
110 1777
109 1777
108 1778
107 1778
106 1778
105 1778
104 1778
103 1778
102 1779
101 1779
100 1779
99 1780
98 1780
97 1780
96 1780
95 1780
94 1781
93 1781
92 1781
91 1781
90 1781
89 1782
88 1782
87 1782
86 1782
85 1782
84 1783
83 1783
82 1783
81 1783
80 1784
79 1784
78 1784
77 1785
76 1785
75 1785
74 1785
73 1785
72 1786
71 1786
70 1786
69 1786
68 1787
67 1787
66 1787
65 1788
64 1788
63 1788
62 1789
61 1789
60 1790
59 1790
58 1791
57 1791
56 1791
55 1792
54 1792
53 1793
52 1793
51 1794
50 1795
49 1796
48 1797
47 1798
46 1799
45 1799
44 1800
43 1801
42 1802
42 1803
41 1804
40 1805
40 1806
39 1807
39 1808
39 1809
38 1810
38 1811
37 1812
37 1813
37 1814
37 1815
36 1816
36 1817
36 1818
35 1819
35 1820
35 1821
35 1822
34 1823
34 1824
34 1825
34 1826
33 1827
33 1828
33 1829
33 1830
32 1831
32 1832
32 1833
32 1834
32 1835
32 1836
33 1837
33 1838
34 1838
35 1839
35 1840
36 1841
37 1842
38 1842
39 1843
40 1844
41 1844
42 1845
43 1846
44 1846
45 1847
46 1848
47 1848
48 1849
49 1850
50 1850
51 1850
52 1851
53 1851
54 1852
55 1852
56 1853
57 1853
58 1853
59 1854
60 1854
61 1854
62 1855
63 1855
64 1855
65 1855
66 1856
67 1856
68 1856
69 1856
70 1856
71 1856
72 1856
73 1857
74 1857
75 1857
76 1857
77 1857
78 1857
79 1857
80 1857
81 1857
82 1857
83 1857
84 1857
85 1857
86 1858
87 1858
88 1858
89 1858
90 1859
91 1859
92 1859
93 1859
94 1859
95 1859
96 1859
97 1859
98 1859
99 1859
100 1859
101 1860
102 1860
103 1860
104 1860
105 1860
106 1860
107 1860
108 1861
109 1861
110 1861
111 1861
112 1862
113 1862
114 1862
115 1862
116 1862
117 1862
118 1862
119 1862
120 1862
121 1862
122 1863
123 1863
124 1863
125 1863
126 1864
127 1864
128 1864
129 1864
130 1864
131 1864
132 1865
133 1865
134 1865
135 1865
136 1866
137 1866
138 1866
139 1866
140 1866
141 1866
142 1866
143 1866
144 1866
145 1866
146 1867
147 1867
148 1867
149 1868
150 1868
151 1868
152 1868
153 1869
154 1869
155 1869
156 1869
157 1869
158 1869
159 1869
160 1870
161 1870
162 1870
163 1870
164 1870
165 1870
166 1871
167 1870
168 1870
169 1870
170 1870
171 1870
172 1870
173 1871
174 1871
175 1871
176 1871
177 1871
178 1871
179 1871
180 1871
181 1872
182 1872
183 1872
184 1873
185 1873
186 1873
187 1874
188 1874
189 1874
190 1874
191 1874
192 1875
193 1875
194 1875
195 1875
196 1875
197 1875
198 1875
199 1875
200 1875
201 1876
202 1876
203 1876
204 1876
205 1877
206 1877
207 1878
208 1878
209 1878
210 1879
211 1879
212 1879
213 1880
214 1880
215 1880
216 1880
217 1880
218 1881
219 1881
220 1881
221 1881
222 1882
223 1882
224 1883
225 1883
226 1883
227 1884
228 1884
229 1884
230 1885
231 1885
232 1885
233 1886
234 1886
235 1886
236 1886
237 1887
238 1887
239 1887
240 1888
241 1888
242 1888
243 1888
244 1888
245 1889
246 1889
247 1889
248 1889
249 1889
250 1890
251 1890
252 1890
253 1890
254 1890
255 1890
256 1890
257 1890
258 1890
259 1890
260 1890
261 1890
262 1890
263 1890
264 1891
265 1891
266 1891
267 1891
268 1891
269 1891
270 1891
271 1891
272 1892
273 1892
274 1892
275 1892
276 1893
277 1893
278 1893
279 1893
280 1893
281 1893
282 1893
283 1893
284 1893
285 1893
286 1893
287 1893
288 1893
289 1893
290 1893
291 1893
292 1893
293 1893
294 1893
295 1893
296 1893
297 1893
298 1893
299 1893
300 1893
301 1893
302 1893
303 1893
304 1893
305 1893
306 1893
307 1893
308 1893
309 1893
310 1893
311 1893
312 1893
313 1893
314 1893
315 1893
316 1893
317 1893
318 1893
319 1894
320 1894
321 1894
322 1894
323 1894
324 1894
325 1894
326 1894
327 1894
328 1894
329 1894
330 1895
331 1895
332 1895
333 1895
334 1895
335 1896
336 1896
337 1896
338 1896
339 1896
340 1896
341 1896
342 1896
343 1896
344 1896
345 1896
346 1896
347 1896
348 1897
349 1897
350 1897
351 1897
352 1897
353 1897
354 1897
355 1897
356 1897
357 1897
358 1897
359 1897
360 1898
361 1898
362 1898
363 1898
364 1898
365 1898
366 1898
367 1898
368 1898
369 1898
370 1898
371 1898
372 1898
373 1898
374 1898
375 1898
376 1898
377 1898
378 1898
379 1898
380 1898
381 1899
382 1899
383 1899
384 1899
385 1899
386 1899
387 1899
388 1899
389 1898
390 1898
391 1898
392 1898
393 1898
394 1898
395 1898
396 1898
397 1898
398 1898
399 1898
400 1898
401 1898
402 1898
403 1898
404 1897
405 1897
406 1897
407 1897
408 1897
409 1897
410 1897
411 1897
412 1897
413 1897
414 1897
415 1898
416 1898
417 1898
418 1898
419 1898
420 1898
421 1898
422 1898
423 1898
424 1898
425 1898
426 1898
427 1898
428 1898
429 1898
430 1898
431 1898
432 1898
433 1898
434 1898
435 1898
436 1898
437 1898
438 1898
439 1898
440 1898
441 1898
442 1899
443 1899
444 1899
445 1899
446 1899
447 1899
448 1899
449 1899
450 1899
451 1899
452 1899
453 1899
454 1899
455 1899
456 1899
457 1899
458 1899
459 1899
460 1899
461 1899
462 1899
463 1899
464 1899
465 1900
466 1900
467 1900
468 1900
469 1900
470 1900
471 1900
472 1900
473 1900
474 1900
475 1900
476 1900
477 1900
478 1900
479 1900
480 1899
481 1899
482 1899
483 1899
484 1899
485 1899
486 1898
487 1898
488 1898
489 1898
490 1898
491 1897
492 1897
493 1897
494 1897
495 1897
496 1896
497 1896
498 1896
499 1896
500 1896
501 1896
502 1895
503 1895
504 1895
505 1895
506 1895
507 1895
508 1895
509 1895
510 1895
511 1895
512 1895
513 1895
514 1895
515 1895
516 1894
517 1895
518 1895
519 1895
520 1895
521 1895
522 1894
523 1894
524 1894
525 1894
526 1894
527 1894
528 1894
529 1894
530 1894
531 1894
532 1894
533 1894
534 1893
535 1893
536 1893
537 1893
538 1893
539 1893
540 1893
541 1893
542 1893
543 1893
544 1893
545 1893
546 1893
547 1893
548 1893
549 1893
550 1893
551 1893
552 1893
553 1894
554 1894
555 1894
556 1894
557 1894
558 1894
559 1893
560 1893
561 1893
562 1893
563 1893
564 1893
565 1893
566 1893
567 1893
568 1893
569 1892
570 1892
571 1892
572 1892
573 1892
574 1891
575 1891
576 1891
577 1890
578 1890
579 1890
580 1890
581 1890
582 1890
583 1890
584 1889
585 1889
586 1889
587 1889
588 1889
589 1889
590 1888
591 1888
592 1888
593 1888
594 1888
595 1888
596 1888
597 1888
598 1888
599 1888
600 1888
601 1888
602 1888
603 1888
604 1888
605 1888
606 1888
607 1888
608 1888
609 1888
610 1888
611 1888
612 1888
613 1888
614 1888
615 1888
616 1888
617 1888
618 1888
619 1888
620 1888
621 1888
622 1888
623 1888
624 1888
625 1888
626 1888
627 1888
628 1888
629 1888
630 1888
631 1888
632 1888
633 1888
634 1888
635 1888
636 1889
637 1889
638 1889
639 1889
640 1889
641 1889
642 1889
643 1889
644 1890
645 1890
646 1890
647 1890
648 1890
649 1890
650 1890
651 1890
652 1890
653 1890
654 1890
655 1890
656 1889
657 1889
658 1889
659 1888
660 1888
661 1888
662 1887
663 1887
664 1887
665 1887
666 1886
667 1886
668 1886
669 1886
670 1885
671 1885
672 1885
673 1885
674 1885
675 1885
676 1885
677 1885
678 1885
679 1885
680 1885
681 1885
682 1884
683 1884
684 1884
685 1884
686 1884
687 1883
688 1883
689 1883
690 1883
691 1883
692 1882
693 1882
694 1882
695 1882
696 1882
697 1882
698 1882
699 1882
700 1882
701 1882
702 1882
703 1882
704 1882
705 1882
706 1881
707 1881
708 1881
709 1881
710 1881
711 1880
712 1880
713 1880
714 1880
715 1880
716 1880
717 1879
718 1879
719 1879
720 1879
721 1878
722 1878
723 1878
724 1877
725 1877
726 1876
727 1875
728 1875
729 1874
730 1874
731 1874
732 1873
733 1873
734 1873
735 1872
736 1871
737 1871
738 1870
739 1869
740 1868
741 1868
742 1867
743 1866
744 1866
745 1865
746 1864
747 1863
748 1862
748 1861
749 1860
750 1859
751 1858
752 1857
753 1856
754 1855
755 1854
756 1854
757 1853
758 1852
759 1851
760 1850
761 1849
762 1848
763 1847
764 1847
765 1846
766 1846
767 1845
768 1845
769 1844
770 1844
771 1843
772 1843
773 1842
774 1842
775 1841
776 1840
777 1839
778 1838
779 1837
779 1836
779 1835
779 1834
779 1833
779 1832
780 1831
780 1830
780 1829
779 1828
779 1827
779 1826
778 1825
778 1824
778 1823
777 1822
776 1821
776 1820
775 1819
774 1818
773 1817
772 1816
771 1815
770 1814
769 1813
768 1812
767 1811
766 1810
765 1810
764 1809
763 1808
762 1807
761 1806
760 1805
759 1805
758 1804
757 1804
756 1803
755 1803
754 1802
753 1801
752 1801
751 1800
750 1800
749 1799
748 1799
747 1798
746 1798
745 1797
744 1797
743 1796
742 1796
741 1795
740 1795
739 1794
738 1794
737 1793
736 1793
735 1792
734 1792
733 1791
732 1791
731 1790
730 1790
729 1790
728 1789
727 1789
726 1788
725 1788
724 1787
723 1787
722 1786
721 1786
720 1785
719 1785
718 1785
717 1785
716 1784
715 1784
714 1783
713 1783
712 1782
711 1782
710 1782
709 1781
708 1781
707 1781
706 1780
705 1780
704 1779
703 1779
702 1778
701 1778
700 1777
699 1777
698 1776
697 1776
696 1775
695 1775
694 1775
693 1774
692 1774
691 1773
690 1773
689 1773
688 1773
687 1772
686 1772
685 1771
684 1771
683 1771
682 1771
681 1770
680 1770
679 1770
678 1769
677 1769
676 1769
675 1769
674 1768
673 1768
672 1768
671 1767
670 1767
669 1766
668 1766
667 1766
666 1765
665 1765
664 1765
663 1765
662 1765
661 1764
660 1764
659 1764
658 1764
657 1764
656 1764
655 1764
654 1764
653 1764
652 1764
651 1764
650 1764
649 1764
648 1764
647 1764
646 1763
645 1763
644 1763
643 1763
642 1763
641 1762
640 1762
639 1762
638 1761
637 1761
636 1761
635 1761
634 1761
633 1761
632 1761
631 1761
630 1761
629 1761
628 1761
627 1761
626 1761
625 1761
624 1761
623 1761
622 1761
621 1761
620 1761
619 1761
618 1761
617 1760
616 1760
615 1760
614 1760
613 1759
612 1759
611 1759
610 1759
609 1759
608 1759
607 1759
606 1759
605 1758
604 1758
603 1758
602 1757
601 1757
600 1757
599 1757
598 1757
597 1757
596 1756
595 1756
594 1756
593 1756
592 1756
591 1756
590 1755
589 1755
588 1755
587 1755
586 1755
585 1755
584 1755
583 1754
582 1754
581 1754
580 1754
579 1754
578 1754
577 1754
576 1754
575 1754
574 1754
573 1754
572 1754
571 1754
570 1754
569 1754
568 1754
567 1754
566 1754
565 1754
564 1754
563 1754
562 1754
561 1754
560 1754
559 1754
558 1754
557 1753
556 1753
555 1753
554 1752
553 1752
552 1752
551 1752
550 1752
549 1752
548 1751
547 1751
546 1751
545 1751
544 1751
543 1751
542 1751
541 1751
540 1751
539 1751
538 1750
537 1750
536 1750
535 1750
534 1749
533 1749
532 1749
531 1749
530 1749
529 1749
528 1749
527 1749
526 1749
525 1749
524 1748
523 1748
522 1748
521 1748
520 1748
519 1748
518 1748
517 1748
516 1749
515 1749
514 1750
513 1750
512 1750
511 1750
510 1750
509 1750
508 1750
507 1750
506 1750
505 1750
504 1750
503 1750
502 1750
501 1749
500 1749
499 1749
498 1749
497 1749
496 1749
495 1749
494 1749
493 1749
492 1749
491 1749
490 1749
489 1749
488 1750
487 1750
486 1750
485 1751
484 1751
483 1751
482 1752
481 1752
480 1752
479 1752
478 1752
477 1752
476 1752
475 1752
474 1752
473 1752
472 1752
471 1752
470 1751
469 1751
468 1751
467 1751
466 1751
465 1750
464 1750
463 1749
462 1749
461 1749
460 1749
459 1749
458 1749
457 1749
456 1749
455 1749
454 1749
453 1749
452 1749
451 1749
450 1749
449 1749
448 1748
447 1748
446 1748
445 1748
444 1748
443 1748
442 1748
441 1748
440 1748
439 1748
438 1748
437 1748
436 1748
435 1748
434 1748
433 1748
432 1748
431 1748
430 1748
429 1748
428 1749
427 1749
426 1749
425 1749
424 1749
423 1749
422 1749
421 1749
420 1749
419 1749
418 1749
417 1749
416 1749
415 1749
414 1748
413 1748
412 1748
411 1748
410 1748
409 1748
408 1748
407 1748
406 1748
405 1748
404 1748
403 1748
402 1748
401 1748
400 1748
399 1748
398 1748
397 1748
396 1748
395 1748
394 1749
393 1749
392 1749
391 1749
390 1749
389 1749
388 1749
387 1748
386 1748
385 1748
384 1748
383 1748
382 1748
381 1748
380 1748
379 1748
378 1748
377 1748
376 1748
375 1748
374 1748
373 1748
372 1748
371 1748
370 1748
369 1748
368 1748
367 1747
366 1747
365 1747
364 1747
363 1747
362 1747
361 1747
360 1747
359 1747
358 1747
357 1747
356 1747
355 1747
354 1747
353 1747
352 1747
351 1747
350 1747
349 1747
348 1747
347 1747
346 1747
345 1747
344 1747
343 1747
342 1747
341 1747
340 1747
339 1747
338 1747
337 1747
336 1747
335 1747
334 1747
333 1747
