443 1960
442 1961
441 1961
440 1961
439 1962
438 1962
437 1962
436 1963
435 1963
434 1963
433 1964
432 1964
431 1965
430 1965
429 1966
428 1966
427 1966
426 1966
425 1966
424 1967
423 1967
422 1967
421 1967
420 1967
419 1967
418 1967
417 1967
416 1967
415 1967
414 1967
413 1967
412 1967
411 1967
410 1967
409 1967
408 1967
407 1968
406 1968
405 1968
404 1968
403 1968
402 1968
401 1968
400 1968
399 1969
398 1969
397 1969
396 1969
395 1969
394 1969
393 1969
392 1969
391 1970
390 1970
389 1970
388 1970
387 1970
386 1970
385 1970
384 1970
383 1970
382 1971
381 1971
380 1971
379 1971
378 1971
377 1971
376 1971
375 1971
374 1971
373 1971
372 1971
371 1971
370 1971
369 1971
368 1971
367 1971
366 1971
365 1971
364 1971
363 1971
362 1971
361 1971
360 1971
359 1971
358 1971
357 1971
356 1971
355 1971
354 1970
353 1970
352 1969
351 1969
350 1969
349 1969
348 1969
347 1968
346 1968
345 1968
344 1968
343 1968
342 1968
341 1968
340 1968
339 1968
338 1969
337 1969
336 1969
335 1969
334 1970
333 1970
332 1970
331 1970
330 1970
329 1971
328 1971
327 1971
326 1971
325 1972
324 1972
323 1972
322 1972
321 1973
320 1973
319 1973
318 1973
317 1973
316 1973
315 1973
314 1973
313 1973
312 1973
311 1973
310 1973
309 1973
308 1972
307 1972
306 1972
305 1971
304 1971
303 1971
302 1971
301 1971
300 1970
299 1970
298 1970
297 1970
296 1970
295 1970
294 1970
293 1969
292 1969
291 1969
290 1969
289 1969
288 1969
287 1969
286 1969
285 1969
284 1969
283 1969
282 1969
281 1969
280 1969
279 1969
278 1969
277 1969
276 1969
275 1970
274 1970
273 1970
272 1970
271 1971
270 1971
269 1971
268 1971
267 1971
266 1971
265 1971
264 1971
263 1971
262 1971
261 1971
260 1971
259 1971
258 1971
257 1971
256 1971
255 1971
254 1971
253 1971
252 1971
251 1971
250 1971
249 1971
248 1971
247 1971
246 1971
245 1971
244 1971
243 1971
242 1971
241 1971
240 1971
239 1972
238 1972
237 1972
236 1972
235 1972
234 1972
233 1972
232 1972
231 1972
230 1972
229 1972
228 1972
227 1972
226 1972
225 1972
224 1972
223 1972
222 1972
221 1972
220 1973
219 1973
218 1974
217 1974
216 1975
215 1975
214 1976
213 1976
212 1976
211 1977
210 1977
209 1977
208 1977
207 1977
206 1978
205 1978
204 1978
203 1978
202 1979
201 1979
200 1979
199 1980
198 1980
197 1980
196 1981
195 1981
194 1982
193 1982
192 1982
191 1983
190 1983
189 1983
188 1983
187 1984
186 1984
185 1984
184 1984
183 1984
182 1984
181 1984
180 1984
179 1985
178 1985
177 1986
176 1986
175 1986
174 1987
173 1987
172 1988
171 1988
170 1989
169 1989
168 1990
167 1990
166 1990
165 1991
164 1991
163 1992
162 1992
161 1993
160 1993
159 1993
158 1993
157 1994
156 1994
155 1994
154 1994
153 1994
152 1994
151 1994
150 1994
149 1995
148 1995
147 1995
146 1996
145 1996
144 1996
143 1996
142 1996
141 1997
140 1997
139 1997
138 1997
137 1997
136 1997
135 1998
134 1998
133 1998
132 1998
131 1998
130 1998
129 1999
128 1999
127 1999
126 2000
125 2000
124 2000
123 2000
122 2001
121 2001
120 2001
119 2001
118 2001
117 2002
116 2002
115 2002
114 2002
113 2002
112 2002
111 2002
110 2002
109 2002
108 2002
107 2002
106 2002
105 2002
104 2002
103 2002
102 2002
101 2002
100 2003
99 2003
98 2003
97 2003
96 2003
95 2003
94 2004
93 2004
92 2004
91 2004
90 2004
89 2004
88 2004
87 2004
86 2004
85 2004
84 2005
83 2005
82 2005
81 2006
80 2006
79 2007
78 2007
77 2008
76 2009
75 2010
74 2011
73 2012
72 2013
71 2014
70 2015
69 2016
68 2017
68 2018
67 2019
66 2019
65 2020
64 2021
63 2021
62 2022
61 2023
60 2024
59 2025
58 2026
57 2026
56 2027
55 2028
54 2029
53 2030
52 2031
51 2032
50 2033
49 2034
48 2034
47 2035
46 2036
45 2037
44 2038
43 2039
42 2039
41 2040
40 2041
39 2042
38 2043
37 2044
36 2045
35 2046
34 2047
33 2048
32 2049
32 2050
31 2051
31 2052
31 2053
31 2054
31 2055
31 2056
32 2057
32 2058
33 2059
33 2060
34 2061
35 2062
36 2062
37 2063
38 2064
39 2064
40 2065
41 2066
42 2066
43 2067
44 2067
45 2068
46 2068
47 2068
48 2069
49 2069
50 2069
51 2070
52 2070
53 2070
54 2070
55 2070
56 2071
57 2071
58 2071
59 2071
60 2071
61 2071
62 2071
63 2071
64 2072
65 2072
66 2072
67 2072
68 2072
69 2072
70 2072
71 2072
72 2072
73 2072
74 2073
75 2073
76 2073
77 2073
78 2073
79 2072
80 2072
81 2072
82 2072
83 2072
84 2072
85 2072
86 2072
87 2072
88 2072
89 2072
90 2073
91 2073
92 2073
93 2073
94 2073
95 2074
96 2074
97 2074
98 2075
99 2075
100 2075
101 2076
102 2076
103 2076
104 2077
105 2077
106 2077
107 2077
108 2078
109 2078
110 2078
111 2078
112 2078
113 2078
114 2078
115 2078
116 2078
117 2078
118 2078
119 2078
120 2078
121 2079
122 2079
123 2079
124 2079
125 2079
126 2079
127 2079
128 2080
129 2080
130 2081
131 2081
132 2082
133 2082
134 2083
135 2083
136 2084
137 2084
138 2085
139 2085
140 2086
141 2086
142 2086
143 2086
144 2087
145 2087
146 2087
147 2088
148 2088
149 2088
150 2088
151 2088
152 2089
153 2089
154 2089
155 2089
156 2089
157 2090
158 2090
159 2090
160 2091
161 2091
162 2091
163 2092
164 2092
165 2092
166 2093
167 2093
168 2093
169 2094
170 2094
171 2094
172 2095
173 2095
174 2095
175 2095
176 2095
177 2095
178 2096
179 2096
180 2096
181 2096
182 2096
183 2096
184 2097
185 2097
186 2097
187 2097
188 2097
189 2097
190 2096
191 2096
192 2096
193 2096
194 2096
195 2096
196 2096
197 2096
198 2096
199 2096
200 2096
201 2096
202 2096
203 2097
204 2097
205 2097
206 2097
207 2097
208 2097
209 2097
210 2097
211 2097
212 2097
213 2097
214 2097
215 2096
216 2096
217 2096
218 2096
219 2096
220 2096
221 2096
222 2096
223 2096
224 2096
225 2096
226 2096
227 2096
228 2097
229 2097
230 2097
231 2097
232 2097
233 2097
234 2097
235 2097
236 2098
237 2098
238 2098
239 2099
240 2099
241 2099
242 2099
243 2100
244 2100
245 2100
246 2100
247 2100
248 2100
249 2101
250 2101
251 2101
252 2101
253 2101
254 2101
255 2101
256 2102
257 2102
258 2102
259 2102
260 2102
261 2102
262 2103
263 2103
264 2103
265 2104
266 2104
267 2105
268 2105
269 2105
270 2106
271 2106
272 2107
273 2107
274 2107
275 2108
276 2108
277 2108
278 2109
279 2109
280 2109
281 2110
282 2110
283 2110
284 2110
285 2110
286 2110
287 2110
288 2110
289 2110
290 2110
291 2110
292 2110
293 2110
294 2110
295 2111
296 2111
297 2111
298 2111
299 2111
300 2111
301 2111
302 2111
303 2111
304 2111
305 2111
306 2111
307 2111
308 2111
309 2112
310 2112
311 2112
312 2112
313 2112
314 2112
315 2112
316 2113
317 2113
318 2113
319 2113
320 2113
321 2113
322 2114
323 2114
324 2114
325 2114
326 2114
327 2114
328 2115
329 2115
330 2115
331 2115
332 2115
333 2115
334 2115
335 2115
336 2115
337 2116
338 2116
339 2116
340 2116
341 2116
342 2116
343 2116
344 2116
345 2116
346 2116
347 2116
348 2116
349 2117
350 2117
351 2117
352 2117
353 2117
354 2117
355 2118
356 2118
357 2118
358 2118
359 2118
360 2118
361 2118
362 2118
363 2118
364 2118
365 2118
366 2118
367 2118
368 2118
369 2118
370 2118
371 2119
372 2119
373 2119
374 2119
375 2119
376 2119
377 2120
378 2120
379 2120
380 2121
381 2121
382 2121
383 2121
384 2121
385 2121
386 2121
387 2121
388 2121
389 2121
390 2121
391 2121
392 2121
393 2121
394 2122
395 2122
396 2122
397 2122
398 2122
399 2122
400 2122
401 2122
402 2123
403 2123
404 2123
405 2123
406 2123
407 2123
408 2123
409 2123
410 2124
411 2124
412 2124
413 2124
414 2125
415 2125
416 2125
417 2126
418 2126
419 2126
420 2126
421 2126
422 2127
423 2127
424 2127
425 2127
426 2128
427 2128
428 2128
429 2129
430 2129
431 2129
432 2129
433 2130
434 2130
435 2130
436 2130
437 2131
438 2131
439 2131
440 2131
441 2131
442 2132
443 2132
444 2132
445 2132
446 2132
447 2132
448 2132
449 2132
450 2132
451 2132
452 2132
453 2132
454 2132
455 2132
456 2132
457 2133
458 2133
459 2133
460 2133
461 2134
462 2134
463 2134
464 2134
465 2135
466 2135
467 2135
468 2135
469 2135
470 2135
471 2135
472 2136
473 2135
474 2135
475 2136
476 2136
477 2136
478 2136
479 2136
480 2136
481 2137
482 2137
483 2137
484 2137
485 2137
486 2137
487 2137
488 2137
489 2137
490 2137
491 2138
492 2138
493 2138
494 2138
495 2139
496 2139
497 2139
498 2139
499 2139
500 2139
501 2139
502 2139
503 2139
504 2139
505 2139
506 2140
507 2140
508 2140
509 2140
510 2140
511 2140
512 2140
513 2140
514 2140
515 2140
516 2140
517 2140
518 2140
519 2140
520 2140
521 2140
522 2140
523 2140
524 2140
525 2140
526 2140
527 2140
528 2140
529 2140
530 2140
531 2140
532 2140
533 2140
534 2140
535 2139
536 2139
537 2139
538 2139
539 2139
540 2140
541 2140
542 2140
543 2140
544 2140
545 2140
546 2140
547 2140
548 2140
549 2140
550 2140
551 2141
552 2141
553 2141
554 2141
555 2142
556 2142
557 2143
558 2143
559 2143
560 2144
561 2144
562 2144
563 2144
564 2145
565 2145
566 2145
567 2145
568 2145
569 2145
570 2145
571 2145
572 2145
573 2145
574 2145
575 2144
576 2144
577 2144
578 2144
579 2144
580 2144
581 2144
582 2144
583 2144
584 2144
585 2144
586 2144
587 2144
588 2144
589 2144
590 2144
591 2143
592 2144
593 2144
594 2143
595 2143
596 2143
597 2143
598 2143
599 2143
600 2143
601 2143
602 2144
603 2144
604 2143
605 2143
606 2143
607 2143
608 2143
609 2143
610 2143
611 2143
612 2143
613 2143
614 2142
615 2142
616 2142
617 2142
618 2142
619 2142
620 2142
621 2142
622 2142
623 2142
624 2142
625 2142
626 2142
627 2142
628 2142
629 2142
630 2142
631 2142
632 2142
633 2142
634 2142
635 2142
636 2142
637 2142
638 2142
639 2142
640 2142
641 2142
642 2142
643 2142
644 2142
645 2141
646 2141
647 2141
648 2141
649 2141
650 2140
651 2140
652 2140
653 2140
654 2140
655 2140
656 2140
657 2140
658 2140
659 2140
660 2140
661 2140
662 2140
663 2140
664 2140
665 2140
666 2140
667 2140
668 2140
669 2140
670 2140
671 2140
672 2140
673 2140
674 2140
675 2140
676 2139
677 2139
678 2139
679 2138
680 2138
681 2137
682 2137
683 2137
684 2137
685 2137
686 2137
687 2137
688 2137
689 2137
690 2137
691 2136
692 2136
693 2136
694 2135
695 2135
696 2135
697 2134
698 2134
699 2133
700 2133
701 2132
702 2132
703 2131
704 2131
705 2131
706 2130
707 2130
708 2130
709 2130
710 2130
711 2129
712 2129
713 2129
714 2129
715 2129
716 2129
717 2128
718 2128
719 2128
720 2128
721 2127
722 2127
723 2127
724 2126
725 2126
726 2125
727 2125
728 2124
729 2124
730 2123
731 2123
732 2122
733 2121
734 2120
735 2119
736 2119
737 2118
738 2117
739 2116
740 2115
741 2114
742 2113
743 2113
744 2112
745 2111
746 2110
747 2110
748 2109
749 2108
750 2108
751 2108
752 2107
753 2107
754 2107
755 2106
756 2106
757 2106
758 2105
759 2104
760 2104
760 2103
761 2102
761 2101
761 2100
762 2099
762 2098
762 2097
763 2096
763 2095
763 2094
764 2093
764 2092
764 2091
765 2090
765 2089
765 2088
766 2087
766 2086
766 2085
767 2084
767 2083
767 2082
768 2081
768 2080
768 2079
768 2078
768 2077
768 2076
768 2075
768 2074
769 2073
769 2072
769 2071
769 2070
770 2069
770 2068
770 2067
770 2066
771 2065
771 2064
771 2063
771 2062
772 2061
772 2060
772 2059
773 2058
773 2057
773 2056
773 2055
773 2054
773 2053
773 2052
774 2051
774 2050
774 2049
775 2048
775 2047
775 2046
776 2045
776 2044
776 2043
776 2042
776 2041
777 2040
777 2039
778 2038
778 2037
778 2036
778 2035
778 2034
778 2033
778 2032
778 2031
778 2030
777 2029
777 2028
777 2027
776 2026
776 2025
776 2024
776 2023
775 2022
775 2021
774 2020
774 2019
773 2018
773 2017
772 2016
771 2015
771 2014
770 2013
770 2012
769 2011
768 2010
768 2009
767 2008
766 2007
765 2006
764 2005
763 2004
762 2003
761 2002
760 2001
759 2000
758 2000
757 1999
756 1999
755 1998
754 1998
753 1998
752 1997
751 1997
750 1996
749 1996
748 1995
747 1995
746 1994
745 1994
744 1993
743 1993
742 1992
741 1992
740 1991
739 1991
738 1990
737 1990
736 1989
735 1989
734 1988
733 1988
732 1988
731 1987
730 1987
729 1987
728 1986
727 1986
726 1986
725 1985
724 1985
723 1985
722 1984
721 1984
720 1984
719 1983
718 1983
717 1982
716 1982
715 1981
714 1981
713 1980
712 1980
711 1980
710 1979
709 1979
708 1979
707 1978
706 1978
705 1978
704 1977
703 1977
702 1977
701 1977
700 1976
699 1976
698 1976
697 1976
696 1976
695 1975
694 1975
693 1975
692 1974
691 1974
690 1974
689 1974
688 1974
687 1974
686 1974
685 1974
684 1974
683 1974
682 1974
681 1974
680 1974
679 1974
678 1974
677 1974
676 1974
675 1974
674 1974
673 1974
672 1974
671 1974
670 1974
669 1974
668 1974
667 1974
666 1974
665 1973
664 1973
663 1973
662 1973
661 1973
660 1972
659 1972
658 1972
657 1972
656 1971
655 1971
654 1971
653 1971
652 1971
651 1971
650 1971
649 1971
648 1971
647 1971
646 1971
645 1971
644 1971
643 1971
642 1971
641 1971
640 1971
639 1971
638 1971
637 1972
636 1972
635 1972
634 1972
633 1972
632 1973
631 1973
630 1973
629 1973
628 1973
627 1973
626 1973
625 1973
624 1973
623 1973
622 1973
621 1973
620 1973
619 1973
618 1972
617 1972
616 1972
615 1971
614 1971
613 1971
612 1970
611 1970
610 1969
609 1969
608 1969
607 1968
606 1968
605 1968
604 1967
603 1967
602 1966
601 1966
600 1966
599 1966
598 1966
597 1966
596 1965
595 1965
594 1965
593 1965
592 1965
591 1965
590 1965
589 1965
588 1965
587 1965
586 1965
585 1965
584 1965
583 1965
582 1965
581 1965
580 1965
579 1965
578 1965
577 1965
576 1965
575 1965
574 1965
573 1965
572 1965
571 1965
570 1965
569 1965
568 1965
567 1964
566 1964
565 1964
564 1964
563 1964
562 1964
561 1964
560 1963
559 1963
558 1963
557 1962
556 1962
555 1962
554 1962
553 1962
552 1962
551 1962
550 1962
549 1962
548 1962
547 1963
546 1963
545 1963
544 1963
543 1963
542 1963
541 1963
540 1963
539 1963
538 1963
537 1963
536 1963
535 1963
534 1963
533 1963
532 1963
531 1963
530 1963
529 1963
528 1963
527 1963
526 1963
525 1963
524 1963
523 1963
522 1963
521 1963
520 1963
519 1963
518 1963
517 1963
516 1963
515 1963
514 1963
513 1963
512 1963
511 1963
510 1962
509 1962
508 1962
507 1962
506 1962
505 1962
504 1962
503 1962
502 1962
501 1962
500 1962
499 1962
498 1962
497 1962
496 1963
495 1963
494 1963
493 1963
492 1963
491 1963
490 1963
489 1963
488 1963
487 1963
486 1963
485 1962
484 1962
483 1962
482 1962
481 1962
480 1961
479 1961
478 1961
477 1961
476 1961
475 1961
474 1961
473 1961
472 1961
471 1961
470 1961
469 1961
468 1961
467 1961
466 1960
465 1960
464 1960
463 1960
462 1960
461 1960
460 1960
459 1960
458 1960
457 1960
456 1960
455 1960
454 1960
453 1960
452 1960
451 1960
450 1960
449 1960
448 1960
447 1960
446 1960
445 1960
444 1960
443 1960
