581 2202
580 2203
579 2203
578 2203
577 2204
576 2204
575 2204
574 2205
573 2205
572 2206
571 2206
570 2207
569 2207
568 2207
567 2208
566 2208
565 2208
564 2208
563 2208
562 2209
561 2209
560 2209
559 2210
558 2210
557 2210
556 2210
555 2211
554 2211
553 2211
552 2211
551 2212
550 2212
549 2212
548 2212
547 2213
546 2213
545 2213
544 2214
543 2214
542 2214
541 2215
540 2215
539 2216
538 2216
537 2217
536 2217
535 2217
534 2217
533 2217
532 2217
531 2217
530 2217
529 2218
528 2218
527 2219
526 2219
525 2219
524 2219
523 2220
522 2220
521 2221
520 2221
519 2222
518 2222
517 2222
516 2223
515 2223
514 2223
513 2224
512 2224
511 2225
510 2225
509 2225
508 2226
507 2226
506 2226
505 2227
504 2227
503 2227
502 2227
501 2227
500 2227
499 2227
498 2227
497 2228
496 2228
495 2228
494 2228
493 2228
492 2228
491 2228
490 2228
489 2228
488 2228
487 2228
486 2228
485 2228
484 2228
483 2228
482 2228
481 2228
480 2228
479 2228
478 2228
477 2228
476 2228
475 2228
474 2228
473 2228
472 2228
471 2228
470 2228
469 2228
468 2228
467 2228
466 2228
465 2228
464 2228
463 2229
462 2229
461 2229
460 2229
459 2230
458 2230
457 2230
456 2230
455 2230
454 2230
453 2230
452 2230
451 2231
450 2231
449 2231
448 2231
447 2231
446 2231
445 2231
444 2232
443 2232
442 2232
441 2232
440 2232
439 2233
438 2233
437 2233
436 2233
435 2233
434 2233
433 2233
432 2233
431 2233
430 2233
429 2233
428 2233
427 2233
426 2233
425 2233
424 2233
423 2233
422 2233
421 2233
420 2232
419 2232
418 2232
417 2232
416 2232
415 2232
414 2232
413 2232
412 2233
411 2233
410 2233
409 2233
408 2233
407 2233
406 2233
405 2233
404 2233
403 2233
402 2233
401 2234
400 2234
399 2234
398 2235
397 2235
396 2235
395 2235
394 2236
393 2236
392 2236
391 2236
390 2236
389 2236
388 2237
387 2237
386 2237
385 2238
384 2238
383 2238
382 2238
381 2238
380 2238
379 2238
378 2238
377 2238
376 2238
375 2238
374 2238
373 2239
372 2239
371 2239
370 2239
369 2239
368 2240
367 2240
366 2240
365 2240
364 2240
363 2241
362 2241
361 2241
360 2241
359 2242
358 2242
357 2242
356 2242
355 2243
354 2243
353 2243
352 2243
351 2243
350 2244
349 2244
348 2244
347 2244
346 2244
345 2244
344 2244
343 2244
342 2245
341 2245
340 2245
339 2245
338 2245
337 2245
336 2245
335 2245
334 2245
333 2246
332 2246
331 2246
330 2246
329 2246
328 2246
327 2246
326 2246
325 2246
324 2246
323 2246
322 2246
321 2246
320 2246
319 2246
318 2246
317 2246
316 2246
315 2246
314 2246
313 2246
312 2246
311 2246
310 2246
309 2246
308 2246
307 2246
306 2246
305 2246
304 2246
303 2246
302 2246
301 2246
300 2246
299 2246
298 2246
297 2246
296 2246
295 2246
294 2246
293 2246
292 2246
291 2246
290 2247
289 2247
288 2247
287 2247
286 2247
285 2247
284 2247
283 2247
282 2247
281 2247
280 2247
279 2247
278 2247
277 2247
276 2247
275 2247
274 2247
273 2248
272 2248
271 2248
270 2248
269 2248
268 2248
267 2248
266 2249
265 2249
264 2249
263 2249
262 2249
261 2249
260 2250
259 2250
258 2250
257 2250
256 2250
255 2250
254 2251
253 2251
252 2251
251 2251
250 2251
249 2252
248 2252
247 2252
246 2252
245 2252
244 2252
243 2253
242 2253
241 2253
240 2253
239 2254
238 2254
237 2254
236 2255
235 2255
234 2255
233 2256
232 2256
231 2256
230 2257
229 2257
228 2257
227 2257
226 2257
225 2258
224 2258
223 2258
222 2258
221 2258
220 2259
219 2259
218 2259
217 2260
216 2260
215 2260
214 2260
213 2260
212 2260
211 2260
210 2261
209 2261
208 2261
207 2261
206 2262
205 2262
204 2262
203 2262
202 2263
201 2263
200 2264
199 2264
198 2264
197 2265
196 2265
195 2266
194 2266
193 2267
192 2268
191 2268
190 2269
189 2269
188 2270
187 2271
186 2271
185 2272
184 2273
183 2273
182 2274
181 2275
180 2275
179 2276
178 2276
177 2277
176 2277
175 2278
174 2278
173 2279
172 2280
171 2280
170 2281
169 2281
168 2281
167 2282
166 2282
165 2283
164 2283
163 2284
162 2284
161 2285
160 2285
159 2286
158 2286
157 2287
156 2287
155 2288
154 2288
153 2289
152 2289
151 2290
150 2290
149 2291
148 2291
147 2292
146 2292
145 2292
144 2293
143 2293
142 2293
141 2294
140 2294
139 2294
138 2294
137 2295
136 2295
135 2295
134 2295
133 2296
132 2295
131 2296
130 2296
129 2296
128 2296
127 2296
126 2297
125 2297
124 2297
123 2297
122 2297
121 2297
120 2297
119 2297
118 2297
117 2297
116 2297
115 2298
114 2298
113 2298
112 2298
111 2298
110 2299
109 2299
108 2299
107 2299
106 2299
105 2299
104 2299
103 2299
102 2299
101 2299
100 2299
99 2299
98 2299
97 2299
96 2299
95 2299
94 2299
93 2299
92 2300
91 2300
90 2300
89 2300
88 2300
87 2300
86 2300
85 2300
84 2300
83 2301
82 2301
81 2301
80 2302
79 2302
78 2302
77 2302
76 2302
75 2302
74 2302
73 2303
72 2303
71 2303
70 2303
69 2303
68 2303
67 2303
66 2303
65 2303
64 2304
63 2304
62 2304
61 2303
60 2304
59 2304
58 2304
57 2304
56 2304
55 2305
54 2305
53 2305
52 2306
51 2306
50 2306
49 2307
48 2307
47 2308
46 2308
45 2309
44 2309
43 2310
42 2311
41 2312
40 2312
39 2313
39 2314
39 2315
39 2316
39 2317
39 2318
40 2319
40 2320
40 2321
40 2322
40 2323
41 2324
41 2325
41 2326
41 2327
41 2328
41 2329
41 2330
41 2331
42 2332
43 2333
43 2334
44 2335
44 2336
45 2337
46 2338
47 2339
48 2340
49 2341
50 2342
51 2343
52 2344
53 2345
54 2346
55 2347
56 2348
57 2349
58 2350
59 2351
60 2352
61 2352
62 2353
63 2353
64 2353
65 2353
66 2354
67 2354
68 2354
69 2354
70 2355
71 2355
72 2355
73 2355
74 2355
75 2356
76 2355
77 2356
78 2356
79 2356
80 2356
81 2356
82 2356
83 2356
84 2357
85 2357
86 2357
87 2357
88 2357
89 2357
90 2358
91 2358
92 2358
93 2358
94 2358
95 2359
96 2359
97 2359
98 2360
99 2360
100 2360
101 2361
102 2361
103 2361
104 2362
105 2362
106 2362
107 2362
108 2362
109 2362
110 2362
111 2362
112 2362
113 2362
114 2362
115 2362
116 2362
117 2362
118 2362
119 2362
120 2362
121 2362
122 2362
123 2362
124 2362
125 2362
126 2362
127 2362
128 2362
129 2362
130 2362
131 2363
132 2363
133 2363
134 2363
135 2363
136 2363
137 2364
138 2364
139 2364
140 2364
141 2364
142 2364
143 2364
144 2364
145 2364
146 2364
147 2364
148 2364
149 2364
150 2364
151 2364
152 2364
153 2364
154 2364
155 2364
156 2364
157 2364
158 2364
159 2364
160 2364
161 2364
162 2364
163 2364
164 2364
165 2364
166 2364
167 2364
168 2364
169 2364
170 2364
171 2364
172 2365
173 2365
174 2365
175 2365
176 2365
177 2365
178 2365
179 2365
180 2365
181 2366
182 2366
183 2366
184 2367
185 2367
186 2367
187 2367
188 2367
189 2368
190 2368
191 2368
192 2368
193 2368
194 2368
195 2368
196 2369
197 2369
198 2369
199 2369
200 2369
201 2369
202 2370
203 2370
204 2370
205 2370
206 2370
207 2371
208 2371
209 2371
210 2372
211 2372
212 2372
213 2373
214 2373
215 2373
216 2374
217 2374
218 2374
219 2375
220 2375
221 2375
222 2376
223 2376
224 2376
225 2377
226 2377
227 2377
228 2378
229 2378
230 2379
231 2379
232 2379
233 2379
234 2380
235 2380
236 2380
237 2381
238 2381
239 2381
240 2382
241 2382
242 2382
243 2383
244 2383
245 2383
246 2383
247 2384
248 2384
249 2384
250 2385
251 2385
252 2385
253 2386
254 2386
255 2387
256 2387
257 2387
258 2388
259 2388
260 2388
261 2389
262 2389
263 2389
264 2389
265 2389
266 2389
267 2389
268 2390
269 2390
270 2390
271 2390
272 2390
273 2391
274 2391
275 2391
276 2391
277 2392
278 2392
279 2392
280 2393
281 2393
282 2393
283 2394
284 2395
285 2395
286 2395
287 2395
288 2396
289 2396
290 2396
291 2396
292 2396
293 2397
294 2397
295 2397
296 2397
297 2397
298 2397
299 2397
300 2397
301 2397
302 2397
303 2398
304 2398
305 2398
306 2398
307 2398
308 2398
309 2398
310 2398
311 2399
312 2399
313 2399
314 2399
315 2399
316 2400
317 2400
318 2400
319 2400
320 2401
321 2401
322 2401
323 2401
324 2402
325 2402
326 2402
327 2402
328 2403
329 2403
330 2403
331 2404
332 2404
333 2404
334 2405
335 2405
336 2405
337 2405
338 2406
339 2406
340 2406
341 2407
342 2407
343 2407
344 2407
345 2407
346 2407
347 2407
348 2407
349 2407
350 2407
351 2407
352 2407
353 2407
354 2407
355 2407
356 2407
357 2407
358 2406
359 2406
360 2406
361 2406
362 2405
363 2405
364 2405
365 2405
366 2405
367 2405
368 2404
369 2404
370 2404
371 2404
372 2404
373 2404
374 2404
375 2404
376 2404
377 2404
378 2404
379 2405
380 2405
381 2405
382 2405
383 2405
384 2405
385 2405
386 2405
387 2406
388 2406
389 2406
390 2406
391 2407
392 2407
393 2407
394 2408
395 2408
396 2409
397 2409
398 2410
399 2410
400 2411
401 2411
402 2411
403 2412
404 2412
405 2412
406 2413
407 2413
408 2413
409 2414
410 2414
411 2414
412 2415
413 2415
414 2416
415 2416
416 2416
417 2416
418 2417
419 2417
420 2417
421 2417
422 2417
423 2418
424 2418
425 2418
426 2418
427 2418
428 2418
429 2418
430 2418
431 2418
432 2418
433 2418
434 2418
435 2418
436 2418
437 2418
438 2417
439 2417
440 2417
441 2417
442 2417
443 2417
444 2417
445 2417
446 2417
447 2417
448 2418
449 2418
450 2418
451 2418
452 2418
453 2418
454 2418
455 2418
456 2418
457 2419
458 2419
459 2419
460 2420
461 2420
462 2420
463 2421
464 2421
465 2422
466 2422
467 2422
468 2423
469 2423
470 2423
471 2423
472 2424
473 2424
474 2424
475 2424
476 2425
477 2425
478 2425
479 2425
480 2426
481 2426
482 2426
483 2426
484 2426
485 2426
486 2426
487 2426
488 2426
489 2426
490 2426
491 2425
492 2425
493 2425
494 2425
495 2425
496 2425
497 2425
498 2425
499 2425
500 2425
501 2425
502 2425
503 2425
504 2425
505 2425
506 2425
507 2425
508 2425
509 2425
510 2425
511 2425
512 2425
513 2425
514 2425
515 2425
516 2425
517 2425
518 2425
519 2425
520 2425
521 2425
522 2425
523 2425
524 2425
525 2426
526 2426
527 2426
528 2426
529 2426
530 2426
531 2426
532 2426
533 2426
534 2426
535 2426
536 2425
537 2425
538 2425
539 2425
540 2425
541 2425
542 2425
543 2425
544 2425
545 2425
546 2425
547 2425
548 2425
549 2425
550 2425
551 2425
552 2425
553 2425
554 2425
555 2425
556 2424
557 2424
558 2424
559 2424
560 2424
561 2423
562 2423
563 2423
564 2423
565 2423
566 2422
567 2422
568 2422
569 2421
570 2421
571 2421
572 2421
573 2420
574 2420
575 2420
576 2419
577 2419
578 2419
579 2419
580 2419
581 2418
582 2418
583 2418
584 2418
585 2418
586 2418
587 2418
588 2418
589 2418
590 2418
591 2418
592 2418
593 2418
594 2418
595 2418
596 2418
597 2418
598 2418
599 2418
600 2418
601 2418
602 2419
603 2419
604 2419
605 2419
606 2419
607 2420
608 2420
609 2420
610 2420
611 2420
612 2420
613 2421
614 2421
615 2421
616 2421
617 2421
618 2421
619 2421
620 2421
621 2421
622 2421
623 2421
624 2421
625 2421
626 2421
627 2421
628 2420
629 2420
630 2420
631 2420
632 2420
633 2420
634 2419
635 2419
636 2419
637 2419
638 2418
639 2418
640 2418
641 2418
642 2417
643 2417
644 2417
645 2417
646 2417
647 2417
648 2417
649 2416
650 2416
651 2416
652 2416
653 2416
654 2416
655 2416
656 2416
657 2416
658 2416
659 2416
660 2416
661 2416
662 2415
663 2415
664 2415
665 2415
666 2415
667 2415
668 2415
669 2415
670 2415
671 2415
672 2415
673 2415
674 2414
675 2414
676 2414
677 2414
678 2414
679 2414
680 2414
681 2414
682 2414
683 2414
684 2414
685 2414
686 2414
687 2414
688 2414
689 2413
690 2413
691 2413
692 2413
693 2413
694 2413
695 2413
696 2413
697 2413
698 2412
699 2412
700 2412
701 2412
702 2412
703 2412
704 2411
705 2411
706 2411
707 2411
708 2410
709 2410
710 2410
711 2409
712 2409
713 2409
714 2408
715 2408
716 2407
717 2407
718 2406
719 2406
720 2405
721 2405
722 2404
723 2403
724 2403
725 2402
726 2401
727 2401
728 2400
729 2399
730 2399
731 2398
732 2397
733 2397
734 2396
735 2395
736 2395
737 2394
738 2393
739 2392
740 2391
741 2390
742 2390
743 2389
744 2388
745 2388
746 2387
747 2386
748 2386
749 2386
750 2385
751 2385
752 2384
753 2384
754 2383
755 2383
756 2382
757 2381
758 2381
759 2380
760 2379
761 2379
762 2378
763 2377
764 2377
765 2376
766 2375
767 2374
768 2374
769 2373
770 2372
771 2372
772 2371
773 2370
774 2369
775 2368
776 2367
777 2366
778 2365
779 2365
780 2364
780 2363
781 2362
782 2361
782 2360
783 2359
784 2358
785 2357
785 2356
785 2355
786 2354
786 2353
786 2352
786 2351
786 2350
786 2349
787 2348
787 2347
787 2346
787 2345
787 2344
786 2343
786 2342
786 2341
786 2340
786 2339
786 2338
786 2337
786 2336
787 2335
787 2334
786 2333
786 2332
786 2331
785 2330
786 2329
786 2328
786 2327
786 2326
786 2325
786 2324
786 2323
786 2322
786 2321
786 2320
786 2319
786 2318
786 2317
786 2316
786 2315
786 2314
786 2313
786 2312
786 2311
786 2310
786 2309
786 2308
786 2307
786 2306
786 2305
786 2304
785 2303
785 2302
785 2301
785 2300
785 2299
785 2298
785 2297
785 2296
785 2295
785 2294
785 2293
785 2292
785 2291
785 2290
785 2289
784 2288
784 2287
784 2286
783 2285
783 2284
783 2283
782 2282
782 2281
782 2280
781 2279
781 2278
780 2277
779 2276
779 2275
778 2274
777 2273
776 2272
775 2271
774 2270
773 2269
772 2268
771 2267
770 2267
769 2266
768 2265
767 2265
766 2264
765 2263
764 2263
763 2262
762 2262
761 2261
760 2261
759 2260
758 2260
757 2259
756 2258
755 2258
754 2257
753 2256
752 2256
751 2255
750 2254
749 2253
748 2252
748 2251
747 2250
746 2249
745 2248
744 2247
743 2246
742 2245
741 2244
740 2243
739 2242
738 2241
737 2240
736 2239
735 2238
734 2237
733 2237
732 2236
731 2235
730 2234
729 2233
728 2232
727 2231
726 2231
725 2230
724 2230
723 2229
722 2228
721 2228
720 2228
719 2227
718 2227
717 2226
716 2226
715 2225
714 2225
713 2224
712 2224
711 2223
710 2223
709 2222
708 2222
707 2221
706 2220
705 2220
704 2219
703 2219
702 2218
701 2217
700 2217
699 2216
698 2216
697 2216
696 2215
695 2215
694 2214
693 2214
692 2214
691 2214
690 2214
689 2214
688 2214
687 2214
686 2214
685 2214
684 2214
683 2214
682 2214
681 2214
680 2214
679 2214
678 2214
677 2214
676 2214
675 2214
674 2214
673 2214
672 2215
671 2215
670 2215
669 2215
668 2215
667 2215
666 2215
665 2215
664 2215
663 2216
662 2216
661 2216
660 2217
659 2217
658 2217
657 2217
656 2217
655 2218
654 2218
653 2218
652 2218
651 2219
650 2219
649 2219
648 2219
647 2219
646 2219
645 2219
644 2219
643 2219
642 2219
641 2219
640 2219
639 2219
638 2219
637 2219
636 2219
635 2219
634 2219
633 2219
632 2219
631 2219
630 2219
629 2219
628 2219
627 2219
626 2219
625 2218
624 2218
623 2217
622 2217
621 2217
620 2217
619 2217
618 2216
617 2216
616 2215
615 2214
614 2213
613 2213
612 2212
611 2211
610 2210
609 2210
608 2209
607 2208
606 2208
605 2207
604 2206
603 2206
602 2205
601 2205
600 2204
599 2203
598 2203
597 2202
596 2202
595 2202
594 2202
593 2202
592 2202
591 2202
590 2202
589 2202
588 2202
587 2202
586 2202
585 2202
584 2202
583 2202
582 2202
581 2202
