2667 1180
2666 1181
2665 1182
2664 1182
2663 1183
2662 1183
2661 1184
2660 1184
2659 1185
2658 1185
2657 1186
2656 1187
2655 1188
2654 1189
2653 1190
2652 1191
2651 1191
2651 1192
2650 1193
2649 1194
2648 1195
2648 1196
2647 1197
2646 1198
2645 1199
2645 1200
2644 1201
2643 1202
2643 1203
2642 1204
2641 1205
2641 1206
2640 1207
2639 1208
2639 1209
2638 1210
2638 1211
2637 1212
2636 1213
2636 1214
2635 1215
2635 1216
2634 1217
2633 1218
2633 1219
2633 1220
2632 1221
2632 1222
2631 1223
2631 1224
2630 1225
2630 1226
2629 1227
2629 1228
2628 1229
2628 1230
2627 1231
2627 1232
2626 1233
2626 1234
2626 1235
2625 1236
2625 1237
2624 1238
2624 1239
2623 1240
2623 1241
2622 1242
2622 1243
2621 1244
2621 1245
2620 1246
2620 1247
2619 1248
2619 1249
2618 1250
2618 1251
2617 1252
2617 1253
2616 1254
2616 1255
2615 1256
2615 1257
2614 1258
2614 1259
2613 1260
2613 1261
2612 1262
2612 1263
2611 1264
2611 1265
2611 1266
2610 1267
2610 1268
2610 1269
2609 1270
2609 1271
2609 1272
2608 1273
2608 1274
2607 1275
2607 1276
2607 1277
2606 1278
2606 1279
2606 1280
2606 1281
2606 1282
2606 1283
2606 1284
2606 1285
2606 1286
2606 1287
2606 1288
2606 1289
2606 1290
2606 1291
2606 1292
2606 1293
2606 1294
2606 1295
2606 1296
2606 1297
2606 1298
2606 1299
2606 1300
2606 1301
2606 1302
2606 1303
2606 1304
2606 1305
2606 1306
2607 1307
2607 1308
2607 1309
2607 1310
2607 1311
2607 1312
2607 1313
2607 1314
2607 1315
2607 1316
2607 1317
2607 1318
2607 1319
2607 1320
2607 1321
2607 1322
2607 1323
2607 1324
2607 1325
2607 1326
2607 1327
2607 1328
2607 1329
2607 1330
2607 1331
2607 1332
2607 1333
2607 1334
2607 1335
2607 1336
2607 1337
2607 1338
2607 1339
2607 1340
2607 1341
2607 1342
2607 1343
2607 1344
2607 1345
2607 1346
2606 1347
2606 1348
2606 1349
2606 1350
2606 1351
2606 1352
2606 1353
2606 1354
2606 1355
2606 1356
2606 1357
2606 1358
2605 1359
2605 1360
2605 1361
2605 1362
2605 1363
2605 1364
2605 1365
2605 1366
2605 1367
2604 1368
2604 1369
2604 1370
2604 1371
2604 1372
2604 1373
2604 1374
2604 1375
2604 1376
2604 1377
2603 1378
2603 1379
2603 1380
2603 1381
2603 1382
2603 1383
2603 1384
2604 1385
2604 1386
2604 1387
2604 1388
2604 1389
2605 1390
2605 1391
2605 1392
2605 1393
2606 1394
2606 1395
2606 1396
2607 1397
2607 1398
2608 1399
2608 1400
2609 1401
2609 1402
2610 1403
2610 1404
2611 1405
2611 1406
2612 1407
2612 1408
2613 1409
2613 1410
2614 1411
2615 1412
2615 1413
2616 1414
2616 1415
2617 1416
2617 1417
2618 1418
2618 1419
2619 1420
2619 1421
2620 1422
2620 1423
2621 1424
2621 1425
2622 1426
2622 1427
2623 1428
2623 1429
2624 1430
2624 1431
2625 1432
2626 1433
2626 1434
2627 1435
2627 1436
2627 1437
2628 1438
2628 1439
2629 1440
2629 1441
2630 1442
2630 1443
2631 1444
2631 1445
2632 1446
2632 1447
2633 1448
2633 1449
2633 1450
2634 1451
2634 1452
2635 1453
2635 1454
2636 1455
2636 1456
2637 1457
2637 1458
2638 1459
2638 1460
2639 1461
2639 1462
2640 1463
2640 1464
2641 1465
2641 1466
2642 1467
2642 1468
2643 1469
2643 1470
2644 1471
2644 1472
2645 1473
2645 1474
2646 1475
2647 1476
2647 1477
2648 1478
2648 1479
2649 1480
2649 1481
2650 1481
2651 1482
2652 1482
2653 1483
2654 1483
2655 1484
2656 1485
2657 1485
2658 1486
2659 1486
2660 1487
2661 1487
2662 1486
2663 1485
2664 1484
2665 1483
2666 1482
2667 1481
2668 1481
2669 1480
2670 1479
2670 1478
2670 1477
2671 1476
2671 1475
2672 1474
2672 1473
2673 1472
2673 1471
2674 1470
2674 1469
2675 1468
2675 1467
2675 1466
2676 1465
2676 1464
2676 1463
2677 1462
2677 1461
2677 1460
2678 1459
2678 1458
2678 1457
2679 1456
2679 1455
2679 1454
2680 1453
2680 1452
2680 1451
2681 1450
2681 1449
2681 1448
2682 1447
2682 1446
2682 1445
2683 1444
2683 1443
2683 1442
2683 1441
2683 1440
2683 1439
2683 1438
2684 1437
2684 1436
2684 1435
2684 1434
2684 1433
2684 1432
2684 1431
2684 1430
2684 1429
2684 1428
2685 1427
2685 1426
2685 1425
2685 1424
2685 1423
2685 1422
2685 1421
2685 1420
2685 1419
2685 1418
2686 1417
2686 1416
2686 1415
2686 1414
2686 1413
2686 1412
2686 1411
2686 1410
2686 1409
2686 1408
2686 1407
2686 1406
2686 1405
2686 1404
2686 1403
2686 1402
2687 1401
2687 1400
2687 1399
2687 1398
2687 1397
2687 1396
2687 1395
2687 1394
2687 1393
2687 1392
2687 1391
2687 1390
2687 1389
2687 1388
2687 1387
2687 1386
2687 1385
2687 1384
2687 1383
2687 1382
2687 1381
2687 1380
2687 1379
2687 1378
2687 1377
2687 1376
2687 1375
2687 1374
2687 1373
2687 1372
2687 1371
2687 1370
2687 1369
2687 1368
2687 1367
2687 1366
2687 1365
2687 1364
2687 1363
2687 1362
2687 1361
2687 1360
2687 1359
2687 1358
2687 1357
2687 1356
2687 1355
2687 1354
2687 1353
2687 1352
2687 1351
2687 1350
2687 1349
2687 1348
2687 1347
2687 1346
2687 1345
2687 1344
2687 1343
2687 1342
2687 1341
2687 1340
2687 1339
2687 1338
2687 1337
2687 1336
2687 1335
2687 1334
2687 1333
2687 1332
2687 1331
2687 1330
2687 1329
2687 1328
2687 1327
2687 1326
2687 1325
2687 1324
2687 1323
2687 1322
2687 1321
2687 1320
2687 1319
2687 1318
2687 1317
2687 1316
2687 1315
2687 1314
2687 1313
2687 1312
2687 1311
2687 1310
2687 1309
2687 1308
2687 1307
2687 1306
2687 1305
2687 1304
2687 1303
2687 1302
2687 1301
2687 1300
2687 1299
2687 1298
2687 1297
2686 1296
2686 1295
2686 1294
2686 1293
2686 1292
2686 1291
2686 1290
2686 1289
2686 1288
2686 1287
2686 1286
2686 1285
2686 1284
2686 1283
2686 1282
2686 1281
2686 1280
2686 1279
2686 1278
2686 1277
2686 1276
2686 1275
2686 1274
2686 1273
2686 1272
2686 1271
2686 1270
2686 1269
2686 1268
2686 1267
2686 1266
2686 1265
2686 1264
2686 1263
2686 1262
2686 1261
2686 1260
2686 1259
2686 1258
2686 1257
2686 1256
2686 1255
2686 1254
2686 1253
2686 1252
2686 1251
2686 1250
2686 1249
2686 1248
2685 1247
2685 1246
2685 1245
2685 1244
2685 1243
2685 1242
2685 1241
2685 1240
2685 1239
2685 1238
2685 1237
2685 1236
2684 1235
2684 1234
2684 1233
2684 1232
2684 1231
2684 1230
2684 1229
2684 1228
2684 1227
2684 1226
2684 1225
2683 1224
2683 1223
2683 1222
2683 1221
2683 1220
2683 1219
2683 1218
2683 1217
2683 1216
2683 1215
2683 1214
2683 1213
2683 1212
2683 1211
2682 1210
2682 1209
2682 1208
2682 1207
2682 1206
2682 1205
2682 1204
2682 1203
2682 1202
2682 1201
2682 1200
2681 1199
2681 1198
2681 1197
2681 1196
2681 1195
2681 1194
2680 1193
2680 1192
2680 1191
2680 1190
2679 1189
2679 1188
2678 1187
2678 1186
2677 1185
2677 1184
2676 1183
2676 1182
2675 1182
2674 1182
2673 1182
2672 1181
2671 1181
2670 1181
2669 1181
2668 1180
2667 1180
