2703 744
2702 745
2701 745
2700 746
2699 747
2698 747
2697 748
2696 749
2695 749
2694 750
2693 751
2692 752
2691 753
2690 754
2689 755
2688 756
2687 757
2687 758
2686 759
2685 760
2684 761
2684 762
2683 763
2682 764
2681 765
2681 766
2680 767
2679 768
2679 769
2678 770
2677 771
2677 772
2676 773
2675 774
2674 775
2674 776
2673 777
2672 778
2672 779
2671 780
2670 781
2669 782
2669 783
2668 784
2667 785
2666 786
2665 787
2665 788
2664 789
2663 790
2662 791
2662 792
2661 793
2660 794
2659 795
2659 796
2658 797
2657 798
2656 799
2656 800
2655 801
2655 802
2654 803
2653 804
2652 805
2652 806
2651 807
2651 808
2650 809
2649 810
2648 811
2648 812
2647 813
2646 814
2646 815
2645 816
2645 817
2644 818
2644 819
2643 820
2643 821
2642 822
2641 823
2640 824
2640 825
2639 826
2638 827
2637 828
2637 829
2636 830
2635 831
2635 832
2634 833
2633 834
2633 835
2632 836
2631 837
2631 838
2630 839
2630 840
2629 841
2628 842
2627 843
2627 844
2626 845
2626 846
2625 847
2624 848
2624 849
2623 850
2622 851
2622 852
2621 853
2621 854
2620 855
2619 856
2619 857
2618 858
2617 859
2617 860
2616 861
2615 862
2614 863
2614 864
2613 865
2613 866
2612 867
2612 868
2611 869
2611 870
2610 871
2609 872
2609 873
2608 874
2608 875
2607 876
2606 877
2606 878
2605 879
2605 880
2604 881
2604 882
2603 883
2602 884
2602 885
2601 886
2600 887
2600 888
2599 889
2599 890
2598 891
2597 892
2597 893
2596 894
2596 895
2595 896
2594 897
2593 898
2593 899
2592 900
2592 901
2591 902
2591 903
2590 904
2590 905
2589 906
2589 907
2588 908
2588 909
2588 910
2587 911
2586 912
2586 913
2586 914
2585 915
2584 916
2584 917
2583 918
2583 919
2582 920
2581 921
2581 922
2580 923
2580 924
2580 925
2579 926
2578 927
2578 928
2578 929
2577 930
2577 931
2576 932
2575 933
2575 934
2575 935
2574 936
2573 937
2573 938
2573 939
2572 940
2571 941
2571 942
2570 943
2570 944
2569 945
2569 946
2568 947
2568 948
2568 949
2567 950
2567 951
2566 952
2566 953
2565 954
2565 955
2564 956
2564 957
2564 958
2563 959
2563 960
2562 961
2562 962
2561 963
2561 964
2561 965
2560 966
2560 967
2559 968
2559 969
2558 970
2558 971
2558 972
2557 973
2557 974
2557 975
2557 976
2557 977
2557 978
2557 979
2557 980
2557 981
2557 982
2557 983
2558 984
2557 985
2557 986
2557 987
2558 988
2558 989
2558 990
2558 991
2558 992
2558 993
2559 994
2559 995
2559 996
2559 997
2559 998
2559 999
2559 1000
2560 1001
2560 1002
2560 1003
2560 1004
2560 1005
2560 1006
2561 1007
2561 1008
2561 1009
2562 1010
2562 1011
2563 1012
2563 1013
2564 1014
2564 1015
2565 1016
2565 1017
2566 1018
2566 1019
2567 1020
2567 1021
2568 1022
2568 1023
2569 1024
2569 1025
2570 1026
2571 1027
2571 1028
2572 1029
2572 1030
2573 1031
2574 1032
2575 1033
2576 1034
2577 1035
2577 1036
2578 1037
2579 1038
2580 1038
2581 1039
2582 1040
2583 1041
2584 1042
2585 1043
2586 1044
2587 1044
2588 1045
2589 1045
2590 1046
2591 1047
2592 1047
2593 1048
2594 1048
2595 1049
2596 1050
2597 1051
2598 1051
2599 1052
2600 1053
2601 1054
2602 1054
2603 1055
2604 1056
2605 1056
2606 1057
2607 1057
2608 1058
2609 1058
2610 1059
2611 1060
2612 1060
2613 1060
2614 1061
2615 1061
2616 1062
2617 1062
2618 1063
2619 1063
2620 1064
2621 1064
2622 1065
2623 1065
2624 1065
2625 1066
2626 1067
2627 1067
2628 1067
2629 1068
2630 1068
2631 1069
2632 1069
2633 1070
2634 1070
2635 1071
2636 1071
2637 1072
2638 1072
2639 1073
2640 1073
2641 1074
2642 1074
2643 1075
2644 1075
2645 1075
2646 1076
2647 1076
2648 1076
2649 1076
2650 1077
2651 1078
2652 1078
2653 1078
2654 1078
2655 1079
2656 1079
2657 1079
2658 1079
2659 1079
2660 1079
2661 1080
2662 1080
2663 1080
2664 1079
2665 1080
2666 1080
2667 1080
2668 1080
2669 1080
2670 1080
2671 1079
2672 1079
2673 1079
2674 1078
2675 1078
2676 1077
2677 1077
2678 1076
2679 1076
2680 1076
2681 1075
2682 1075
2683 1074
2684 1074
2685 1073
2686 1073
2687 1073
2688 1072
2689 1071
2690 1071
2691 1071
2692 1070
2693 1070
2694 1069
2695 1069
2696 1068
2697 1067
2698 1067
2699 1066
2700 1065
2701 1064
2702 1063
2703 1062
2704 1062
2705 1061
2706 1060
2707 1059
2708 1058
2709 1057
2710 1056
2711 1055
2712 1054
2713 1053
2714 1052
2715 1051
2716 1050
2716 1049
2716 1048
2717 1047
2717 1046
2718 1045
2718 1044
2718 1043
2719 1042
2719 1041
2720 1040
2720 1039
2720 1038
2720 1037
2720 1036
2721 1035
2721 1034
2721 1033
2721 1032
2721 1031
2721 1030
2721 1029
2721 1028
2721 1027
2722 1026
2722 1025
2722 1024
2722 1023
2722 1022
2722 1021
2722 1020
2722 1019
2722 1018
2722 1017
2722 1016
2723 1015
2723 1014
2723 1013
2723 1012
2723 1011
2723 1010
2723 1009
2723 1008
2723 1007
2723 1006
2723 1005
2724 1004
2724 1003
2723 1002
2724 1001
2724 1000
2724 999
2724 998
2724 997
2724 996
2724 995
2724 994
2724 993
2724 992
2724 991
2724 990
2724 989
2724 988
2724 987
2724 986
2724 985
2724 984
2724 983
2724 982
2724 981
2724 980
2724 979
2724 978
2724 977
2724 976
2724 975
2724 974
2724 973
2724 972
2724 971
2724 970
2724 969
2724 968
2724 967
2724 966
2724 965
2724 964
2724 963
2724 962
2724 961
2724 960
2724 959
2724 958
2724 957
2724 956
2724 955
2724 954
2725 953
2725 952
2725 951
2724 950
2725 949
2725 948
2725 947
2725 946
2725 945
2725 944
2725 943
2725 942
2725 941
2725 940
2725 939
2725 938
2726 937
2726 936
2725 935
2725 934
2726 933
2726 932
2726 931
2726 930
2726 929
2726 928
2726 927
2726 926
2726 925
2726 924
2726 923
2726 922
2726 921
2726 920
2726 919
2726 918
2726 917
2726 916
2726 915
2726 914
2726 913
2727 912
2727 911
2727 910
2727 909
2727 908
2727 907
2727 906
2727 905
2727 904
2727 903
2728 902
2728 901
2728 900
2728 899
2728 898
2728 897
2728 896
2728 895
2727 894
2727 893
2727 892
2727 891
2727 890
2727 889
2727 888
2727 887
2727 886
2727 885
2727 884
2727 883
2727 882
2728 881
2728 880
2727 879
2727 878
2727 877
2728 876
2728 875
2728 874
2728 873
2728 872
2728 871
2728 870
2728 869
2728 868
2728 867
2728 866
2728 865
2728 864
2728 863
2728 862
2728 861
2728 860
2728 859
2728 858
2728 857
2728 856
2728 855
2728 854
2728 853
2728 852
2728 851
2728 850
2728 849
2728 848
2728 847
2728 846
2728 845
2728 844
2728 843
2728 842
2728 841
2728 840
2728 839
2728 838
2728 837
2727 836
2728 835
2728 834
2728 833
2727 832
2727 831
2727 830
2727 829
2727 828
2727 827
2727 826
2727 825
2727 824
2727 823
2726 822
2726 821
2726 820
2726 819
2726 818
2726 817
2726 816
2725 815
2725 814
2725 813
2725 812
2725 811
2725 810
2725 809
2725 808
2725 807
2724 806
2724 805
2724 804
2724 803
2724 802
2724 801
2724 800
2724 799
2724 798
2724 797
2724 796
2724 795
2724 794
2724 793
2724 792
2724 791
2724 790
2724 789
2724 788
2724 787
2724 786
2724 785
2723 784
2723 783
2723 782
2723 781
2723 780
2723 779
2723 778
2723 777
2723 776
2723 775
2723 774
2722 773
2723 772
2722 771
2722 770
2722 769
2722 768
2722 767
2721 766
2721 765
2721 764
2720 763
2720 762
2720 761
2720 760
2719 759
2719 758
2718 757
2718 756
2718 755
2717 754
2717 753
2716 752
2715 751
2715 750
2714 749
2713 748
2712 747
2712 746
2711 745
2710 745
2709 745
2708 745
2707 745
2706 745
2705 745
2704 745
2703 744
