2701 43
2700 44
2699 44
2698 44
2697 45
2696 45
2695 45
2694 45
2693 46
2692 46
2691 47
2690 47
2689 47
2688 48
2687 49
2686 49
2685 49
2684 50
2683 50
2682 51
2681 51
2680 52
2679 52
2678 53
2677 53
2676 53
2675 54
2674 55
2673 55
2672 55
2671 56
2670 56
2669 57
2668 57
2667 58
2666 58
2665 59
2664 60
2663 60
2662 60
2661 61
2660 62
2659 63
2658 63
2657 64
2656 65
2655 66
2654 66
2653 67
2652 68
2651 69
2650 70
2649 71
2648 72
2647 73
2646 74
2646 75
2645 76
2644 77
2644 78
2643 79
2643 80
2642 81
2641 82
2641 83
2640 84
2639 85
2639 86
2638 87
2638 88
2637 89
2636 90
2636 91
2635 92
2634 93
2634 94
2633 95
2632 96
2631 97
2631 98
2630 99
2630 100
2629 101
2629 102
2628 103
2628 104
2627 105
2626 106
2626 107
2626 108
2625 109
2624 110
2624 111
2623 112
2623 113
2622 114
2622 115
2621 116
2621 117
2620 118
2620 119
2619 120
2619 121
2618 122
2618 123
2617 124
2617 125
2616 126
2616 127
2615 128
2615 129
2614 130
2614 131
2613 132
2613 133
2612 134
2612 135
2611 136
2610 137
2610 138
2609 139
2609 140
2608 141
2607 142
2607 143
2606 144
2606 145
2605 146
2604 147
2604 148
2603 149
2603 150
2602 151
2601 152
2601 153
2600 154
2599 155
2599 156
2598 157
2597 158
2597 159
2596 160
2595 161
2595 162
2594 163
2593 164
2593 165
2592 166
2591 167
2591 168
2590 169
2590 170
2589 171
2589 172
2588 173
2587 174
2587 175
2586 176
2585 177
2585 178
2584 179
2583 180
2583 181
2582 182
2581 183
2581 184
2580 185
2579 186
2578 187
2578 188
2577 189
2577 190
2576 191
2575 192
2574 193
2574 194
2573 195
2572 196
2571 197
2570 198
2570 199
2569 200
2569 201
2568 202
2567 203
2566 204
2566 205
2565 206
2565 207
2564 208
2563 209
2562 210
2562 211
2561 212
2560 213
2559 214
2559 215
2558 216
2557 217
2556 218
2555 219
2554 220
2554 221
2553 222
2552 223
2551 224
2550 225
2550 226
2549 227
2548 228
2547 229
2546 230
2545 231
2545 232
2544 233
2543 234
2542 235
2541 236
2540 237
2539 238
2538 239
2538 240
2537 241
2536 242
2535 243
2534 244
2533 245
2532 246
2532 247
2531 248
2530 249
2529 250
2528 251
2527 252
2526 253
2526 254
2525 255
2524 256
2523 257
2522 258
2522 259
2521 260
2520 261
2520 262
2519 263
2518 264
2518 265
2517 266
2517 267
2517 268
2517 269
2516 270
2516 271
2516 272
2516 273
2515 274
2515 275
2515 276
2515 277
2514 278
2514 279
2514 280
2514 281
2514 282
2514 283
2514 284
2514 285
2514 286
2514 287
2514 288
2514 289
2514 290
2514 291
2514 292
2514 293
2514 294
2514 295
2514 296
2514 297
2514 298
2514 299
2514 300
2514 301
2514 302
2514 303
2514 304
2514 305
2514 306
2514 307
2514 308
2514 309
2514 310
2514 311
2514 312
2514 313
2514 314
2514 315
2514 316
2514 317
2514 318
2514 319
2514 320
2514 321
2514 322
2514 323
2514 324
2514 325
2514 326
2514 327
2513 328
2513 329
2513 330
2514 331
2514 332
2513 333
2513 334
2513 335
2514 336
2513 337
2513 338
2513 339
2513 340
2514 341
2513 342
2513 343
2513 344
2513 345
2513 346
2513 347
2513 348
2513 349
2513 350
2513 351
2513 352
2513 353
2513 354
2514 355
2514 356
2513 357
2513 358
2513 359
2514 360
2514 361
2513 362
2513 363
2514 364
2514 365
2514 366
2514 367
2514 368
2514 369
2514 370
2514 371
2514 372
2514 373
2514 374
2514 375
2513 376
2513 377
2513 378
2514 379
2514 380
2514 381
2514 382
2514 383
2514 384
2514 385
2514 386
2514 387
2514 388
2514 389
2514 390
2514 391
2515 392
2515 393
2515 394
2515 395
2515 396
2515 397
2515 398
2515 399
2515 400
2515 401
2515 402
2515 403
2515 404
2515 405
2515 406
2515 407
2515 408
2515 409
2515 410
2515 411
2515 412
2516 413
2516 414
2516 415
2516 416
2516 417
2516 418
2516 419
2516 420
2516 421
2516 422
2516 423
2516 424
2516 425
2517 426
2517 427
2517 428
2517 429
2517 430
2518 431
2518 432
2518 433
2518 434
2519 435
2519 436
2520 437
2520 438
2520 439
2520 440
2521 441
2521 442
2522 443
2522 444
2523 445
2523 446
2524 447
2524 448
2525 449
2526 450
2526 451
2527 452
2528 453
2528 454
2529 455
2530 456
2530 457
2531 458
2532 459
2533 460
2533 461
2534 462
2535 463
2536 464
2537 465
2537 466
2538 467
2539 468
2540 469
2541 470
2541 471
2542 472
2543 473
2544 474
2544 475
2545 476
2546 477
2547 478
2547 479
2548 480
2549 481
2550 482
2550 483
2551 484
2552 485
2552 486
2553 487
2554 488
2554 489
2555 490
2556 491
2557 492
2557 493
2558 494
2559 495
2559 496
2560 497
2561 498
2562 499
2562 500
2563 501
2564 502
2565 503
2565 504
2566 505
2567 506
2567 507
2568 508
2569 509
2569 510
2570 511
2571 512
2571 513
2572 514
2572 515
2573 516
2574 517
2575 518
2575 519
2576 520
2577 521
2577 522
2578 523
2579 524
2579 525
2580 526
2581 527
2582 528
2582 529
2583 530
2584 531
2584 532
2585 533
2586 534
2587 535
2587 536
2588 537
2589 538
2589 539
2590 540
2591 541
2591 542
2592 543
2593 544
2593 545
2594 546
2595 547
2596 548
2596 549
2597 550
2597 551
2598 552
2599 553
2600 554
2600 555
2601 556
2601 557
2602 558
2603 559
2603 560
2604 561
2605 562
2605 563
2606 564
2606 565
2607 566
2608 567
2609 568
2609 569
2610 570
2611 571
2612 572
2612 573
2613 574
2614 575
2614 576
2615 577
2616 578
2616 579
2617 580
2618 581
2618 582
2619 583
2620 584
2620 585
2621 586
2622 587
2622 588
2623 589
2624 590
2625 591
2625 592
2626 593
2627 594
2628 595
2629 596
2630 597
2630 598
2631 599
2632 600
2633 601
2634 602
2634 603
2635 604
2636 605
2637 606
2638 607
2639 608
2640 609
2641 610
2642 610
2643 611
2644 612
2645 612
2646 613
2647 614
2648 615
2649 615
2650 616
2651 616
2652 617
2653 617
2654 618
2655 618
2656 619
2657 619
2658 620
2659 620
2660 621
2661 621
2662 622
2663 622
2664 623
2665 623
2666 624
2667 624
2668 625
2669 625
2670 625
2671 626
2672 626
2673 627
2674 627
2675 628
2676 628
2677 629
2678 629
2679 629
2680 630
2681 630
2682 631
2683 631
2684 631
2685 632
2686 632
2687 633
2688 633
2689 634
2690 634
2691 635
2692 635
2693 635
2694 636
2695 636
2696 637
2697 637
2698 638
2699 638
2700 638
2701 639
2702 639
2703 639
2704 640
2705 640
2706 640
2707 641
2708 641
2709 641
2710 641
2711 642
2712 642
2713 642
2714 642
2715 642
2716 642
2717 642
2718 642
2719 642
2720 642
2721 642
2722 642
2723 642
2724 642
2725 642
2726 642
2727 642
2728 642
2729 642
2730 642
2731 642
2732 642
2733 642
2733 641
2734 640
2735 639
2736 638
2736 637
2737 636
2737 635
2738 634
2738 633
2738 632
2738 631
2739 630
2739 629
2739 628
2739 627
2740 626
2740 625
2740 624
2740 623
2741 622
2741 621
2741 620
2741 619
2741 618
2741 617
2741 616
2741 615
2742 614
2742 613
2742 612
2742 611
2742 610
2742 609
2742 608
2742 607
2742 606
2743 605
2743 604
2743 603
2743 602
2743 601
2743 600
2743 599
2744 598
2744 597
2744 596
2744 595
2744 594
2744 593
2744 592
2744 591
2744 590
2745 589
2745 588
2745 587
2745 586
2745 585
2745 584
2745 583
2745 582
2745 581
2746 580
2746 579
2746 578
2746 577
2746 576
2746 575
2746 574
2746 573
2746 572
2746 571
2746 570
2746 569
2746 568
2746 567
2746 566
2747 565
2747 564
2747 563
2747 562
2747 561
2747 560
2747 559
2747 558
2747 557
2747 556
2748 555
2748 554
2748 553
2748 552
2748 551
2748 550
2748 549
2748 548
2748 547
2748 546
2749 545
2748 544
2748 543
2749 542
2749 541
2749 540
2749 539
2749 538
2749 537
2749 536
2749 535
2749 534
2749 533
2749 532
2749 531
2750 530
2750 529
2750 528
2750 527
2750 526
2750 525
2750 524
2750 523
2750 522
2750 521
2750 520
2750 519
2750 518
2751 517
2751 516
2751 515
2750 514
2751 513
2751 512
2751 511
2751 510
2751 509
2751 508
2751 507
2751 506
2751 505
2751 504
2751 503
2751 502
2751 501
2751 500
2751 499
2751 498
2752 497
2752 496
2751 495
2752 494
2752 493
2752 492
2752 491
2752 490
2752 489
2752 488
2752 487
2752 486
2752 485
2752 484
2752 483
2752 482
2752 481
2752 480
2753 479
2753 478
2753 477
2753 476
2753 475
2753 474
2753 473
2753 472
2753 471
2753 470
2753 469
2753 468
2753 467
2753 466
2753 465
2753 464
2753 463
2753 462
2753 461
2753 460
2753 459
2753 458
2753 457
2752 456
2753 455
2753 454
2752 453
2752 452
2752 451
2752 450
2752 449
2752 448
2752 447
2752 446
2752 445
2753 444
2752 443
2752 442
2752 441
2753 440
2753 439
2753 438
2752 437
2752 436
2753 435
2753 434
2753 433
2753 432
2753 431
2753 430
2753 429
2753 428
2753 427
2753 426
2753 425
2753 424
2753 423
2753 422
2754 421
2754 420
2754 419
2754 418
2754 417
2754 416
2754 415
2754 414
2754 413
2754 412
2754 411
2754 410
2754 409
2754 408
2754 407
2754 406
2754 405
2754 404
2754 403
2754 402
2754 401
2754 400
2754 399
2754 398
2754 397
2755 396
2755 395
2755 394
2755 393
2755 392
2755 391
2755 390
2755 389
2755 388
2755 387
2755 386
2755 385
2755 384
2755 383
2755 382
2755 381
2755 380
2755 379
2755 378
2755 377
2755 376
2755 375
2755 374
2755 373
2756 372
2755 371
2755 370
2755 369
2755 368
2756 367
2755 366
2755 365
2755 364
2755 363
2756 362
2756 361
2755 360
2756 359
2756 358
2756 357
2756 356
2755 355
2756 354
2756 353
2756 352
2756 351
2755 350
2756 349
2756 348
2756 347
2756 346
2756 345
2756 344
2756 343
2756 342
2756 341
2755 340
2755 339
2755 338
2755 337
2755 336
2755 335
2755 334
2755 333
2755 332
2755 331
2755 330
2755 329
2755 328
2755 327
2755 326
2755 325
2755 324
2755 323
2755 322
2755 321
2755 320
2755 319
2755 318
2755 317
2755 316
2755 315
2755 314
2755 313
2755 312
2755 311
2755 310
2755 309
2755 308
2755 307
2755 306
2755 305
2755 304
2755 303
2755 302
2755 301
2755 300
2755 299
2755 298
2754 297
2755 296
2755 295
2755 294
2755 293
2755 292
2755 291
2755 290
2755 289
2754 288
2754 287
2755 286
2755 285
2755 284
2754 283
2754 282
2754 281
2754 280
2754 279
2754 278
2754 277
2754 276
2754 275
2754 274
2753 273
2753 272
2753 271
2753 270
2753 269
2753 268
2753 267
2753 266
2753 265
2752 264
2752 263
2752 262
2752 261
2752 260
2752 259
2752 258
2752 257
2752 256
2752 255
2752 254
2752 253
2752 252
2751 251
2751 250
2751 249
2751 248
2751 247
2751 246
2751 245
2751 244
2751 243
2751 242
2751 241
2751 240
2751 239
2751 238
2751 237
2751 236
2751 235
2751 234
2751 233
2751 232
2751 231
2750 230
2751 229
2751 228
2750 227
2750 226
2750 225
2750 224
2750 223
2750 222
2750 221
2750 220
2750 219
2749 218
2749 217
2749 216
2749 215
2749 214
2749 213
2749 212
2749 211
2749 210
2749 209
2749 208
2748 207
2748 206
2748 205
2748 204
2748 203
2747 202
2747 201
2747 200
2747 199
2747 198
2747 197
2747 196
2747 195
2746 194
2746 193
2746 192
2746 191
2746 190
2746 189
2746 188
2745 187
2746 186
2745 185
2745 184
2745 183
2745 182
2745 181
2745 180
2744 179
2744 178
2744 177
2744 176
2744 175
2743 174
2743 173
2743 172
2743 171
2743 170
2742 169
2742 168
2742 167
2742 166
2742 165
2742 164
2742 163
2742 162
2742 161
2741 160
2741 159
2741 158
2741 157
2741 156
2741 155
2741 154
2741 153
2741 152
2740 151
2740 150
2740 149
2740 148
2740 147
2740 146
2739 145
2739 144
2740 143
2739 142
2739 141
2739 140
2739 139
2739 138
2739 137
2738 136
2738 135
2738 134
2738 133
2738 132
2738 131
2738 130
2738 129
2738 128
2737 127
2737 126
2737 125
2737 124
2737 123
2737 122
2736 121
2736 120
2736 119
2736 118
2736 117
2735 116
2735 115
2735 114
2735 113
2734 112
2734 111
2734 110
2734 109
2733 108
2733 107
2733 106
2733 105
2732 104
2732 103
2732 102
2732 101
2732 100
2732 99
2732 98
2731 97
2731 96
2731 95
2731 94
2731 93
2731 92
2731 91
2731 90
2730 89
2730 88
2730 87
2730 86
2729 85
2729 84
2729 83
2729 82
2729 81
2729 80
2729 79
2729 78
2729 77
2728 76
2728 75
2728 74
2728 73
2728 72
2727 71
2727 70
2726 69
2726 68
2726 67
2725 66
2724 65
2724 64
2724 63
2724 62
2723 61
2723 60
2722 59
2722 58
2722 57
2721 56
2721 55
2720 54
2720 53
2719 52
2718 51
2717 50
2716 49
2715 48
2714 47
2713 46
2712 46
2711 45
2710 45
2709 44
2708 44
2707 43
2706 43
2705 43
2704 43
2703 43
2702 43
2701 43
