2395 2249
2394 2250
2393 2250
2392 2251
2391 2252
2390 2252
2389 2253
2388 2254
2387 2254
2386 2255
2385 2256
2384 2257
2384 2258
2383 2259
2383 2260
2382 2261
2382 2262
2381 2263
2381 2264
2380 2265
2380 2266
2379 2267
2379 2268
2379 2269
2378 2270
2378 2271
2377 2272
2377 2273
2376 2274
2376 2275
2376 2276
2375 2277
2375 2278
2374 2279
2374 2280
2374 2281
2373 2282
2373 2283
2372 2284
2372 2285
2371 2286
2371 2287
2371 2288
2370 2289
2370 2290
2369 2291
2369 2292
2369 2293
2368 2294
2368 2295
2367 2296
2367 2297
2367 2298
2366 2299
2366 2300
2366 2301
2365 2302
2365 2303
2365 2304
2364 2305
2364 2306
2364 2307
2363 2308
2363 2309
2363 2310
2362 2311
2362 2312
2362 2313
2361 2314
2361 2315
2361 2316
2360 2317
2360 2318
2359 2319
2359 2320
2359 2321
2359 2322
2358 2323
2358 2324
2358 2325
2358 2326
2358 2327
2358 2328
2358 2329
2358 2330
2358 2331
2358 2332
2358 2333
2358 2334
2358 2335
2358 2336
2358 2337
2358 2338
2358 2339
2358 2340
2358 2341
2358 2342
2359 2343
2359 2344
2359 2345
2360 2346
2360 2347
2360 2348
2360 2349
2361 2350
2361 2351
2361 2352
2362 2353
2362 2354
2362 2355
2363 2356
2363 2357
2363 2358
2363 2359
2364 2360
2364 2361
2364 2362
2365 2363
2365 2364
2365 2365
2366 2366
2366 2367
2366 2368
2366 2369
2367 2370
2367 2371
2367 2372
2368 2373
2368 2374
2368 2375
2368 2376
2369 2377
2369 2378
2369 2379
2370 2380
2370 2381
2370 2382
2371 2383
2371 2384
2371 2385
2371 2386
2372 2387
2372 2388
2372 2389
2373 2390
2373 2391
2373 2392
2373 2393
2374 2394
2374 2395
2374 2396
2374 2397
2375 2398
2375 2399
2375 2400
2375 2401
2376 2402
2376 2403
2376 2404
2376 2405
2376 2406
2376 2407
2377 2408
2377 2409
2377 2410
2377 2411
2377 2412
2378 2413
2378 2414
2378 2415
2378 2416
2378 2417
2378 2418
2379 2419
2379 2420
2379 2421
2379 2422
2379 2423
2380 2424
2380 2425
2380 2426
2380 2427
2380 2428
2380 2429
2381 2430
2381 2431
2382 2432
2382 2433
2382 2434
2383 2435
2383 2436
2383 2437
2384 2438
2384 2439
2385 2440
2385 2441
2386 2442
2387 2442
2388 2443
2389 2443
2390 2444
2391 2444
2392 2445
2393 2445
2394 2446
2395 2445
2396 2445
2397 2444
2398 2443
2399 2443
2400 2442
2401 2442
2402 2441
2403 2441
2404 2440
2404 2439
2405 2438
2405 2437
2406 2436
2406 2435
2406 2434
2407 2433
2407 2432
2408 2431
2408 2430
2408 2429
2408 2428
2408 2427
2409 2426
2409 2425
2409 2424
2409 2423
2410 2422
2410 2421
2410 2420
2410 2419
2410 2418
2410 2417
2410 2416
2410 2415
2410 2414
2411 2413
2411 2412
2411 2411
2411 2410
2411 2409
2411 2408
2411 2407
2411 2406
2411 2405
2411 2404
2411 2403
2411 2402
2411 2401
2411 2400
2412 2399
2412 2398
2412 2397
2412 2396
2412 2395
2412 2394
2412 2393
2412 2392
2412 2391
2412 2390
2412 2389
2412 2388
2412 2387
2412 2386
2413 2385
2413 2384
2413 2383
2413 2382
2413 2381
2413 2380
2413 2379
2413 2378
2413 2377
2413 2376
2413 2375
2413 2374
2413 2373
2414 2372
2414 2371
2414 2370
2414 2369
2414 2368
2414 2367
2414 2366
2414 2365
2414 2364
2413 2363
2413 2362
2413 2361
2413 2360
2413 2359
2413 2358
2413 2357
2413 2356
2413 2355
2413 2354
2413 2353
2413 2352
2413 2351
2413 2350
2413 2349
2413 2348
2413 2347
2413 2346
2413 2345
2413 2344
2413 2343
2413 2342
2413 2341
2413 2340
2413 2339
2413 2338
2413 2337
2413 2336
2413 2335
2413 2334
2413 2333
2413 2332
2413 2331
2413 2330
2412 2329
2412 2328
2412 2327
2412 2326
2412 2325
2412 2324
2412 2323
2412 2322
2412 2321
2412 2320
2412 2319
2412 2318
2412 2317
2412 2316
2412 2315
2411 2314
2411 2313
2411 2312
2411 2311
2411 2310
2411 2309
2411 2308
2410 2307
2410 2306
2410 2305
2410 2304
2410 2303
2410 2302
2409 2301
2409 2300
2409 2299
2409 2298
2409 2297
2409 2296
2409 2295
2408 2294
2408 2293
2408 2292
2408 2291
2408 2290
2408 2289
2408 2288
2408 2287
2407 2286
2407 2285
2407 2284
2407 2283
2407 2282
2407 2281
2407 2280
2407 2279
2406 2278
2406 2277
2406 2276
2406 2275
2406 2274
2405 2273
2405 2272
2405 2271
2405 2270
2405 2269
2404 2268
2404 2267
2404 2266
2403 2265
2403 2264
2403 2263
2402 2262
2402 2261
2401 2260
2401 2259
2401 2258
2400 2257
2399 2256
2399 2255
2398 2254
2397 2253
2397 2252
2396 2251
2396 2250
2395 2249
