2407 1912
2406 1913
2405 1913
2404 1913
2403 1914
2402 1914
2401 1915
2400 1915
2399 1915
2398 1916
2397 1917
2396 1918
2395 1919
2394 1920
2393 1920
2392 1921
2391 1922
2390 1923
2389 1924
2388 1925
2387 1926
2387 1927
2386 1928
2385 1929
2384 1930
2383 1931
2383 1932
2382 1933
2382 1934
2382 1935
2381 1936
2381 1937
2380 1938
2380 1939
2379 1940
2379 1941
2378 1942
2378 1943
2377 1944
2377 1945
2376 1946
2376 1947
2376 1948
2375 1949
2375 1950
2374 1951
2374 1952
2373 1953
2373 1954
2372 1955
2372 1956
2371 1957
2371 1958
2370 1959
2370 1960
2369 1961
2369 1962
2368 1963
2368 1964
2367 1965
2367 1966
2366 1967
2366 1968
2365 1969
2365 1970
2364 1971
2364 1972
2363 1973
2363 1974
2362 1975
2362 1976
2361 1977
2361 1978
2360 1979
2359 1980
2359 1981
2358 1982
2358 1983
2357 1984
2357 1985
2356 1986
2356 1987
2355 1988
2354 1989
2354 1990
2353 1991
2353 1992
2352 1993
2352 1994
2352 1995
2351 1996
2351 1997
2350 1998
2350 1999
2349 2000
2349 2001
2348 2002
2348 2003
2347 2004
2347 2005
2346 2006
2346 2007
2345 2008
2345 2009
2344 2010
2344 2011
2343 2012
2343 2013
2343 2014
2342 2015
2342 2016
2342 2017
2341 2018
2341 2019
2341 2020
2340 2021
2340 2022
2340 2023
2340 2024
2340 2025
2340 2026
2340 2027
2340 2028
2340 2029
2340 2030
2340 2031
2341 2032
2341 2033
2341 2034
2341 2035
2342 2036
2342 2037
2342 2038
2343 2039
2343 2040
2343 2041
2344 2042
2344 2043
2344 2044
2345 2045
2345 2046
2345 2047
2345 2048
2346 2049
2346 2050
2346 2051
2347 2052
2347 2053
2348 2054
2348 2055
2349 2056
2349 2057
2349 2058
2350 2059
2350 2060
2350 2061
2351 2062
2351 2063
2351 2064
2352 2065
2352 2066
2353 2067
2353 2068
2354 2069
2354 2070
2354 2071
2355 2072
2355 2073
2356 2074
2356 2075
2356 2076
2356 2077
2357 2078
2357 2079
2357 2080
2358 2081
2358 2082
2358 2083
2359 2084
2359 2085
2359 2086
2360 2087
2360 2088
2360 2089
2361 2090
2361 2091
2361 2092
2361 2093
2362 2094
2362 2095
2362 2096
2363 2097
2363 2098
2363 2099
2364 2100
2364 2101
2364 2102
2365 2103
2365 2104
2365 2105
2365 2106
2366 2107
2366 2108
2366 2109
2367 2110
2367 2111
2368 2112
2368 2113
2368 2114
2369 2115
2369 2116
2370 2117
2370 2118
2370 2119
2371 2120
2371 2121
2371 2122
2371 2123
2372 2124
2372 2125
2372 2126
2373 2127
2373 2128
2374 2129
2374 2130
2374 2131
2375 2132
2375 2133
2375 2134
2376 2135
2376 2136
2376 2137
2377 2138
2377 2139
2377 2140
2378 2141
2378 2142
2378 2143
2379 2144
2379 2145
2380 2146
2380 2147
2380 2148
2381 2149
2381 2150
2381 2151
2381 2152
2382 2153
2382 2154
2382 2155
2383 2156
2383 2157
2383 2158
2384 2159
2384 2160
2384 2161
2385 2162
2385 2163
2386 2164
2387 2165
2387 2166
2388 2167
2389 2168
2389 2169
2390 2170
2391 2171
2392 2172
2392 2173
2393 2174
2394 2175
2395 2176
2395 2177
2396 2178
2397 2179
2398 2180
2399 2180
2400 2180
2401 2180
2402 2180
2403 2180
2404 2180
2405 2180
2406 2180
2407 2180
2408 2179
2409 2179
2410 2179
2411 2178
2412 2178
2413 2177
2414 2177
2415 2176
2416 2176
2417 2175
2417 2174
2418 2173
2418 2172
2418 2171
2419 2170
2419 2169
2419 2168
2420 2167
2420 2166
2420 2165
2420 2164
2421 2163
2421 2162
2421 2161
2421 2160
2422 2159
2422 2158
2422 2157
2422 2156
2422 2155
2422 2154
2422 2153
2422 2152
2423 2151
2423 2150
2423 2149
2423 2148
2424 2147
2424 2146
2424 2145
2424 2144
2425 2143
2425 2142
2425 2141
2425 2140
2425 2139
2425 2138
2425 2137
2425 2136
2426 2135
2426 2134
2426 2133
2426 2132
2426 2131
2427 2130
2427 2129
2427 2128
2427 2127
2427 2126
2427 2125
2427 2124
2427 2123
2427 2122
2427 2121
2428 2120
2428 2119
2428 2118
2428 2117
2428 2116
2428 2115
2428 2114
2428 2113
2428 2112
2428 2111
2428 2110
2428 2109
2428 2108
2429 2107
2429 2106
2429 2105
2429 2104
2429 2103
2429 2102
2430 2101
2430 2100
2430 2099
2430 2098
2430 2097
2430 2096
2430 2095
2430 2094
2430 2093
2430 2092
2430 2091
2430 2090
2430 2089
2430 2088
2431 2087
2431 2086
2431 2085
2431 2084
2431 2083
2431 2082
2431 2081
2431 2080
2431 2079
2431 2078
2431 2077
2431 2076
2431 2075
2431 2074
2431 2073
2432 2072
2432 2071
2432 2070
2432 2069
2432 2068
2432 2067
2431 2066
2431 2065
2431 2064
2431 2063
2431 2062
2432 2061
2432 2060
2432 2059
2432 2058
2432 2057
2432 2056
2432 2055
2432 2054
2432 2053
2432 2052
2432 2051
2432 2050
2432 2049
2432 2048
2432 2047
2432 2046
2432 2045
2432 2044
2432 2043
2432 2042
2432 2041
2432 2040
2432 2039
2432 2038
2432 2037
2432 2036
2432 2035
2432 2034
2432 2033
2432 2032
2432 2031
2432 2030
2432 2029
2432 2028
2432 2027
2432 2026
2432 2025
2432 2024
2432 2023
2432 2022
2432 2021
2432 2020
2432 2019
2432 2018
2431 2017
2432 2016
2431 2015
2431 2014
2431 2013
2431 2012
2431 2011
2431 2010
2431 2009
2431 2008
2431 2007
2431 2006
2431 2005
2431 2004
2430 2003
2430 2002
2430 2001
2430 2000
2430 1999
2430 1998
2430 1997
2430 1996
2430 1995
2430 1994
2430 1993
2430 1992
2430 1991
2430 1990
2430 1989
2430 1988
2429 1987
2430 1986
2430 1985
2430 1984
2430 1983
2430 1982
2430 1981
2430 1980
2430 1979
2429 1978
2429 1977
2429 1976
2429 1975
2429 1974
2429 1973
2429 1972
2429 1971
2429 1970
2429 1969
2429 1968
2429 1967
2429 1966
2429 1965
2429 1964
2428 1963
2428 1962
2428 1961
2428 1960
2428 1959
2428 1958
2428 1957
2428 1956
2428 1955
2428 1954
2428 1953
2428 1952
2427 1951
2427 1950
2427 1949
2427 1948
2427 1947
2427 1946
2426 1945
2426 1944
2426 1943
2426 1942
2426 1941
2425 1940
2425 1939
2425 1938
2425 1937
2425 1936
2424 1935
2424 1934
2424 1933
2424 1932
2423 1931
2423 1930
2423 1929
2423 1928
2423 1927
2422 1926
2422 1925
2422 1924
2422 1923
2422 1922
2421 1921
2421 1920
2421 1919
2420 1918
2419 1917
2418 1916
2417 1915
2416 1914
2415 1913
2414 1913
2413 1913
2412 1913
2411 1912
2410 1912
2409 1912
2408 1912
2407 1912
