2415 1608
2414 1609
2413 1609
2412 1610
2411 1610
2410 1610
2409 1611
2408 1611
2407 1611
2406 1612
2405 1612
2404 1613
2403 1613
2402 1613
2401 1613
2400 1614
2399 1614
2398 1615
2397 1615
2396 1616
2395 1616
2394 1617
2393 1617
2392 1618
2391 1618
2390 1619
2389 1620
2388 1621
2387 1622
2387 1623
2386 1624
2386 1625
2385 1626
2384 1627
2384 1628
2383 1629
2382 1630
2381 1631
2381 1632
2380 1633
2379 1634
2379 1635
2378 1636
2377 1637
2377 1638
2376 1639
2375 1640
2375 1641
2374 1642
2373 1643
2373 1644
2372 1645
2371 1646
2371 1647
2370 1648
2369 1649
2369 1650
2368 1651
2368 1652
2367 1653
2366 1654
2366 1655
2365 1656
2365 1657
2364 1658
2364 1659
2363 1660
2363 1661
2362 1662
2361 1663
2361 1664
2360 1665
2360 1666
2360 1667
2359 1668
2359 1669
2358 1670
2358 1671
2357 1672
2356 1673
2356 1674
2355 1675
2355 1676
2355 1677
2354 1678
2354 1679
2354 1680
2354 1681
2353 1682
2353 1683
2353 1684
2352 1685
2352 1686
2352 1687
2351 1688
2351 1689
2351 1690
2351 1691
2351 1692
2351 1693
2350 1694
2350 1695
2350 1696
2350 1697
2350 1698
2351 1699
2351 1700
2351 1701
2351 1702
2351 1703
2352 1704
2352 1705
2352 1706
2353 1707
2353 1708
2353 1709
2353 1710
2354 1711
2354 1712
2355 1713
2355 1714
2355 1715
2355 1716
2356 1717
2356 1718
2357 1719
2357 1720
2357 1721
2358 1722
2358 1723
2358 1724
2359 1725
2359 1726
2360 1727
2360 1728
2360 1729
2361 1730
2361 1731
2362 1732
2362 1733
2363 1734
2363 1735
2364 1736
2364 1737
2364 1738
2365 1739
2366 1740
2366 1741
2367 1742
2367 1743
2367 1744
2368 1745
2369 1746
2369 1747
2370 1748
2370 1749
2371 1750
2371 1751
2371 1752
2372 1753
2373 1754
2373 1755
2374 1756
2374 1757
2374 1758
2375 1759
2375 1760
2376 1761
2376 1762
2377 1763
2377 1764
2377 1765
2377 1766
2378 1767
2378 1768
2379 1769
2379 1770
2380 1771
2380 1772
2380 1773
2381 1774
2381 1775
2382 1776
2382 1777
2383 1778
2383 1779
2384 1780
2384 1781
2385 1782
2385 1783
2386 1784
2386 1785
2386 1786
2387 1787
2388 1788
2388 1789
2389 1790
2389 1791
2390 1792
2390 1793
2391 1794
2391 1795
2392 1796
2392 1797
2393 1798
2393 1799
2394 1800
2394 1801
2395 1802
2396 1803
2396 1804
2397 1805
2398 1806
2399 1807
2400 1808
2401 1809
2402 1810
2402 1811
2403 1812
2404 1813
2405 1814
2406 1815
2407 1816
2408 1817
2409 1818
2410 1818
2411 1819
2412 1819
2413 1820
2414 1821
2415 1821
2416 1822
2417 1822
2418 1823
2419 1823
2420 1824
2421 1824
2422 1824
2423 1825
2424 1825
2425 1826
2426 1826
2427 1826
2428 1827
2429 1826
2430 1826
2431 1826
2432 1825
2433 1825
2434 1824
2435 1824
2436 1824
2437 1823
2437 1822
2437 1821
2438 1820
2438 1819
2439 1818
2439 1817
2440 1816
2440 1815
2440 1814
2440 1813
2441 1812
2441 1811
2441 1810
2442 1809
2442 1808
2442 1807
2442 1806
2442 1805
2442 1804
2442 1803
2442 1802
2443 1801
2442 1800
2443 1799
2443 1798
2443 1797
2443 1796
2443 1795
2443 1794
2443 1793
2443 1792
2444 1791
2444 1790
2444 1789
2444 1788
2444 1787
2444 1786
2444 1785
2444 1784
2444 1783
2445 1782
2445 1781
2445 1780
2445 1779
2445 1778
2445 1777
2445 1776
2445 1775
2445 1774
2445 1773
2445 1772
2445 1771
2445 1770
2445 1769
2445 1768
2445 1767
2445 1766
2445 1765
2445 1764
2445 1763
2445 1762
2445 1761
2445 1760
2445 1759
2446 1758
2446 1757
2446 1756
2446 1755
2446 1754
2446 1753
2446 1752
2446 1751
2446 1750
2446 1749
2446 1748
2446 1747
2446 1746
2446 1745
2446 1744
2446 1743
2446 1742
2446 1741
2446 1740
2446 1739
2446 1738
2446 1737
2446 1736
2446 1735
2446 1734
2446 1733
2447 1732
2447 1731
2447 1730
2447 1729
2447 1728
2447 1727
2447 1726
2447 1725
2447 1724
2447 1723
2447 1722
2447 1721
2447 1720
2447 1719
2447 1718
2447 1717
2446 1716
2446 1715
2446 1714
2446 1713
2446 1712
2446 1711
2446 1710
2445 1709
2445 1708
2445 1707
2445 1706
2444 1705
2445 1704
2445 1703
2445 1702
2445 1701
2445 1700
2444 1699
2445 1698
2445 1697
2445 1696
2444 1695
2444 1694
2444 1693
2444 1692
2444 1691
2444 1690
2445 1689
2445 1688
2445 1687
2445 1686
2444 1685
2444 1684
2444 1683
2444 1682
2444 1681
2444 1680
2443 1679
2443 1678
2444 1677
2443 1676
2443 1675
2443 1674
2443 1673
2443 1672
2443 1671
2443 1670
2443 1669
2443 1668
2443 1667
2442 1666
2442 1665
2442 1664
2442 1663
2443 1662
2443 1661
2443 1660
2443 1659
2443 1658
2443 1657
2442 1656
2443 1655
2443 1654
2442 1653
2442 1652
2442 1651
2442 1650
2441 1649
2441 1648
2441 1647
2441 1646
2441 1645
2441 1644
2441 1643
2440 1642
2440 1641
2440 1640
2440 1639
2440 1638
2440 1637
2439 1636
2439 1635
2439 1634
2439 1633
2439 1632
2439 1631
2438 1630
2438 1629
2438 1628
2437 1627
2437 1626
2437 1625
2437 1624
2436 1623
2436 1622
2435 1621
2435 1620
2434 1619
2434 1618
2433 1617
2432 1616
2431 1615
2430 1615
2429 1614
2428 1613
2427 1612
2426 1612
2425 1611
2424 1611
2423 1610
2422 1610
2421 1610
2420 1610
2419 1609
2418 1609
2417 1609
2416 1609
2415 1608
