2421 1272
2420 1273
2419 1274
2418 1274
2417 1275
2416 1275
2415 1276
2414 1277
2413 1278
2412 1279
2411 1280
2410 1281
2409 1282
2408 1282
2408 1283
2407 1284
2406 1285
2405 1286
2404 1287
2403 1288
2402 1289
2401 1290
2400 1291
2399 1292
2398 1293
2397 1294
2396 1295
2396 1296
2395 1297
2394 1298
2393 1299
2392 1300
2391 1301
2390 1302
2390 1303
2389 1304
2388 1305
2387 1306
2387 1307
2386 1308
2386 1309
2385 1310
2384 1311
2384 1312
2383 1313
2383 1314
2382 1315
2382 1316
2381 1317
2381 1318
2381 1319
2380 1320
2380 1321
2379 1322
2379 1323
2379 1324
2378 1325
2378 1326
2377 1327
2377 1328
2377 1329
2377 1330
2377 1331
2377 1332
2377 1333
2376 1334
2376 1335
2376 1336
2376 1337
2375 1338
2375 1339
2375 1340
2375 1341
2374 1342
2374 1343
2374 1344
2373 1345
2373 1346
2373 1347
2373 1348
2373 1349
2373 1350
2372 1351
2372 1352
2372 1353
2371 1354
2371 1355
2371 1356
2371 1357
2371 1358
2370 1359
2370 1360
2370 1361
2370 1362
2369 1363
2369 1364
2369 1365
2369 1366
2369 1367
2368 1368
2368 1369
2368 1370
2368 1371
2368 1372
2367 1373
2367 1374
2367 1375
2367 1376
2367 1377
2366 1378
2366 1379
2366 1380
2365 1381
2365 1382
2365 1383
2364 1384
2364 1385
2364 1386
2364 1387
2363 1388
2363 1389
2362 1390
2362 1391
2362 1392
2361 1393
2361 1394
2361 1395
2360 1396
2360 1397
2360 1398
2360 1399
2359 1400
2359 1401
2359 1402
2359 1403
2359 1404
2359 1405
2359 1406
2359 1407
2359 1408
2360 1409
2360 1410
2360 1411
2360 1412
2361 1413
2361 1414
2361 1415
2361 1416
2362 1417
2362 1418
2362 1419
2363 1420
2363 1421
2364 1422
2364 1423
2365 1424
2365 1425
2366 1426
2366 1427
2367 1428
2368 1429
2368 1430
2369 1431
2370 1432
2370 1433
2371 1434
2371 1435
2372 1436
2373 1437
2373 1438
2374 1439
2375 1440
2375 1441
2376 1442
2376 1443
2377 1444
2378 1445
2378 1446
2379 1447
2380 1448
2380 1449
2381 1450
2381 1451
2382 1452
2382 1453
2383 1454
2383 1455
2384 1456
2384 1457
2385 1458
2385 1459
2386 1460
2386 1461
2387 1462
2387 1463
2388 1464
2389 1465
2389 1466
2390 1467
2390 1468
2391 1469
2391 1470
2392 1471
2393 1472
2394 1473
2394 1474
2395 1475
2396 1476
2396 1477
2397 1478
2397 1479
2397 1480
2398 1481
2399 1482
2399 1483
2400 1484
2400 1485
2400 1486
2401 1487
2401 1488
2402 1489
2402 1490
2403 1491
2404 1492
2404 1493
2405 1494
2405 1495
2405 1496
2406 1497
2407 1498
2408 1499
2409 1500
2410 1501
2411 1502
2412 1503
2412 1504
2413 1505
2414 1505
2415 1506
2416 1507
2417 1507
2418 1508
2419 1508
2420 1509
2421 1510
2422 1511
2423 1511
2424 1511
2425 1511
2426 1511
2427 1511
2428 1511
2429 1511
2430 1512
2431 1512
2432 1512
2433 1511
2434 1510
2435 1509
2435 1508
2436 1507
2437 1506
2438 1505
2438 1504
2439 1503
2439 1502
2439 1501
2440 1500
2440 1499
2440 1498
2441 1497
2441 1496
2441 1495
2442 1494
2442 1493
2442 1492
2442 1491
2442 1490
2442 1489
2442 1488
2442 1487
2443 1486
2443 1485
2443 1484
2443 1483
2443 1482
2443 1481
2444 1480
2444 1479
2444 1478
2444 1477
2444 1476
2445 1475
2445 1474
2445 1473
2445 1472
2444 1471
2445 1470
2445 1469
2445 1468
2445 1467
2445 1466
2445 1465
2445 1464
2445 1463
2445 1462
2445 1461
2445 1460
2446 1459
2446 1458
2446 1457
2446 1456
2446 1455
2446 1454
2446 1453
2446 1452
2446 1451
2447 1450
2447 1449
2447 1448
2447 1447
2447 1446
2447 1445
2447 1444
2447 1443
2447 1442
2447 1441
2447 1440
2447 1439
2447 1438
2447 1437
2447 1436
2447 1435
2447 1434
2447 1433
2447 1432
2447 1431
2447 1430
2448 1429
2448 1428
2448 1427
2448 1426
2448 1425
2448 1424
2448 1423
2449 1422
2449 1421
2449 1420
2449 1419
2449 1418
2449 1417
2449 1416
2449 1415
2449 1414
2449 1413
2449 1412
2449 1411
2449 1410
2449 1409
2449 1408
2449 1407
2449 1406
2449 1405
2449 1404
2450 1403
2449 1402
2449 1401
2450 1400
2449 1399
2450 1398
2450 1397
2450 1396
2450 1395
2450 1394
2450 1393
2450 1392
2451 1391
2451 1390
2451 1389
2451 1388
2451 1387
2451 1386
2451 1385
2451 1384
2450 1383
2450 1382
2450 1381
2450 1380
2450 1379
2450 1378
2450 1377
2450 1376
2450 1375
2450 1374
2450 1373
2450 1372
2450 1371
2450 1370
2450 1369
2450 1368
2450 1367
2450 1366
2450 1365
2450 1364
2450 1363
2450 1362
2450 1361
2450 1360
2450 1359
2451 1358
2450 1357
2450 1356
2450 1355
2450 1354
2450 1353
2450 1352
2450 1351
2451 1350
2450 1349
2450 1348
2450 1347
2450 1346
2450 1345
2450 1344
2450 1343
2450 1342
2450 1341
2450 1340
2450 1339
2450 1338
2449 1337
2449 1336
2449 1335
2450 1334
2450 1333
2450 1332
2450 1331
2449 1330
2449 1329
2449 1328
2449 1327
2449 1326
2449 1325
2449 1324
2449 1323
2449 1322
2449 1321
2448 1320
2448 1319
2448 1318
2448 1317
2448 1316
2448 1315
2448 1314
2448 1313
2447 1312
2447 1311
2447 1310
2447 1309
2447 1308
2447 1307
2446 1306
2446 1305
2446 1304
2446 1303
2446 1302
2445 1301
2445 1300
2445 1299
2445 1298
2445 1297
2445 1296
2445 1295
2445 1294
2444 1293
2444 1292
2444 1291
2444 1290
2444 1289
2444 1288
2443 1287
2443 1286
2442 1285
2442 1284
2442 1283
2441 1282
2441 1281
2441 1280
2440 1279
2439 1279
2438 1278
2437 1278
2436 1277
2435 1277
2434 1276
2433 1276
2432 1276
2431 1275
2430 1275
2429 1274
2428 1274
2427 1273
2426 1273
2425 1273
2424 1272
2423 1272
2422 1272
2421 1272
