2424 762
2423 763
2422 764
2421 764
2420 765
2419 766
2419 767
2418 768
2418 769
2417 770
2416 771
2416 772
2416 773
2415 774
2415 775
2414 776
2414 777
2414 778
2413 779
2413 780
2412 781
2412 782
2412 783
2411 784
2411 785
2410 786
2410 787
2410 788
2410 789
2409 790
2409 791
2409 792
2409 793
2408 794
2408 795
2408 796
2407 797
2407 798
2407 799
2407 800
2407 801
2406 802
2406 803
2406 804
2405 805
2405 806
2405 807
2404 808
2404 809
2404 810
2404 811
2403 812
2403 813
2403 814
2403 815
2402 816
2402 817
2402 818
2401 819
2401 820
2401 821
2400 822
2400 823
2400 824
2399 825
2399 826
2399 827
2398 828
2398 829
2398 830
2397 831
2397 832
2396 833
2396 834
2396 835
2396 836
2395 837
2395 838
2395 839
2394 840
2394 841
2394 842
2393 843
2393 844
2392 845
2392 846
2392 847
2392 848
2391 849
2391 850
2391 851
2390 852
2390 853
2389 854
2389 855
2389 856
2389 857
2388 858
2388 859
2388 860
2388 861
2387 862
2387 863
2387 864
2386 865
2386 866
2386 867
2385 868
2385 869
2385 870
2385 871
2385 872
2384 873
2384 874
2384 875
2383 876
2383 877
2383 878
2382 879
2382 880
2382 881
2382 882
2381 883
2381 884
2381 885
2381 886
2380 887
2380 888
2380 889
2379 890
2379 891
2379 892
2379 893
2378 894
2378 895
2378 896
2378 897
2377 898
2377 899
2377 900
2376 901
2376 902
2376 903
2375 904
2375 905
2375 906
2375 907
2374 908
2374 909
2374 910
2374 911
2373 912
2373 913
2372 914
2372 915
2372 916
2371 917
2371 918
2371 919
2371 920
2370 921
2370 922
2370 923
2369 924
2369 925
2368 926
2368 927
2368 928
2367 929
2367 930
2367 931
2366 932
2366 933
2366 934
2365 935
2365 936
2365 937
2364 938
2364 939
2364 940
2364 941
2363 942
2363 943
2363 944
2362 945
2362 946
2362 947
2361 948
2361 949
2361 950
2360 951
2360 952
2360 953
2360 954
2359 955
2359 956
2359 957
2358 958
2358 959
2358 960
2357 961
2357 962
2357 963
2356 964
2356 965
2356 966
2356 967
2355 968
2355 969
2355 970
2354 971
2354 972
2353 973
2353 974
2353 975
2352 976
2352 977
2352 978
2352 979
2351 980
2351 981
2351 982
2350 983
2350 984
2349 985
2349 986
2349 987
2348 988
2348 989
2348 990
2347 991
2347 992
2346 993
2346 994
2346 995
2345 996
2345 997
2344 998
2344 999
2343 1000
2343 1001
2343 1002
2342 1003
2342 1004
2342 1005
2341 1006
2341 1007
2341 1008
2340 1009
2340 1010
2340 1011
2340 1012
2339 1013
2339 1014
2339 1015
2339 1016
2338 1017
2338 1018
2338 1019
2338 1020
2337 1021
2337 1022
2337 1023
2338 1024
2338 1025
2338 1026
2338 1027
2339 1028
2339 1029
2339 1030
2339 1031
2339 1032
2340 1033
2340 1034
2340 1035
2341 1036
2341 1037
2341 1038
2342 1039
2342 1040
2342 1041
2343 1042
2343 1043
2344 1044
2344 1045
2344 1046
2345 1047
2345 1048
2346 1049
2346 1050
2347 1051
2347 1052
2348 1053
2348 1054
2348 1055
2349 1056
2349 1057
2350 1058
2350 1059
2350 1060
2351 1061
2351 1062
2352 1063
2352 1064
2353 1065
2353 1066
2354 1067
2354 1068
2354 1069
2355 1070
2355 1071
2355 1072
2356 1073
2356 1074
2357 1075
2357 1076
2358 1077
2358 1078
2359 1079
2359 1080
2359 1081
2360 1082
2360 1083
2360 1084
2361 1085
2361 1086
2362 1087
2362 1088
2362 1089
2363 1090
2363 1091
2363 1092
2364 1093
2364 1094
2364 1095
2365 1096
2365 1097
2366 1098
2366 1099
2366 1100
2367 1101
2367 1102
2367 1103
2368 1104
2368 1105
2369 1106
2369 1107
2369 1108
2370 1109
2370 1110
2371 1111
2371 1112
2371 1113
2372 1114
2372 1115
2373 1116
2373 1117
2374 1118
2374 1119
2374 1120
2375 1121
2375 1122
2376 1123
2376 1124
2377 1125
2377 1126
2377 1127
2378 1128
2378 1129
2378 1130
2379 1131
2379 1132
2379 1133
2380 1134
2380 1135
2381 1136
2381 1137
2382 1138
2382 1139
2382 1140
2383 1141
2383 1142
2383 1143
2384 1144
2384 1145
2385 1146
2385 1147
2386 1148
2386 1149
2387 1150
2387 1151
2388 1152
2388 1153
2389 1154
2389 1155
2390 1156
2391 1157
2391 1158
2392 1159
2393 1160
2394 1161
2395 1162
2396 1163
2397 1164
2397 1165
2398 1166
2399 1167
2400 1168
2401 1169
2402 1170
2403 1171
2404 1172
2405 1172
2406 1171
2407 1171
2408 1171
2409 1170
2410 1170
2411 1170
2412 1170
2413 1169
2414 1169
2415 1169
2416 1168
2417 1167
2418 1167
2419 1166
2420 1165
2421 1164
2422 1164
2423 1163
2424 1162
2425 1162
2426 1161
2427 1160
2428 1160
2429 1159
2430 1158
2431 1157
2432 1157
2433 1156
2434 1155
2434 1154
2435 1153
2436 1152
2437 1151
2438 1150
2439 1149
2439 1148
2440 1147
2440 1146
2441 1145
2441 1144
2441 1143
2442 1142
2443 1141
2443 1140
2444 1139
2444 1138
2444 1137
2445 1136
2445 1135
2446 1134
2446 1133
2446 1132
2446 1131
2447 1130
2447 1129
2447 1128
2447 1127
2448 1126
2448 1125
2448 1124
2448 1123
2448 1122
2448 1121
2448 1120
2448 1119
2449 1118
2449 1117
2449 1116
2450 1115
2450 1114
2450 1113
2450 1112
2450 1111
2450 1110
2450 1109
2450 1108
2450 1107
2451 1106
2451 1105
2451 1104
2451 1103
2451 1102
2452 1101
2452 1100
2452 1099
2452 1098
2452 1097
2452 1096
2452 1095
2452 1094
2452 1093
2452 1092
2453 1091
2453 1090
2453 1089
2452 1088
2452 1087
2452 1086
2452 1085
2452 1084
2452 1083
2453 1082
2453 1081
2453 1080
2453 1079
2453 1078
2453 1077
2453 1076
2453 1075
2453 1074
2453 1073
2453 1072
2453 1071
2453 1070
2453 1069
2453 1068
2453 1067
2453 1066
2453 1065
2453 1064
2453 1063
2453 1062
2453 1061
2453 1060
2453 1059
2453 1058
2453 1057
2453 1056
2454 1055
2454 1054
2454 1053
2454 1052
2454 1051
2454 1050
2454 1049
2454 1048
2454 1047
2454 1046
2454 1045
2454 1044
2454 1043
2454 1042
2454 1041
2454 1040
2454 1039
2454 1038
2454 1037
2454 1036
2454 1035
2454 1034
2454 1033
2454 1032
2454 1031
2454 1030
2454 1029
2454 1028
2454 1027
2454 1026
2454 1025
2454 1024
2454 1023
2454 1022
2454 1021
2454 1020
2454 1019
2454 1018
2454 1017
2454 1016
2454 1015
2454 1014
2454 1013
2454 1012
2454 1011
2454 1010
2454 1009
2454 1008
2454 1007
2454 1006
2454 1005
2454 1004
2454 1003
2454 1002
2454 1001
2454 1000
2454 999
2454 998
2454 997
2454 996
2454 995
2455 994
2454 993
2454 992
2454 991
2454 990
2454 989
2454 988
2454 987
2455 986
2455 985
2455 984
2455 983
2455 982
2455 981
2455 980
2455 979
2455 978
2455 977
2455 976
2455 975
2455 974
2455 973
2455 972
2455 971
2455 970
2455 969
2455 968
2455 967
2455 966
2455 965
2455 964
2454 963
2454 962
2455 961
2455 960
2455 959
2455 958
2455 957
2454 956
2454 955
2454 954
2454 953
2454 952
2454 951
2454 950
2454 949
2454 948
2454 947
2454 946
2454 945
2454 944
2454 943
2453 942
2453 941
2453 940
2453 939
2453 938
2453 937
2453 936
2453 935
2453 934
2453 933
2453 932
2453 931
2453 930
2452 929
2452 928
2452 927
2452 926
2452 925
2452 924
2452 923
2452 922
2452 921
2452 920
2452 919
2452 918
2451 917
2451 916
2451 915
2451 914
2451 913
2451 912
2451 911
2451 910
2451 909
2451 908
2451 907
2451 906
2451 905
2450 904
2450 903
2451 902
2451 901
2450 900
2450 899
2451 898
2451 897
2450 896
2450 895
2450 894
2450 893
2450 892
2450 891
2450 890
2450 889
2450 888
2450 887
2450 886
2450 885
2450 884
2449 883
2449 882
2449 881
2449 880
2449 879
2449 878
2449 877
2449 876
2449 875
2449 874
2449 873
2449 872
2448 871
2448 870
2448 869
2448 868
2448 867
2448 866
2448 865
2448 864
2448 863
2448 862
2448 861
2447 860
2447 859
2447 858
2447 857
2447 856
2446 855
2446 854
2446 853
2446 852
2446 851
2446 850
2446 849
2446 848
2446 847
2446 846
2446 845
2445 844
2445 843
2445 842
2445 841
2445 840
2445 839
2445 838
2445 837
2445 836
2444 835
2444 834
2444 833
2444 832
2444 831
2443 830
2443 829
2443 828
2443 827
2443 826
2443 825
2443 824
2443 823
2442 822
2442 821
2442 820
2442 819
2442 818
2442 817
2441 816
2441 815
2441 814
2441 813
2441 812
2441 811
2441 810
2440 809
2440 808
2440 807
2440 806
2440 805
2439 804
2439 803
2439 802
2439 801
2439 800
2439 799
2438 798
2438 797
2438 796
2438 795
2438 794
2437 793
2437 792
2437 791
2437 790
2437 789
2437 788
2436 787
2436 786
2436 785
2436 784
2435 783
2435 782
2435 781
2435 780
2434 779
2434 778
2434 777
2434 776
2434 775
2433 774
2433 773
2433 772
2433 771
2432 770
2432 769
2432 768
2431 767
2430 766
2429 765
2428 764
2427 763
2426 762
2425 762
2424 762
