2423 305
2422 306
2421 306
2420 306
2419 306
2418 306
2417 307
2416 307
2415 307
2414 307
2413 308
2412 309
2411 309
2410 310
2409 311
2408 311
2407 312
2406 313
2405 314
2404 315
2403 315
2402 316
2401 317
2400 318
2399 319
2398 320
2397 321
2396 322
2395 323
2395 324
2394 325
2393 326
2393 327
2392 328
2391 329
2391 330
2390 331
2390 332
2389 333
2388 334
2387 335
2386 336
2385 337
2384 338
2383 339
2382 340
2381 341
2380 342
2379 343
2378 344
2377 345
2376 346
2375 347
2374 348
2373 349
2372 350
2371 351
2370 352
2369 353
2368 354
2367 355
2367 356
2366 357
2365 358
2364 359
2363 360
2363 361
2362 362
2362 363
2361 364
2360 365
2360 366
2359 367
2359 368
2359 369
2359 370
2359 371
2359 372
2359 373
2359 374
2359 375
2359 376
2359 377
2359 378
2359 379
2359 380
2359 381
2359 382
2359 383
2359 384
2359 385
2359 386
2359 387
2359 388
2359 389
2359 390
2360 391
2360 392
2360 393
2360 394
2360 395
2360 396
2360 397
2360 398
2360 399
2360 400
2361 401
2361 402
2361 403
2361 404
2361 405
2361 406
2361 407
2361 408
2362 409
2362 410
2362 411
2362 412
2362 413
2362 414
2362 415
2362 416
2362 417
2362 418
2363 419
2363 420
2363 421
2363 422
2363 423
2363 424
2363 425
2363 426
2363 427
2363 428
2362 429
2362 430
2362 431
2362 432
2362 433
2361 434
2361 435
2361 436
2361 437
2360 438
2360 439
2360 440
2359 441
2359 442
2359 443
2359 444
2358 445
2358 446
2358 447
2358 448
2358 449
2357 450
2357 451
2356 452
2356 453
2356 454
2356 455
2356 456
2355 457
2356 458
2356 459
2357 460
2357 461
2358 462
2358 463
2359 464
2359 465
2360 466
2361 467
2361 468
2362 469
2362 470
2363 471
2363 472
2364 473
2364 474
2365 475
2365 476
2366 477
2367 478
2367 479
2368 480
2368 481
2369 482
2369 483
2370 484
2370 485
2371 486
2371 487
2372 488
2373 489
2373 490
2373 491
2373 492
2373 493
2373 494
2374 495
2374 496
2374 497
2374 498
2374 499
2374 500
2374 501
2375 502
2375 503
2375 504
2375 505
2375 506
2375 507
2376 508
2376 509
2376 510
2376 511
2376 512
2376 513
2377 514
2377 515
2377 516
2377 517
2377 518
2377 519
2377 520
2377 521
2378 522
2378 523
2378 524
2378 525
2378 526
2378 527
2378 528
2379 529
2379 530
2379 531
2379 532
2379 533
2379 534
2380 535
2380 536
2380 537
2380 538
2380 539
2381 540
2381 541
2381 542
2381 543
2381 544
2382 545
2382 546
2382 547
2382 548
2382 549
2382 550
2383 551
2383 552
2383 553
2383 554
2383 555
2383 556
2384 557
2384 558
2383 559
2384 560
2384 561
2384 562
2384 563
2384 564
2384 565
2385 566
2385 567
2385 568
2385 569
2385 570
2385 571
2386 572
2386 573
2386 574
2386 575
2386 576
2387 577
2387 578
2387 579
2387 580
2387 581
2387 582
2388 583
2388 584
2388 585
2388 586
2388 587
2388 588
2388 589
2389 590
2389 591
2389 592
2390 593
2390 594
2390 595
2390 596
2391 597
2391 598
2391 599
2391 600
2391 601
2391 602
2392 603
2392 604
2392 605
2392 606
2392 607
2392 608
2392 609
2392 610
2393 611
2392 612
2393 613
2393 614
2393 615
2393 616
2393 617
2393 618
2393 619
2394 620
2394 621
2394 622
2394 623
2394 624
2395 625
2395 626
2395 627
2396 628
2396 629
2396 630
2396 631
2396 632
2397 633
2397 634
2397 635
2397 636
2397 637
2397 638
2397 639
2397 640
2397 641
2397 642
2397 643
2398 644
2398 645
2399 646
2399 647
2400 648
2400 649
2401 650
2401 651
2402 652
2402 653
2402 654
2402 655
2403 656
2403 657
2404 658
2404 659
2404 660
2404 661
2405 662
2405 663
2405 664
2406 665
2406 666
2406 667
2406 668
2407 669
2407 670
2408 671
2408 672
2409 673
2410 674
2411 675
2412 676
2413 677
2413 678
2414 679
2415 680
2416 681
2417 682
2418 683
2419 684
2420 685
2420 686
2421 687
2422 688
2422 689
2423 690
2424 691
2425 692
2426 692
2427 693
2428 694
2429 695
2430 695
2431 696
2432 697
2433 697
2434 697
2435 697
2436 697
2437 698
2438 698
2439 698
2440 697
2441 696
2441 695
2442 694
2443 693
2443 692
2444 691
2444 690
2444 689
2445 688
2445 687
2445 686
2445 685
2445 684
2446 683
2446 682
2446 681
2446 680
2446 679
2446 678
2447 677
2447 676
2446 675
2446 674
2447 673
2447 672
2447 671
2447 670
2447 669
2447 668
2448 667
2448 666
2448 665
2448 664
2448 663
2448 662
2448 661
2448 660
2448 659
2448 658
2448 657
2448 656
2448 655
2448 654
2449 653
2449 652
2449 651
2449 650
2449 649
2450 648
2450 647
2450 646
2450 645
2450 644
2450 643
2451 642
2451 641
2451 640
2451 639
2451 638
2451 637
2451 636
2451 635
2451 634
2451 633
2452 632
2452 631
2452 630
2452 629
2452 628
2452 627
2452 626
2452 625
2452 624
2452 623
2452 622
2452 621
2452 620
2452 619
2452 618
2452 617
2452 616
2452 615
2452 614
2452 613
2452 612
2451 611
2451 610
2451 609
2451 608
2451 607
2451 606
2451 605
2451 604
2451 603
2451 602
2451 601
2451 600
2451 599
2451 598
2451 597
2451 596
2451 595
2451 594
2451 593
2451 592
2451 591
2452 590
2452 589
2452 588
2451 587
2452 586
2452 585
2452 584
2452 583
2452 582
2452 581
2452 580
2452 579
2452 578
2452 577
2452 576
2452 575
2452 574
2452 573
2452 572
2452 571
2452 570
2451 569
2452 568
2451 567
2452 566
2451 565
2451 564
2451 563
2451 562
2451 561
2451 560
2451 559
2451 558
2451 557
2451 556
2451 555
2451 554
2451 553
2451 552
2451 551
2451 550
2451 549
2451 548
2451 547
2451 546
2451 545
2451 544
2451 543
2451 542
2451 541
2451 540
2451 539
2451 538
2451 537
2451 536
2451 535
2451 534
2451 533
2451 532
2451 531
2451 530
2451 529
2451 528
2451 527
2451 526
2451 525
2451 524
2451 523
2452 522
2452 521
2452 520
2452 519
2452 518
2452 517
2452 516
2452 515
2452 514
2451 513
2451 512
2451 511
2451 510
2451 509
2451 508
2451 507
2451 506
2450 505
2451 504
2451 503
2451 502
2451 501
2450 500
2450 499
2450 498
2451 497
2451 496
2451 495
2450 494
2451 493
2451 492
2451 491
2451 490
2451 489
2451 488
2451 487
2451 486
2451 485
2451 484
2451 483
2451 482
2451 481
2451 480
2451 479
2451 478
2451 477
2451 476
2451 475
2451 474
2451 473
2451 472
2451 471
2451 470
2451 469
2451 468
2451 467
2451 466
2451 465
2451 464
2451 463
2451 462
2451 461
2451 460
2451 459
2451 458
2451 457
2451 456
2451 455
2451 454
2451 453
2451 452
2451 451
2451 450
2450 449
2450 448
2450 447
2450 446
2450 445
2450 444
2449 443
2449 442
2449 441
2449 440
2449 439
2449 438
2449 437
2449 436
2449 435
2449 434
2449 433
2449 432
2449 431
2449 430
2449 429
2449 428
2449 427
2449 426
2449 425
2449 424
2449 423
2449 422
2449 421
2449 420
2449 419
2448 418
2449 417
2449 416
2449 415
2449 414
2449 413
2448 412
2449 411
2449 410
2449 409
2449 408
2448 407
2448 406
2448 405
2448 404
2448 403
2448 402
2448 401
2448 400
2448 399
2448 398
2448 397
2448 396
2447 395
2447 394
2447 393
2447 392
2447 391
2447 390
2447 389
2447 388
2447 387
2447 386
2447 385
2447 384
2447 383
2447 382
2447 381
2447 380
2447 379
2447 378
2447 377
2447 376
2447 375
2447 374
2447 373
2447 372
2447 371
2447 370
2447 369
2447 368
2447 367
2447 366
2447 365
2447 364
2447 363
2447 362
2447 361
2447 360
2447 359
2447 358
2447 357
2447 356
2447 355
2447 354
2447 353
2447 352
2447 351
2447 350
2447 349
2447 348
2447 347
2447 346
2447 345
2447 344
2446 343
2446 342
2446 341
2446 340
2446 339
2445 338
2445 337
2445 336
2445 335
2445 334
2445 333
2445 332
2444 331
2444 330
2444 329
2444 328
2444 327
2444 326
2444 325
2444 324
2444 323
2444 322
2443 321
2443 320
2442 319
2442 318
2441 317
2441 316
2440 315
2440 314
2439 313
2439 312
2438 311
2437 310
2436 309
2435 308
2434 307
2433 307
2432 306
2431 306
2430 306
2429 306
2428 306
2427 306
2426 305
2425 305
2424 305
2423 305
