2387 4
2386 5
2386 6
2385 7
2384 8
2384 9
2383 10
2383 11
2382 12
2382 13
2381 14
2381 15
2380 16
2380 17
2379 18
2378 19
2378 20
2377 21
2377 22
2376 23
2376 24
2375 25
2375 26
2374 27
2374 28
2373 29
2373 30
2372 31
2372 32
2372 33
2371 34
2371 35
2370 36
2370 37
2370 38
2369 39
2369 40
2368 41
2368 42
2367 43
2367 44
2366 45
2366 46
2365 47
2364 48
2364 49
2363 50
2363 51
2362 52
2362 53
2361 54
2360 55
2360 56
2359 57
2359 58
2358 59
2358 60
2358 61
2357 62
2357 63
2356 64
2356 65
2356 66
2355 67
2355 68
2355 69
2355 70
2355 71
2355 72
2354 73
2354 74
2354 75
2354 76
2354 77
2354 78
2354 79
2354 80
2354 81
2354 82
2354 83
2353 84
2353 85
2353 86
2353 87
2353 88
2354 89
2354 90
2354 91
2354 92
2354 93
2354 94
2354 95
2354 96
2354 97
2354 98
2354 99
2354 100
2354 101
2354 102
2354 103
2354 104
2354 105
2354 106
2354 107
2354 108
2354 109
2354 110
2354 111
2354 112
2354 113
2354 114
2354 115
2354 116
2354 117
2354 118
2354 119
2355 120
2355 121
2355 122
2355 123
2355 124
2355 125
2355 126
2355 127
2355 128
2355 129
2355 130
2355 131
2355 132
2355 133
2355 134
2355 135
2355 136
2355 137
2355 138
2355 139
2355 140
2355 141
2355 142
2355 143
2355 144
2355 145
2355 146
2355 147
2355 148
2355 149
2355 150
2355 151
2355 152
2356 153
2356 154
2356 155
2356 156
2356 157
2357 158
2357 159
2357 160
2357 161
2357 162
2358 163
2358 164
2358 165
2358 166
2359 167
2359 168
2359 169
2359 170
2359 171
2360 172
2360 173
2360 174
2360 175
2361 176
2361 177
2361 178
2361 179
2362 180
2362 181
2362 182
2362 183
2363 184
2363 185
2363 186
2363 187
2364 188
2364 189
2364 190
2364 191
2365 192
2365 193
2365 194
2366 195
2366 196
2366 197
2366 198
2367 199
2367 200
2367 201
2368 202
2368 203
2369 204
2370 205
2370 206
2371 207
2372 208
2373 208
2374 209
2375 209
2376 210
2377 211
2378 211
2379 212
2380 212
2381 211
2382 211
2383 210
2384 209
2385 209
2386 208
2387 207
2388 207
2389 206
2389 205
2390 204
2390 203
2391 202
2391 201
2392 200
2392 199
2393 198
2393 197
2393 196
2394 195
2394 194
2394 193
2395 192
2395 191
2395 190
2395 189
2395 188
2396 187
2396 186
2396 185
2396 184
2396 183
2396 182
2397 181
2397 180
2397 179
2398 178
2398 177
2398 176
2399 175
2399 174
2399 173
2399 172
2400 171
2400 170
2400 169
2400 168
2400 167
2400 166
2400 165
2400 164
2400 163
2400 162
2400 161
2400 160
2400 159
2400 158
2400 157
2401 156
2401 155
2401 154
2401 153
2402 152
2402 151
2402 150
2402 149
2402 148
2403 147
2403 146
2403 145
2403 144
2403 143
2404 142
2404 141
2404 140
2404 139
2404 138
2404 137
2404 136
2404 135
2404 134
2404 133
2404 132
2404 131
2403 130
2403 129
2403 128
2403 127
2403 126
2403 125
2403 124
2403 123
2404 122
2404 121
2404 120
2404 119
2404 118
2404 117
2404 116
2404 115
2404 114
2404 113
2404 112
2404 111
2404 110
2404 109
2404 108
2404 107
2404 106
2404 105
2404 104
2405 103
2405 102
2405 101
2405 100
2405 99
2405 98
2405 97
2405 96
2405 95
2405 94
2405 93
2406 92
2406 91
2406 90
2406 89
2406 88
2406 87
2406 86
2406 85
2406 84
2406 83
2405 82
2405 81
2405 80
2405 79
2405 78
2405 77
2405 76
2405 75
2406 74
2406 73
2406 72
2406 71
2406 70
2406 69
2406 68
2406 67
2406 66
2406 65
2406 64
2406 63
2406 62
2406 61
2406 60
2406 59
2406 58
2406 57
2406 56
2405 55
2405 54
2405 53
2405 52
2405 51
2405 50
2405 49
2404 48
2404 47
2404 46
2404 45
2404 44
2404 43
2404 42
2403 41
2403 40
2403 39
2403 38
2402 37
2402 36
2402 35
2402 34
2402 33
2401 32
2401 31
2401 30
2401 29
2401 28
2400 27
2400 26
2400 25
2400 24
2400 23
2400 22
2400 21
2400 20
2400 19
2399 18
2399 17
2399 16
2399 15
2398 14
2398 13
2397 12
2397 11
2396 10
2395 9
2395 8
2394 7
2393 6
2392 6
2391 5
2390 5
2389 4
2388 4
2387 4
