2221 2156
2220 2157
2219 2158
2218 2158
2217 2159
2216 2160
2215 2160
2214 2161
2213 2162
2212 2163
2211 2164
2210 2165
2209 2165
2208 2166
2207 2167
2207 2168
2206 2169
2205 2170
2204 2171
2203 2172
2202 2173
2201 2174
2201 2175
2200 2176
2199 2177
2198 2178
2198 2179
2197 2180
2196 2181
2196 2182
2195 2183
2195 2184
2194 2185
2193 2186
2193 2187
2192 2188
2192 2189
2191 2190
2191 2191
2190 2192
2190 2193
2189 2194
2189 2195
2188 2196
2188 2197
2187 2198
2187 2199
2186 2200
2186 2201
2186 2202
2185 2203
2185 2204
2185 2205
2184 2206
2184 2207
2183 2208
2183 2209
2183 2210
2183 2211
2183 2212
2183 2213
2183 2214
2182 2215
2182 2216
2182 2217
2182 2218
2182 2219
2182 2220
2182 2221
2181 2222
2181 2223
2181 2224
2181 2225
2181 2226
2181 2227
2181 2228
2180 2229
2180 2230
2180 2231
2180 2232
2180 2233
2180 2234
2180 2235
2180 2236
2180 2237
2180 2238
2180 2239
2180 2240
2180 2241
2180 2242
2180 2243
2180 2244
2180 2245
2179 2246
2179 2247
2179 2248
2179 2249
2179 2250
2179 2251
2179 2252
2179 2253
2179 2254
2179 2255
2179 2256
2179 2257
2179 2258
2179 2259
2179 2260
2178 2261
2178 2262
2178 2263
2178 2264
2178 2265
2178 2266
2178 2267
2178 2268
2178 2269
2178 2270
2177 2271
2177 2272
2177 2273
2177 2274
2177 2275
2177 2276
2177 2277
2177 2278
2177 2279
2176 2280
2176 2281
2176 2282
2176 2283
2176 2284
2176 2285
2176 2286
2176 2287
2175 2288
2175 2289
2175 2290
2175 2291
2175 2292
2175 2293
2175 2294
2175 2295
2175 2296
2175 2297
2175 2298
2174 2299
2174 2300
2174 2301
2174 2302
2174 2303
2174 2304
2174 2305
2174 2306
2174 2307
2174 2308
2174 2309
2173 2310
2173 2311
2173 2312
2173 2313
2173 2314
2173 2315
2173 2316
2172 2317
2172 2318
2172 2319
2172 2320
2172 2321
2172 2322
2172 2323
2171 2324
2171 2325
2171 2326
2171 2327
2171 2328
2171 2329
2171 2330
2170 2331
2170 2332
2170 2333
2170 2334
2170 2335
2170 2336
2169 2337
2169 2338
2169 2339
2169 2340
2169 2341
2169 2342
2168 2343
2168 2344
2168 2345
2168 2346
2168 2347
2168 2348
2167 2349
2167 2350
2167 2351
2167 2352
2167 2353
2167 2354
2166 2355
2166 2356
2166 2357
2166 2358
2166 2359
2165 2360
2165 2361
2165 2362
2165 2363
2164 2364
2164 2365
2164 2366
2164 2367
2163 2368
2163 2369
2163 2370
2163 2371
2163 2372
2162 2373
2162 2374
2162 2375
2162 2376
2161 2377
2161 2378
2161 2379
2161 2380
2160 2381
2160 2382
2160 2383
2160 2384
2159 2385
2159 2386
2159 2387
2159 2388
2158 2389
2158 2390
2158 2391
2158 2392
2157 2393
2157 2394
2157 2395
2156 2396
2156 2397
2156 2398
2156 2399
2155 2400
2155 2401
2155 2402
2155 2403
2154 2404
2154 2405
2154 2406
2153 2407
2153 2408
2153 2409
2152 2410
2152 2411
2152 2412
2152 2413
2151 2414
2151 2415
2151 2416
2151 2417
2151 2418
2150 2419
2150 2420
2150 2421
2150 2422
2150 2423
2149 2424
2149 2425
2149 2426
2149 2427
2149 2428
2148 2429
2148 2430
2148 2431
2148 2432
2148 2433
2148 2434
2148 2435
2148 2436
2148 2437
2148 2438
2149 2439
2149 2440
2149 2441
2149 2442
2149 2443
2149 2444
2149 2445
2149 2446
2149 2447
2150 2448
2150 2449
2150 2450
2150 2451
2150 2452
2150 2453
2150 2454
2150 2455
2151 2456
2151 2457
2151 2458
2151 2459
2151 2460
2151 2461
2151 2462
2151 2463
2151 2464
2152 2465
2152 2466
2152 2467
2152 2468
2152 2469
2152 2470
2152 2471
2152 2472
2152 2473
2153 2474
2153 2475
2153 2476
2153 2477
2153 2478
2154 2479
2154 2480
2154 2481
2154 2482
2154 2483
2154 2484
2155 2485
2155 2486
2155 2487
2155 2488
2155 2489
2155 2490
2155 2491
2155 2492
2156 2493
2156 2494
2156 2495
2156 2496
2156 2497
2156 2498
2156 2499
2156 2500
2157 2501
2157 2502
2157 2503
2157 2504
2157 2505
2157 2506
2158 2507
2158 2508
2158 2509
2158 2510
2158 2511
2158 2512
2159 2513
2159 2514
2159 2515
2159 2516
2159 2517
2159 2518
2160 2519
2160 2520
2160 2521
2160 2522
2161 2523
2161 2524
2161 2525
2161 2526
2162 2527
2162 2528
2162 2529
2162 2530
2163 2531
2163 2532
2163 2533
2163 2534
2164 2535
2164 2536
2164 2537
2165 2538
2165 2539
2165 2540
2165 2541
2165 2542
2166 2543
2166 2544
2166 2545
2166 2546
2166 2547
2167 2548
2167 2549
2167 2550
2167 2551
2167 2552
2167 2553
2168 2554
2168 2555
2168 2556
2168 2557
2169 2558
2169 2559
2169 2560
2169 2561
2169 2562
2170 2563
2170 2564
2170 2565
2170 2566
2170 2567
2170 2568
2171 2569
2171 2570
2171 2571
2171 2572
2171 2573
2171 2574
2171 2575
2171 2576
2172 2577
2172 2578
2172 2579
2172 2580
2172 2581
2172 2582
2173 2583
2173 2584
2173 2585
2173 2586
2173 2587
2173 2588
2173 2589
2174 2590
2174 2591
2174 2592
2174 2593
2174 2594
2174 2595
2174 2596
2175 2597
2175 2598
2175 2599
2176 2600
2176 2601
2177 2602
2177 2603
2178 2604
2178 2605
2179 2606
2179 2607
2179 2608
2180 2609
2180 2610
2181 2611
2181 2612
2182 2613
2182 2614
2182 2615
2183 2616
2183 2617
2184 2618
2184 2619
2185 2620
2185 2621
2185 2622
2186 2623
2186 2624
2187 2625
2187 2626
2188 2627
2188 2628
2188 2629
2189 2630
2189 2631
2190 2632
2190 2633
2191 2634
2191 2635
2191 2636
2192 2637
2192 2638
2193 2639
2193 2640
2193 2641
2194 2642
2194 2643
2195 2644
2195 2645
2196 2646
2196 2647
2196 2648
2197 2649
2197 2650
2198 2651
2198 2652
2199 2653
2199 2654
2200 2655
2200 2656
2200 2657
2201 2658
2201 2659
2202 2660
2202 2661
2203 2662
2203 2663
2204 2664
2204 2665
2205 2666
2206 2667
2206 2668
2207 2668
2208 2668
2209 2669
2210 2669
2211 2669
2212 2669
2213 2669
2214 2670
2215 2670
2216 2669
2217 2668
2218 2668
2219 2667
2220 2666
2221 2665
2222 2665
2223 2664
2224 2663
2225 2663
2226 2662
2227 2661
2228 2660
2229 2660
2230 2659
2230 2658
2231 2657
2232 2656
2233 2655
2233 2654
2234 2653
2235 2652
2236 2651
2236 2650
2236 2649
2237 2648
2237 2647
2237 2646
2237 2645
2238 2644
2238 2643
2238 2642
2238 2641
2239 2640
2239 2639
2239 2638
2239 2637
2239 2636
2240 2635
2240 2634
2240 2633
2240 2632
2241 2631
2241 2630
2241 2629
2241 2628
2241 2627
2241 2626
2241 2625
2241 2624
2241 2623
2241 2622
2241 2621
2241 2620
2242 2619
2242 2618
2242 2617
2242 2616
2242 2615
2242 2614
2242 2613
2242 2612
2242 2611
2243 2610
2243 2609
2243 2608
2243 2607
2243 2606
2243 2605
2243 2604
2243 2603
2244 2602
2244 2601
2244 2600
2244 2599
2244 2598
2244 2597
2244 2596
2245 2595
2245 2594
2245 2593
2245 2592
2245 2591
2245 2590
2245 2589
2245 2588
2246 2587
2246 2586
2246 2585
2246 2584
2246 2583
2246 2582
2246 2581
2246 2580
2246 2579
2247 2578
2247 2577
2247 2576
2247 2575
2247 2574
2247 2573
2247 2572
2247 2571
2247 2570
2248 2569
2248 2568
2248 2567
2248 2566
2248 2565
2248 2564
2248 2563
2248 2562
2248 2561
2248 2560
2248 2559
2248 2558
2248 2557
2249 2556
2249 2555
2249 2554
2249 2553
2249 2552
2249 2551
2249 2550
2249 2549
2249 2548
2249 2547
2250 2546
2250 2545
2250 2544
2250 2543
2250 2542
2250 2541
2250 2540
2250 2539
2250 2538
2250 2537
2250 2536
2250 2535
2250 2534
2250 2533
2250 2532
2250 2531
2250 2530
2251 2529
2251 2528
2251 2527
2251 2526
2251 2525
2251 2524
2251 2523
2251 2522
2251 2521
2251 2520
2251 2519
2251 2518
2251 2517
2252 2516
2252 2515
2252 2514
2252 2513
2252 2512
2252 2511
2252 2510
2252 2509
2252 2508
2252 2507
2252 2506
2252 2505
2252 2504
2252 2503
2252 2502
2252 2501
2252 2500
2252 2499
2252 2498
2252 2497
2252 2496
2252 2495
2252 2494
2252 2493
2252 2492
2252 2491
2252 2490
2252 2489
2252 2488
2252 2487
2252 2486
2252 2485
2252 2484
2252 2483
2252 2482
2252 2481
2252 2480
2252 2479
2252 2478
2252 2477
2252 2476
2252 2475
2252 2474
2252 2473
2252 2472
2252 2471
2252 2470
2252 2469
2252 2468
2252 2467
2252 2466
2252 2465
2252 2464
2252 2463
2252 2462
2252 2461
2252 2460
2252 2459
2252 2458
2252 2457
2252 2456
2252 2455
2252 2454
2252 2453
2252 2452
2252 2451
2252 2450
2252 2449
2252 2448
2252 2447
2252 2446
2252 2445
2252 2444
2252 2443
2252 2442
2252 2441
2252 2440
2252 2439
2252 2438
2252 2437
2252 2436
2252 2435
2252 2434
2252 2433
2252 2432
2252 2431
2252 2430
2252 2429
2252 2428
2252 2427
2252 2426
2252 2425
2252 2424
2252 2423
2252 2422
2252 2421
2252 2420
2252 2419
2252 2418
2252 2417
2252 2416
2252 2415
2252 2414
2252 2413
2252 2412
2252 2411
2252 2410
2252 2409
2252 2408
2252 2407
2252 2406
2252 2405
2252 2404
2252 2403
2252 2402
2251 2401
2251 2400
2251 2399
2251 2398
2251 2397
2251 2396
2251 2395
2251 2394
2251 2393
2251 2392
2251 2391
2251 2390
2251 2389
2251 2388
2251 2387
2251 2386
2251 2385
2251 2384
2251 2383
2251 2382
2251 2381
2251 2380
2251 2379
2251 2378
2251 2377
2251 2376
2251 2375
2250 2374
2250 2373
2250 2372
2250 2371
2250 2370
2250 2369
2250 2368
2250 2367
2250 2366
2250 2365
2250 2364
2250 2363
2250 2362
2250 2361
2249 2360
2249 2359
2249 2358
2249 2357
2249 2356
2249 2355
2249 2354
2249 2353
2249 2352
2249 2351
2249 2350
2249 2349
2249 2348
2249 2347
2249 2346
2249 2345
2249 2344
2249 2343
2249 2342
2248 2341
2248 2340
2248 2339
2248 2338
2248 2337
2248 2336
2248 2335
2248 2334
2248 2333
2248 2332
2248 2331
2248 2330
2248 2329
2248 2328
2248 2327
2248 2326
2248 2325
2248 2324
2248 2323
2248 2322
2248 2321
2248 2320
2248 2319
2248 2318
2248 2317
2248 2316
2248 2315
2248 2314
2248 2313
2248 2312
2248 2311
2248 2310
2247 2309
2247 2308
2247 2307
2247 2306
2247 2305
2247 2304
2247 2303
2247 2302
2247 2301
2247 2300
2247 2299
2247 2298
2247 2297
2247 2296
2247 2295
2247 2294
2247 2293
2247 2292
2247 2291
2247 2290
2247 2289
2247 2288
2247 2287
2247 2286
2247 2285
2247 2284
2247 2283
2247 2282
2247 2281
2247 2280
2247 2279
2247 2278
2247 2277
2246 2276
2246 2275
2246 2274
2246 2273
2246 2272
2246 2271
2246 2270
2246 2269
2246 2268
2246 2267
2246 2266
2246 2265
2246 2264
2246 2263
2246 2262
2246 2261
2246 2260
2246 2259
2246 2258
2246 2257
2246 2256
2246 2255
2246 2254
2246 2253
2246 2252
2246 2251
2246 2250
2246 2249
2246 2248
2245 2247
2245 2246
2245 2245
2245 2244
2245 2243
2245 2242
2245 2241
2245 2240
2245 2239
2245 2238
2245 2237
2245 2236
2245 2235
2245 2234
2245 2233
2245 2232
2245 2231
2245 2230
2245 2229
2245 2228
2245 2227
2245 2226
2245 2225
2245 2224
2245 2223
2245 2222
2245 2221
2245 2220
2245 2219
2245 2218
2245 2217
2245 2216
2245 2215
2245 2214
2244 2213
2244 2212
2244 2211
2244 2210
2244 2209
2244 2208
2244 2207
2244 2206
2244 2205
2244 2204
2244 2203
2243 2202
2243 2201
2243 2200
2243 2199
2243 2198
2243 2197
2243 2196
2243 2195
2243 2194
2242 2193
2242 2192
2242 2191
2242 2190
2242 2189
2242 2188
2242 2187
2242 2186
2242 2185
2241 2184
2241 2183
2241 2182
2241 2181
2241 2180
2241 2179
2241 2178
2240 2177
2240 2176
2240 2175
2240 2174
2240 2173
2239 2172
2239 2171
2239 2170
2239 2169
2238 2168
2238 2167
2238 2166
2237 2165
2237 2164
2236 2163
2236 2162
2235 2161
2234 2160
2233 2159
2233 2158
2232 2157
2231 2156
2230 2156
2229 2156
2228 2156
2227 2156
2226 2156
2225 2156
2224 2156
2223 2156
2222 2156
2221 2156
