2217 1746
2216 1747
2215 1747
2214 1747
2213 1747
2212 1747
2211 1748
2210 1749
2209 1749
2208 1750
2207 1750
2206 1751
2205 1751
2204 1752
2203 1752
2202 1753
2201 1753
2200 1754
2199 1754
2198 1755
2197 1755
2196 1756
2195 1756
2194 1757
2193 1758
2192 1759
2192 1760
2191 1761
2190 1762
2189 1763
2188 1764
2187 1765
2186 1766
2185 1767
2184 1768
2183 1768
2182 1769
2181 1770
2180 1771
2180 1772
2179 1773
2178 1774
2177 1775
2176 1776
2175 1777
2175 1778
2174 1779
2173 1780
2172 1781
2171 1782
2170 1783
2169 1784
2168 1785
2167 1786
2167 1787
2166 1788
2165 1788
2165 1789
2164 1790
2163 1791
2162 1792
2162 1793
2161 1794
2160 1795
2160 1796
2159 1797
2159 1798
2158 1799
2157 1800
2157 1801
2156 1802
2156 1803
2155 1804
2154 1805
2154 1806
2153 1807
2153 1808
2152 1809
2152 1810
2151 1811
2150 1812
2150 1813
2149 1814
2149 1815
2149 1816
2148 1817
2148 1818
2147 1819
2147 1820
2146 1821
2146 1822
2145 1823
2145 1824
2144 1825
2144 1826
2143 1827
2143 1828
2142 1829
2142 1830
2141 1831
2140 1832
2140 1833
2139 1834
2139 1835
2138 1836
2138 1837
2137 1838
2137 1839
2136 1840
2136 1841
2135 1842
2135 1843
2134 1844
2134 1845
2133 1846
2132 1847
2132 1848
2132 1849
2131 1850
2130 1851
2130 1852
2130 1853
2129 1854
2129 1855
2129 1856
2129 1857
2128 1858
2128 1859
2128 1860
2128 1861
2128 1862
2128 1863
2128 1864
2128 1865
2128 1866
2128 1867
2128 1868
2128 1869
2128 1870
2128 1871
2128 1872
2129 1873
2129 1874
2129 1875
2129 1876
2129 1877
2129 1878
2129 1879
2129 1880
2129 1881
2129 1882
2129 1883
2129 1884
2130 1885
2130 1886
2130 1887
2130 1888
2130 1889
2130 1890
2130 1891
2130 1892
2130 1893
2130 1894
2130 1895
2131 1896
2131 1897
2131 1898
2131 1899
2131 1900
2131 1901
2131 1902
2131 1903
2131 1904
2131 1905
2132 1906
2132 1907
2132 1908
2132 1909
2132 1910
2133 1911
2133 1912
2133 1913
2133 1914
2133 1915
2133 1916
2133 1917
2133 1918
2134 1919
2134 1920
2134 1921
2134 1922
2134 1923
2135 1924
2135 1925
2135 1926
2135 1927
2135 1928
2136 1929
2136 1930
2137 1931
2137 1932
2137 1933
2138 1934
2138 1935
2138 1936
2139 1937
2139 1938
2139 1939
2140 1940
2140 1941
2141 1942
2142 1943
2142 1944
2143 1945
2143 1946
2144 1947
2144 1948
2145 1949
2145 1950
2146 1951
2146 1952
2147 1953
2148 1954
2148 1955
2149 1956
2149 1957
2150 1958
2150 1959
2150 1960
2151 1961
2151 1962
2152 1963
2152 1964
2153 1965
2154 1966
2154 1967
2155 1968
2155 1969
2156 1970
2156 1971
2157 1972
2157 1973
2158 1974
2158 1975
2159 1976
2160 1977
2160 1978
2161 1979
2161 1980
2162 1981
2162 1982
2163 1983
2163 1984
2164 1985
2165 1986
2165 1987
2166 1988
2166 1989
2166 1990
2167 1991
2167 1992
2168 1993
2168 1994
2169 1995
2170 1996
2170 1997
2171 1998
2172 1999
2172 2000
2173 2001
2173 2002
2174 2003
2174 2004
2175 2005
2175 2006
2176 2007
2177 2008
2177 2009
2178 2010
2178 2011
2179 2012
2179 2013
2180 2014
2180 2015
2181 2016
2181 2017
2181 2018
2182 2019
2183 2020
2183 2021
2184 2022
2184 2023
2185 2024
2185 2025
2186 2026
2186 2027
2187 2028
2187 2029
2188 2030
2189 2031
2189 2032
2190 2033
2190 2034
2191 2035
2191 2036
2192 2037
2192 2038
2193 2039
2193 2040
2194 2041
2195 2042
2195 2043
2196 2044
2196 2045
2197 2046
2197 2047
2197 2048
2198 2049
2199 2050
2199 2051
2200 2052
2201 2053
2202 2054
2202 2055
2203 2056
2204 2057
2205 2058
2206 2059
2207 2060
2208 2060
2209 2061
2210 2062
2211 2061
2212 2061
2213 2060
2214 2060
2215 2059
2216 2059
2217 2059
2218 2058
2219 2058
2220 2057
2221 2057
2222 2057
2222 2056
2223 2055
2224 2054
2225 2053
2226 2052
2227 2051
2227 2050
2228 2049
2228 2048
2229 2047
2229 2046
2230 2045
2230 2044
2230 2043
2231 2042
2231 2041
2231 2040
2232 2039
2232 2038
2232 2037
2233 2036
2233 2035
2233 2034
2234 2033
2234 2032
2234 2031
2235 2030
2235 2029
2235 2028
2235 2027
2236 2026
2236 2025
2236 2024
2236 2023
2236 2022
2236 2021
2237 2020
2237 2019
2237 2018
2237 2017
2237 2016
2237 2015
2237 2014
2237 2013
2237 2012
2237 2011
2237 2010
2237 2009
2237 2008
2238 2007
2238 2006
2238 2005
2238 2004
2238 2003
2239 2002
2239 2001
2239 2000
2239 1999
2239 1998
2239 1997
2239 1996
2239 1995
2239 1994
2239 1993
2239 1992
2239 1991
2239 1990
2240 1989
2240 1988
2240 1987
2240 1986
2240 1985
2240 1984
2240 1983
2240 1982
2240 1981
2240 1980
2241 1979
2241 1978
2241 1977
2241 1976
2241 1975
2241 1974
2240 1973
2240 1972
2240 1971
2240 1970
2241 1969
2241 1968
2241 1967
2241 1966
2241 1965
2241 1964
2241 1963
2241 1962
2241 1961
2241 1960
2242 1959
2242 1958
2242 1957
2242 1956
2242 1955
2242 1954
2242 1953
2242 1952
2242 1951
2241 1950
2241 1949
2241 1948
2242 1947
2242 1946
2242 1945
2242 1944
2242 1943
2242 1942
2242 1941
2242 1940
2242 1939
2242 1938
2242 1937
2242 1936
2242 1935
2242 1934
2242 1933
2242 1932
2242 1931
2242 1930
2242 1929
2242 1928
2242 1927
2242 1926
2242 1925
2242 1924
2242 1923
2243 1922
2243 1921
2243 1920
2242 1919
2243 1918
2243 1917
2242 1916
2242 1915
2242 1914
2242 1913
2242 1912
2242 1911
2242 1910
2242 1909
2242 1908
2242 1907
2242 1906
2242 1905
2242 1904
2242 1903
2242 1902
2242 1901
2242 1900
2242 1899
2242 1898
2242 1897
2242 1896
2242 1895
2242 1894
2242 1893
2242 1892
2242 1891
2242 1890
2242 1889
2242 1888
2242 1887
2242 1886
2242 1885
2242 1884
2242 1883
2242 1882
2241 1881
2241 1880
2242 1879
2242 1878
2242 1877
2242 1876
2242 1875
2242 1874
2242 1873
2242 1872
2242 1871
2241 1870
2241 1869
2241 1868
2241 1867
2241 1866
2241 1865
2241 1864
2241 1863
2241 1862
2241 1861
2241 1860
2241 1859
2240 1858
2240 1857
2240 1856
2240 1855
2240 1854
2241 1853
2241 1852
2241 1851
2240 1850
2240 1849
2240 1848
2240 1847
2240 1846
2240 1845
2240 1844
2240 1843
2240 1842
2240 1841
2240 1840
2240 1839
2239 1838
2239 1837
2239 1836
2239 1835
2239 1834
2239 1833
2239 1832
2239 1831
2239 1830
2239 1829
2239 1828
2238 1827
2238 1826
2238 1825
2238 1824
2238 1823
2238 1822
2237 1821
2237 1820
2237 1819
2237 1818
2237 1817
2237 1816
2237 1815
2237 1814
2236 1813
2236 1812
2236 1811
2236 1810
2236 1809
2236 1808
2236 1807
2236 1806
2236 1805
2236 1804
2236 1803
2236 1802
2236 1801
2236 1800
2236 1799
2236 1798
2236 1797
2236 1796
2235 1795
2235 1794
2235 1793
2235 1792
2234 1791
2234 1790
2234 1789
2234 1788
2233 1787
2233 1786
2233 1785
2233 1784
2233 1783
2233 1782
2233 1781
2233 1780
2232 1779
2232 1778
2232 1777
2232 1776
2232 1775
2232 1774
2232 1773
2232 1772
2232 1771
2231 1770
2231 1769
2231 1768
2231 1767
2231 1766
2231 1765
2231 1764
2231 1763
2230 1762
2230 1761
2230 1760
2230 1759
2230 1758
2229 1757
2229 1756
2229 1755
2229 1754
2228 1753
2228 1752
2227 1751
2226 1750
2225 1749
2224 1748
2223 1747
2223 1746
2222 1746
2221 1746
2220 1746
2219 1746
2218 1746
2217 1746
