2200 1440
2199 1441
2198 1442
2197 1443
2196 1444
2195 1445
2194 1446
2194 1447
2193 1448
2193 1449
2192 1450
2192 1451
2192 1452
2191 1453
2191 1454
2191 1455
2190 1456
2190 1457
2190 1458
2189 1459
2189 1460
2189 1461
2189 1462
2189 1463
2188 1464
2188 1465
2188 1466
2188 1467
2187 1468
2187 1469
2187 1470
2187 1471
2187 1472
2187 1473
2187 1474
2186 1475
2186 1476
2186 1477
2186 1478
2186 1479
2186 1480
2186 1481
2186 1482
2186 1483
2186 1484
2186 1485
2185 1486
2185 1487
2185 1488
2185 1489
2185 1490
2185 1491
2185 1492
2185 1493
2185 1494
2185 1495
2185 1496
2185 1497
2185 1498
2185 1499
2185 1500
2185 1501
2185 1502
2185 1503
2185 1504
2185 1505
2185 1506
2185 1507
2185 1508
2185 1509
2185 1510
2185 1511
2185 1512
2184 1513
2184 1514
2184 1515
2184 1516
2184 1517
2184 1518
2184 1519
2184 1520
2184 1521
2183 1522
2183 1523
2183 1524
2183 1525
2183 1526
2183 1527
2183 1528
2183 1529
2183 1530
2182 1531
2182 1532
2182 1533
2182 1534
2182 1535
2182 1536
2182 1537
2182 1538
2182 1539
2181 1540
2181 1541
2181 1542
2181 1543
2181 1544
2181 1545
2180 1546
2180 1547
2180 1548
2180 1549
2180 1550
2180 1551
2179 1552
2179 1553
2179 1554
2179 1555
2178 1556
2178 1557
2178 1558
2178 1559
2177 1560
2177 1561
2177 1562
2176 1563
2176 1564
2176 1565
2176 1566
2175 1567
2175 1568
2175 1569
2176 1570
2176 1571
2176 1572
2176 1573
2176 1574
2176 1575
2176 1576
2176 1577
2176 1578
2176 1579
2176 1580
2176 1581
2176 1582
2177 1583
2177 1584
2177 1585
2177 1586
2178 1587
2178 1588
2178 1589
2178 1590
2179 1591
2179 1592
2179 1593
2179 1594
2180 1595
2180 1596
2180 1597
2181 1598
2181 1599
2181 1600
2182 1601
2182 1602
2182 1603
2182 1604
2183 1605
2183 1606
2183 1607
2183 1608
2184 1609
2184 1610
2184 1611
2185 1612
2185 1613
2185 1614
2186 1615
2186 1616
2186 1617
2187 1618
2187 1619
2187 1620
2188 1621
2188 1622
2188 1623
2189 1624
2189 1625
2189 1626
2189 1627
2189 1628
2190 1629
2190 1630
2190 1631
2191 1632
2191 1633
2191 1634
2192 1635
2192 1636
2192 1637
2193 1638
2193 1639
2193 1640
2193 1641
2194 1642
2194 1643
2194 1644
2194 1645
2195 1646
2195 1647
2195 1648
2196 1649
2196 1650
2196 1651
2197 1652
2197 1653
2197 1654
2198 1655
2198 1656
2198 1657
2199 1658
2199 1659
2199 1660
2200 1661
2200 1662
2201 1663
2201 1664
2202 1665
2202 1666
2203 1666
2204 1666
2205 1666
2206 1666
2207 1666
2208 1666
2209 1666
2210 1666
2211 1666
2212 1666
2213 1665
2214 1664
2214 1663
2215 1662
2216 1661
2216 1660
2217 1659
2217 1658
2217 1657
2218 1656
2218 1655
2218 1654
2218 1653
2218 1652
2218 1651
2219 1650
2219 1649
2219 1648
2219 1647
2219 1646
2220 1645
2220 1644
2220 1643
2220 1642
2221 1641
2221 1640
2221 1639
2221 1638
2221 1637
2222 1636
2222 1635
2222 1634
2222 1633
2222 1632
2222 1631
2222 1630
2222 1629
2222 1628
2222 1627
2222 1626
2223 1625
2223 1624
2223 1623
2223 1622
2223 1621
2223 1620
2223 1619
2223 1618
2223 1617
2223 1616
2224 1615
2224 1614
2224 1613
2224 1612
2224 1611
2224 1610
2224 1609
2224 1608
2224 1607
2224 1606
2224 1605
2224 1604
2224 1603
2224 1602
2224 1601
2224 1600
2224 1599
2224 1598
2224 1597
2224 1596
2224 1595
2224 1594
2224 1593
2224 1592
2224 1591
2224 1590
2224 1589
2224 1588
2224 1587
2224 1586
2224 1585
2224 1584
2224 1583
2224 1582
2224 1581
2224 1580
2224 1579
2224 1578
2224 1577
2224 1576
2224 1575
2224 1574
2224 1573
2225 1572
2225 1571
2225 1570
2225 1569
2225 1568
2225 1567
2225 1566
2225 1565
2225 1564
2225 1563
2225 1562
2225 1561
2225 1560
2225 1559
2225 1558
2225 1557
2225 1556
2225 1555
2225 1554
2224 1553
2224 1552
2224 1551
2224 1550
2224 1549
2224 1548
2224 1547
2224 1546
2224 1545
2224 1544
2224 1543
2224 1542
2224 1541
2224 1540
2224 1539
2224 1538
2224 1537
2224 1536
2223 1535
2223 1534
2223 1533
2223 1532
2223 1531
2223 1530
2223 1529
2223 1528
2223 1527
2223 1526
2222 1525
2222 1524
2222 1523
2222 1522
2222 1521
2222 1520
2222 1519
2222 1518
2222 1517
2222 1516
2221 1515
2221 1514
2221 1513
2221 1512
2221 1511
2221 1510
2221 1509
2221 1508
2221 1507
2220 1506
2220 1505
2220 1504
2220 1503
2220 1502
2220 1501
2220 1500
2220 1499
2220 1498
2220 1497
2220 1496
2220 1495
2220 1494
2220 1493
2219 1492
2219 1491
2219 1490
2219 1489
2219 1488
2219 1487
2219 1486
2219 1485
2219 1484
2219 1483
2219 1482
2218 1481
2218 1480
2218 1479
2218 1478
2218 1477
2218 1476
2218 1475
2218 1474
2218 1473
2218 1472
2218 1471
2217 1470
2217 1469
2217 1468
2217 1467
2217 1466
2217 1465
2217 1464
2217 1463
2216 1462
2216 1461
2216 1460
2216 1459
2216 1458
2216 1457
2215 1456
2215 1455
2215 1454
2215 1453
2214 1452
2214 1451
2214 1450
2213 1449
2213 1448
2213 1447
2212 1446
2211 1445
2211 1444
2210 1443
2209 1442
2208 1441
2207 1441
2206 1440
2205 1440
2204 1440
2203 1440
2202 1440
2201 1440
2200 1440
