2243 388
2242 389
2242 390
2241 391
2240 392
2239 393
2238 394
2237 395
2237 396
2236 397
2235 398
2234 399
2234 400
2233 401
2232 402
2232 403
2231 404
2231 405
2230 406
2229 407
2228 408
2228 409
2227 410
2226 411
2225 412
2224 413
2223 414
2222 415
2222 416
2221 417
2220 418
2220 419
2219 420
2219 421
2218 422
2218 423
2218 424
2217 425
2217 426
2216 427
2216 428
2215 429
2215 430
2214 431
2214 432
2213 433
2213 434
2212 435
2212 436
2212 437
2211 438
2211 439
2210 440
2210 441
2209 442
2209 443
2208 444
2208 445
2208 446
2207 447
2207 448
2206 449
2206 450
2205 451
2205 452
2204 453
2204 454
2203 455
2203 456
2203 457
2202 458
2202 459
2201 460
2201 461
2201 462
2200 463
2200 464
2199 465
2199 466
2198 467
2198 468
2197 469
2197 470
2196 471
2196 472
2196 473
2195 474
2195 475
2194 476
2194 477
2193 478
2193 479
2192 480
2192 481
2191 482
2191 483
2190 484
2190 485
2190 486
2189 487
2189 488
2188 489
2188 490
2187 491
2187 492
2186 493
2185 494
2185 495
2184 496
2183 497
2182 498
2181 499
2180 500
2180 501
2179 502
2178 503
2178 504
2177 505
2177 506
2176 507
2176 508
2175 509
2175 510
2174 511
2174 512
2174 513
2173 514
2173 515
2172 516
2172 517
2172 518
2172 519
2171 520
2171 521
2170 522
2169 523
2169 524
2168 525
2168 526
2167 527
2167 528
2166 529
2166 530
2165 531
2165 532
2164 533
2164 534
2163 535
2163 536
2163 537
2162 538
2162 539
2161 540
2161 541
2160 542
2160 543
2160 544
2159 545
2159 546
2158 547
2158 548
2158 549
2157 550
2156 551
2155 552
2155 553
2154 554
2153 555
2152 556
2152 557
2151 558
2150 559
2149 560
2149 561
2148 562
2147 563
2147 564
2146 565
2145 566
2144 567
2143 568
2143 569
2142 570
2142 571
2141 572
2141 573
2140 574
2140 575
2139 576
2139 577
2138 578
2138 579
2137 580
2137 581
2137 582
2136 583
2136 584
2135 585
2135 586
2135 587
2135 588
2136 589
2136 590
2136 591
2136 592
2136 593
2136 594
2137 595
2137 596
2137 597
2137 598
2137 599
2137 600
2137 601
2137 602
2137 603
2137 604
2137 605
2138 606
2138 607
2138 608
2138 609
2138 610
2138 611
2139 612
2139 613
2139 614
2140 615
2140 616
2141 617
2141 618
2142 619
2143 620
2143 621
2143 622
2144 623
2144 624
2145 625
2145 626
2145 627
2146 628
2146 629
2146 630
2147 631
2147 632
2147 633
2147 634
2148 635
2148 636
2149 637
2149 638
2149 639
2149 640
2150 641
2150 642
2151 643
2151 644
2151 645
2151 646
2151 647
2152 648
2153 649
2153 650
2154 651
2154 652
2155 653
2155 654
2156 655
2156 656
2156 657
2157 658
2157 659
2158 660
2158 661
2159 662
2159 663
2159 664
2160 665
2160 666
2160 667
2161 668
2161 669
2161 670
2162 671
2162 672
2163 673
2163 674
2163 675
2164 676
2165 677
2165 678
2166 679
2166 680
2167 681
2167 682
2168 683
2168 684
2169 685
2169 686
2170 687
2170 688
2171 689
2171 690
2172 691
2172 692
2172 693
2172 694
2173 695
2173 696
2174 697
2174 698
2174 699
2175 700
2175 701
2175 702
2176 703
2176 704
2176 705
2177 706
2177 707
2178 708
2178 709
2178 710
2179 711
2179 712
2180 713
2180 714
2181 715
2181 716
2181 717
2181 718
2181 719
2182 720
2182 721
2182 722
2182 723
2183 724
2183 725
2184 726
2184 727
2184 728
2185 729
2185 730
2186 731
2186 732
2187 733
2187 734
2187 735
2188 736
2189 737
2189 738
2190 739
2190 740
2190 741
2191 742
2192 743
2192 744
2193 745
2193 746
2194 747
2194 748
2195 749
2195 750
2195 751
2196 752
2196 753
2196 754
2197 755
2197 756
2198 757
2198 758
2198 759
2199 760
2199 761
2200 762
2200 763
2200 764
2200 765
2201 766
2201 767
2202 768
2202 769
2202 770
2203 771
2203 772
2204 773
2204 774
2204 775
2204 776
2205 777
2205 778
2206 779
2206 780
2206 781
2206 782
2207 783
2207 784
2207 785
2208 786
2208 787
2208 788
2208 789
2209 790
2209 791
2209 792
2209 793
2210 794
2210 795
2211 796
2211 797
2211 798
2211 799
2212 800
2212 801
2213 802
2213 803
2214 804
2214 805
2215 806
2215 807
2215 808
2216 809
2216 810
2216 811
2217 812
2217 813
2218 814
2218 815
2219 816
2219 817
2219 818
2220 819
2220 820
2220 821
2221 822
2221 823
2221 824
2222 825
2222 826
2223 827
2223 828
2223 829
2224 830
2224 831
2225 832
2225 833
2226 834
2226 835
2226 836
2226 837
2227 838
2227 839
2227 840
2228 841
2228 842
2229 843
2229 844
2229 845
2229 846
2230 847
2230 848
2230 849
2231 850
2231 851
2231 852
2231 853
2232 854
2232 855
2233 856
2233 857
2234 858
2234 859
2234 860
2235 861
2235 862
2236 863
2236 864
2237 865
2237 866
2238 867
2239 868
2239 869
2240 870
2241 870
2242 871
2243 871
2244 872
2245 873
2246 873
2247 874
2248 873
2248 872
2249 871
2250 870
2251 869
2252 868
2253 867
2253 866
2254 865
2254 864
2255 863
2255 862
2255 861
2255 860
2256 859
2256 858
2256 857
2257 856
2257 855
2257 854
2257 853
2258 852
2258 851
2259 850
2259 849
2259 848
2260 847
2260 846
2260 845
2260 844
2261 843
2261 842
2261 841
2261 840
2261 839
2261 838
2261 837
2261 836
2261 835
2262 834
2262 833
2262 832
2262 831
2262 830
2262 829
2262 828
2263 827
2263 826
2263 825
2264 824
2264 823
2264 822
2265 821
2265 820
2265 819
2266 818
2266 817
2266 816
2266 815
2266 814
2266 813
2266 812
2266 811
2266 810
2267 809
2267 808
2267 807
2267 806
2267 805
2267 804
2267 803
2267 802
2267 801
2268 800
2268 799
2268 798
2268 797
2268 796
2268 795
2268 794
2268 793
2268 792
2268 791
2268 790
2269 789
2269 788
2269 787
2269 786
2269 785
2269 784
2270 783
2270 782
2270 781
2270 780
2270 779
2271 778
2271 777
2271 776
2271 775
2271 774
2271 773
2272 772
2272 771
2272 770
2272 769
2272 768
2272 767
2272 766
2272 765
2272 764
2273 763
2272 762
2272 761
2272 760
2272 759
2273 758
2273 757
2273 756
2273 755
2273 754
2273 753
2273 752
2273 751
2273 750
2273 749
2273 748
2273 747
2273 746
2273 745
2273 744
2273 743
2273 742
2273 741
2273 740
2274 739
2273 738
2273 737
2273 736
2273 735
2273 734
2273 733
2273 732
2273 731
2273 730
2273 729
2273 728
2274 727
2274 726
2274 725
2274 724
2274 723
2274 722
2274 721
2274 720
2274 719
2274 718
2275 717
2275 716
2275 715
2275 714
2275 713
2276 712
2276 711
2276 710
2276 709
2276 708
2276 707
2276 706
2276 705
2276 704
2276 703
2276 702
2277 701
2276 700
2276 699
2277 698
2277 697
2277 696
2277 695
2277 694
2277 693
2277 692
2277 691
2277 690
2277 689
2277 688
2277 687
2277 686
2277 685
2277 684
2277 683
2277 682
2277 681
2277 680
2278 679
2278 678
2278 677
2278 676
2278 675
2278 674
2278 673
2278 672
2278 671
2278 670
2278 669
2278 668
2278 667
2278 666
2278 665
2278 664
2278 663
2277 662
2278 661
2278 660
2278 659
2278 658
2278 657
2278 656
2278 655
2278 654
2278 653
2278 652
2278 651
2278 650
2278 649
2278 648
2279 647
2279 646
2279 645
2279 644
2279 643
2279 642
2279 641
2279 640
2279 639
2279 638
2279 637
2279 636
2279 635
2279 634
2279 633
2279 632
2278 631
2279 630
2279 629
2279 628
2278 627
2278 626
2278 625
2278 624
2278 623
2278 622
2278 621
2278 620
2278 619
2278 618
2279 617
2279 616
2279 615
2279 614
2279 613
2279 612
2279 611
2279 610
2279 609
2279 608
2279 607
2279 606
2279 605
2279 604
2279 603
2279 602
2278 601
2279 600
2279 599
2279 598
2279 597
2279 596
2278 595
2278 594
2278 593
2278 592
2278 591
2278 590
2278 589
2278 588
2278 587
2278 586
2278 585
2278 584
2278 583
2278 582
2278 581
2278 580
2278 579
2278 578
2278 577
2278 576
2278 575
2278 574
2278 573
2278 572
2278 571
2278 570
2278 569
2278 568
2278 567
2278 566
2278 565
2278 564
2278 563
2278 562
2278 561
2278 560
2278 559
2278 558
2278 557
2278 556
2278 555
2278 554
2277 553
2277 552
2277 551
2277 550
2277 549
2277 548
2277 547
2277 546
2277 545
2277 544
2277 543
2276 542
2276 541
2276 540
2276 539
2276 538
2276 537
2276 536
2276 535
2276 534
2276 533
2276 532
2276 531
2275 530
2275 529
2275 528
2275 527
2275 526
2275 525
2275 524
2275 523
2275 522
2275 521
2275 520
2275 519
2275 518
2275 517
2275 516
2275 515
2275 514
2275 513
2275 512
2275 511
2275 510
2275 509
2276 508
2276 507
2276 506
2276 505
2275 504
2275 503
2275 502
2275 501
2275 500
2275 499
2275 498
2275 497
2275 496
2275 495
2274 494
2274 493
2274 492
2274 491
2274 490
2274 489
2273 488
2273 487
2273 486
2273 485
2273 484
2273 483
2273 482
2273 481
2272 480
2272 479
2272 478
2272 477
2272 476
2272 475
2271 474
2271 473
2271 472
2271 471
2271 470
2271 469
2271 468
2270 467
2270 466
2270 465
2270 464
2270 463
2270 462
2269 461
2269 460
2270 459
2270 458
2269 457
2269 456
2269 455
2269 454
2269 453
2269 452
2269 451
2269 450
2268 449
2268 448
2268 447
2269 446
2268 445
2268 444
2268 443
2268 442
2268 441
2268 440
2268 439
2268 438
2268 437
2268 436
2268 435
2268 434
2268 433
2267 432
2267 431
2267 430
2267 429
2267 428
2266 427
2266 426
2266 425
2266 424
2265 423
2265 422
2265 421
2265 420
2264 419
2264 418
2264 417
2264 416
2264 415
2263 414
2263 413
2263 412
2263 411
2263 410
2262 409
2262 408
2261 407
2261 406
2261 405
2261 404
2260 403
2260 402
2260 401
2259 400
2259 399
2259 398
2258 397
2258 396
2257 395
2257 394
2256 393
2255 392
2254 391
2253 390
2252 389
2251 388
2250 388
2249 388
2248 388
2247 388
2246 388
2245 388
2244 388
2243 388
