2221 5
2220 6
2219 6
2218 7
2217 8
2216 8
2215 9
2214 10
2213 11
2212 11
2211 12
2211 13
2210 14
2209 15
2208 16
2207 17
2206 18
2206 19
2205 20
2204 21
2204 22
2203 23
2203 24
2203 25
2202 26
2202 27
2201 28
2201 29
2201 30
2200 31
2200 32
2200 33
2199 34
2199 35
2199 36
2198 37
2198 38
2198 39
2197 40
2197 41
2197 42
2197 43
2196 44
2196 45
2196 46
2195 47
2195 48
2195 49
2194 50
2194 51
2194 52
2193 53
2193 54
2193 55
2192 56
2192 57
2192 58
2191 59
2191 60
2191 61
2191 62
2190 63
2190 64
2189 65
2189 66
2189 67
2188 68
2188 69
2188 70
2187 71
2187 72
2186 73
2186 74
2186 75
2185 76
2185 77
2184 78
2184 79
2184 80
2183 81
2183 82
2182 83
2182 84
2182 85
2181 86
2181 87
2180 88
2180 89
2179 90
2179 91
2178 92
2178 93
2178 94
2177 95
2177 96
2176 97
2176 98
2175 99
2175 100
2174 101
2174 102
2174 103
2173 104
2173 105
2172 106
2172 107
2172 108
2171 109
2171 110
2171 111
2170 112
2170 113
2170 114
2169 115
2169 116
2169 117
2169 118
2169 119
2168 120
2168 121
2168 122
2168 123
2168 124
2168 125
2167 126
2168 127
2168 128
2168 129
2168 130
2168 131
2168 132
2168 133
2168 134
2168 135
2168 136
2169 137
2169 138
2169 139
2169 140
2170 141
2170 142
2170 143
2171 144
2171 145
2171 146
2171 147
2172 148
2172 149
2172 150
2172 151
2173 152
2173 153
2173 154
2174 155
2174 156
2174 157
2174 158
2174 159
2175 160
2175 161
2175 162
2175 163
2176 164
2176 165
2176 166
2176 167
2177 168
2177 169
2177 170
2177 171
2178 172
2178 173
2178 174
2178 175
2178 176
2179 177
2179 178
2179 179
2179 180
2180 181
2180 182
2180 183
2180 184
2181 185
2181 186
2181 187
2181 188
2181 189
2182 190
2182 191
2182 192
2182 193
2183 194
2183 195
2183 196
2183 197
2183 198
2184 199
2184 200
2184 201
2184 202
2184 203
2185 204
2185 205
2185 206
2185 207
2185 208
2186 209
2186 210
2186 211
2186 212
2186 213
2186 214
2187 215
2187 216
2187 217
2187 218
2187 219
2188 220
2188 221
2188 222
2188 223
2188 224
2189 225
2189 226
2189 227
2189 228
2189 229
2190 230
2190 231
2190 232
2190 233
2190 234
2191 235
2191 236
2191 237
2191 238
2191 239
2192 240
2192 241
2192 242
2192 243
2192 244
2193 245
2193 246
2193 247
2193 248
2193 249
2194 250
2194 251
2194 252
2194 253
2195 254
2195 255
2195 256
2195 257
2196 258
2196 259
2196 260
2196 261
2197 262
2197 263
2197 264
2197 265
2198 266
2198 267
2198 268
2199 269
2199 270
2200 271
2200 272
2200 273
2201 274
2201 275
2202 276
2202 277
2203 278
2204 279
2204 280
2205 281
2206 282
2206 283
2207 284
2208 285
2209 286
2210 287
2211 288
2212 288
2213 289
2214 290
2215 291
2216 291
2217 292
2218 293
2219 293
2220 293
2221 294
2222 294
2223 295
2224 295
2225 296
2226 296
2227 296
2228 296
2229 296
2230 297
2231 297
2232 297
2233 297
2234 297
2235 297
2236 296
2237 295
2238 294
2239 293
2239 292
2240 291
2241 290
2242 289
2243 288
2243 287
2244 286
2244 285
2244 284
2244 283
2245 282
2245 281
2245 280
2245 279
2245 278
2245 277
2246 276
2246 275
2246 274
2246 273
2246 272
2246 271
2246 270
2246 269
2246 268
2246 267
2247 266
2247 265
2247 264
2247 263
2247 262
2247 261
2247 260
2247 259
2247 258
2248 257
2248 256
2248 255
2248 254
2248 253
2248 252
2248 251
2248 250
2248 249
2248 248
2248 247
2248 246
2249 245
2249 244
2249 243
2249 242
2249 241
2249 240
2249 239
2249 238
2249 237
2249 236
2249 235
2249 234
2249 233
2249 232
2249 231
2249 230
2249 229
2249 228
2249 227
2249 226
2249 225
2250 224
2250 223
2250 222
2250 221
2250 220
2250 219
2250 218
2250 217
2250 216
2250 215
2250 214
2250 213
2250 212
2250 211
2250 210
2250 209
2250 208
2250 207
2250 206
2250 205
2250 204
2250 203
2250 202
2250 201
2250 200
2250 199
2250 198
2250 197
2250 196
2250 195
2250 194
2250 193
2250 192
2250 191
2250 190
2250 189
2250 188
2250 187
2250 186
2250 185
2250 184
2250 183
2250 182
2250 181
2250 180
2250 179
2250 178
2250 177
2250 176
2250 175
2250 174
2250 173
2250 172
2250 171
2250 170
2250 169
2250 168
2250 167
2250 166
2250 165
2250 164
2250 163
2250 162
2250 161
2250 160
2250 159
2250 158
2250 157
2250 156
2250 155
2250 154
2250 153
2250 152
2250 151
2250 150
2250 149
2251 148
2251 147
2251 146
2251 145
2251 144
2251 143
2251 142
2251 141
2251 140
2251 139
2251 138
2251 137
2251 136
2251 135
2251 134
2251 133
2251 132
2250 131
2250 130
2250 129
2250 128
2250 127
2250 126
2250 125
2250 124
2250 123
2250 122
2250 121
2249 120
2249 119
2249 118
2249 117
2249 116
2249 115
2249 114
2249 113
2249 112
2249 111
2249 110
2249 109
2249 108
2249 107
2249 106
2249 105
2249 104
2249 103
2249 102
2249 101
2249 100
2249 99
2249 98
2249 97
2249 96
2249 95
2249 94
2249 93
2249 92
2249 91
2249 90
2249 89
2249 88
2249 87
2249 86
2249 85
2249 84
2249 83
2249 82
2249 81
2249 80
2249 79
2249 78
2249 77
2249 76
2249 75
2249 74
2249 73
2249 72
2249 71
2249 70
2249 69
2249 68
2249 67
2249 66
2249 65
2249 64
2249 63
2248 62
2248 61
2248 60
2248 59
2248 58
2248 57
2248 56
2248 55
2248 54
2248 53
2248 52
2248 51
2248 50
2248 49
2248 48
2248 47
2247 46
2247 45
2247 44
2247 43
2247 42
2247 41
2247 40
2247 39
2247 38
2247 37
2246 36
2246 35
2246 34
2246 33
2246 32
2246 31
2245 30
2245 29
2245 28
2245 27
2245 26
2244 25
2244 24
2244 23
2244 22
2244 21
2243 20
2243 19
2243 18
2243 17
2243 16
2242 15
2242 14
2241 13
2240 12
2239 11
2239 10
2238 9
2237 9
2236 8
2235 7
2234 6
2233 6
2232 5
2231 5
2230 5
2229 5
2228 5
2227 5
2226 5
2225 5
2224 5
2223 5
2222 5
2221 5
