2021 2203
2020 2204
2019 2204
2018 2204
2017 2205
2016 2205
2015 2205
2014 2206
2013 2206
2012 2207
2011 2207
2010 2208
2009 2208
2008 2209
2007 2209
2006 2210
2005 2210
2004 2211
2003 2212
2002 2213
2001 2214
2000 2215
2000 2216
1999 2217
1998 2218
1998 2219
1997 2220
1997 2221
1996 2222
1995 2223
1995 2224
1994 2225
1994 2226
1994 2227
1993 2228
1993 2229
1992 2230
1992 2231
1991 2232
1991 2233
1990 2234
1990 2235
1989 2236
1989 2237
1988 2238
1988 2239
1987 2240
1987 2241
1986 2242
1985 2243
1985 2244
1984 2245
1984 2246
1983 2247
1982 2248
1982 2249
1982 2250
1981 2251
1981 2252
1980 2253
1980 2254
1979 2255
1979 2256
1978 2257
1978 2258
1977 2259
1977 2260
1976 2261
1976 2262
1975 2263
1975 2264
1974 2265
1974 2266
1973 2267
1972 2268
1972 2269
1971 2270
1971 2271
1971 2272
1970 2273
1970 2274
1969 2275
1968 2276
1968 2277
1967 2278
1967 2279
1966 2280
1966 2281
1965 2282
1965 2283
1964 2284
1963 2285
1963 2286
1962 2287
1962 2288
1961 2289
1961 2290
1960 2291
1959 2292
1959 2293
1958 2294
1958 2295
1957 2296
1957 2297
1956 2298
1956 2299
1956 2300
1955 2301
1955 2302
1955 2303
1954 2304
1954 2305
1954 2306
1953 2307
1953 2308
1953 2309
1952 2310
1952 2311
1952 2312
1951 2313
1951 2314
1951 2315
1951 2316
1951 2317
1951 2318
1951 2319
1951 2320
1951 2321
1951 2322
1951 2323
1951 2324
1951 2325
1951 2326
1951 2327
1951 2328
1951 2329
1951 2330
1951 2331
1951 2332
1951 2333
1951 2334
1950 2335
1950 2336
1950 2337
1950 2338
1950 2339
1950 2340
1950 2341
1950 2342
1950 2343
1950 2344
1950 2345
1950 2346
1950 2347
1950 2348
1950 2349
1950 2350
1951 2351
1951 2352
1951 2353
1951 2354
1951 2355
1951 2356
1951 2357
1951 2358
1952 2359
1952 2360
1952 2361
1952 2362
1952 2363
1953 2364
1953 2365
1953 2366
1953 2367
1953 2368
1954 2369
1954 2370
1954 2371
1955 2372
1955 2373
1955 2374
1955 2375
1956 2376
1956 2377
1956 2378
1957 2379
1957 2380
1957 2381
1958 2382
1958 2383
1958 2384
1959 2385
1959 2386
1959 2387
1960 2388
1960 2389
1960 2390
1961 2391
1961 2392
1961 2393
1961 2394
1962 2395
1962 2396
1962 2397
1963 2398
1963 2399
1963 2400
1964 2401
1964 2402
1965 2403
1965 2404
1965 2405
1966 2406
1966 2407
1967 2408
1967 2409
1968 2410
1968 2411
1968 2412
1969 2413
1969 2414
1970 2415
1970 2416
1971 2417
1971 2418
1972 2419
1972 2420
1973 2421
1973 2422
1973 2423
1974 2424
1974 2425
1975 2426
1975 2427
1976 2428
1976 2429
1977 2430
1978 2431
1978 2432
1979 2433
1979 2434
1980 2435
1980 2436
1981 2437
1981 2438
1981 2439
1982 2440
1982 2441
1983 2442
1983 2443
1984 2444
1985 2445
1985 2446
1986 2447
1986 2448
1987 2449
1988 2449
1989 2450
1990 2451
1991 2451
1992 2452
1993 2453
1994 2453
1995 2453
1996 2453
1997 2452
1998 2452
1999 2452
2000 2452
2001 2452
2002 2451
2003 2451
2004 2451
2005 2450
2006 2450
2007 2449
2008 2449
2009 2448
2010 2448
2011 2447
2012 2447
2013 2446
2014 2446
2015 2445
2016 2445
2017 2444
2018 2444
2019 2443
2020 2443
2021 2442
2022 2441
2023 2441
2024 2440
2025 2440
2026 2439
2027 2438
2028 2437
2029 2436
2030 2435
2031 2434
2032 2433
2033 2432
2034 2431
2035 2430
2036 2429
2037 2428
2038 2427
2039 2426
2040 2425
2040 2424
2041 2423
2042 2422
2043 2421
2044 2420
2045 2419
2045 2418
2046 2417
2047 2416
2047 2415
2048 2414
2049 2413
2049 2412
2050 2411
2050 2410
2051 2409
2051 2408
2051 2407
2052 2406
2052 2405
2053 2404
2053 2403
2054 2402
2054 2401
2054 2400
2054 2399
2054 2398
2054 2397
2055 2396
2055 2395
2055 2394
2055 2393
2055 2392
2055 2391
2055 2390
2055 2389
2055 2388
2055 2387
2055 2386
2055 2385
2055 2384
2055 2383
2055 2382
2055 2381
2055 2380
2055 2379
2055 2378
2055 2377
2055 2376
2055 2375
2055 2374
2055 2373
2055 2372
2055 2371
2055 2370
2055 2369
2056 2368
2056 2367
2056 2366
2056 2365
2056 2364
2056 2363
2056 2362
2056 2361
2057 2360
2057 2359
2057 2358
2057 2357
2057 2356
2057 2355
2057 2354
2057 2353
2057 2352
2057 2351
2057 2350
2057 2349
2057 2348
2058 2347
2058 2346
2058 2345
2058 2344
2058 2343
2058 2342
2058 2341
2058 2340
2058 2339
2058 2338
2058 2337
2058 2336
2058 2335
2058 2334
2058 2333
2058 2332
2058 2331
2058 2330
2058 2329
2057 2328
2057 2327
2057 2326
2057 2325
2057 2324
2057 2323
2057 2322
2057 2321
2057 2320
2057 2319
2057 2318
2057 2317
2057 2316
2056 2315
2056 2314
2056 2313
2056 2312
2056 2311
2056 2310
2056 2309
2056 2308
2056 2307
2056 2306
2056 2305
2056 2304
2056 2303
2056 2302
2057 2301
2057 2300
2057 2299
2057 2298
2057 2297
2057 2296
2057 2295
2057 2294
2057 2293
2057 2292
2057 2291
2057 2290
2057 2289
2057 2288
2057 2287
2057 2286
2057 2285
2057 2284
2057 2283
2057 2282
2057 2281
2057 2280
2057 2279
2057 2278
2057 2277
2057 2276
2057 2275
2057 2274
2057 2273
2057 2272
2057 2271
2057 2270
2057 2269
2057 2268
2057 2267
2057 2266
2057 2265
2057 2264
2057 2263
2057 2262
2057 2261
2057 2260
2057 2259
2057 2258
2057 2257
2057 2256
2057 2255
2057 2254
2057 2253
2057 2252
2057 2251
2057 2250
2056 2249
2056 2248
2056 2247
2056 2246
2056 2245
2056 2244
2056 2243
2056 2242
2056 2241
2056 2240
2056 2239
2056 2238
2055 2237
2055 2236
2055 2235
2055 2234
2055 2233
2055 2232
2054 2231
2054 2230
2054 2229
2054 2228
2054 2227
2053 2226
2053 2225
2053 2224
2053 2223
2052 2222
2052 2221
2052 2220
2051 2219
2051 2218
2051 2217
2050 2216
2050 2215
2050 2214
2049 2213
2049 2212
2048 2211
2048 2210
2047 2209
2047 2208
2046 2207
2045 2207
2044 2206
2043 2206
2042 2205
2041 2205
2040 2204
2039 2204
2038 2203
2037 2203
2036 2203
2035 2203
2034 2203
2033 2203
2032 2203
2031 2203
2030 2203
2029 2203
2028 2203
2027 2203
2026 2203
2025 2203
2024 2203
2023 2203
2022 2203
2021 2203
