2019 1721
2018 1722
2017 1722
2016 1723
2015 1723
2014 1724
2013 1724
2012 1725
2011 1725
2010 1726
2009 1727
2008 1728
2007 1728
2006 1729
2005 1730
2004 1731
2003 1732
2002 1733
2002 1734
2001 1735
2000 1736
2000 1737
1999 1738
1998 1739
1998 1740
1997 1741
1997 1742
1997 1743
1996 1744
1996 1745
1995 1746
1995 1747
1995 1748
1995 1749
1994 1750
1994 1751
1994 1752
1994 1753
1994 1754
1993 1755
1993 1756
1993 1757
1993 1758
1993 1759
1992 1760
1992 1761
1992 1762
1992 1763
1992 1764
1991 1765
1991 1766
1991 1767
1991 1768
1991 1769
1991 1770
1991 1771
1991 1772
1991 1773
1991 1774
1990 1775
1990 1776
1990 1777
1990 1778
1990 1779
1990 1780
1990 1781
1990 1782
1990 1783
1990 1784
1990 1785
1989 1786
1989 1787
1989 1788
1989 1789
1989 1790
1989 1791
1989 1792
1989 1793
1989 1794
1989 1795
1988 1796
1988 1797
1988 1798
1988 1799
1988 1800
1988 1801
1988 1802
1988 1803
1987 1804
1987 1805
1987 1806
1987 1807
1987 1808
1987 1809
1987 1810
1986 1811
1986 1812
1986 1813
1986 1814
1986 1815
1986 1816
1986 1817
1986 1818
1986 1819
1986 1820
1986 1821
1985 1822
1985 1823
1985 1824
1985 1825
1985 1826
1985 1827
1985 1828
1985 1829
1985 1830
1985 1831
1985 1832
1984 1833
1984 1834
1984 1835
1984 1836
1984 1837
1983 1838
1983 1839
1983 1840
1983 1841
1983 1842
1982 1843
1982 1844
1982 1845
1982 1846
1982 1847
1981 1848
1981 1849
1981 1850
1981 1851
1980 1852
1980 1853
1980 1854
1979 1855
1979 1856
1979 1857
1978 1858
1978 1859
1977 1860
1977 1861
1976 1862
1976 1863
1976 1864
1975 1865
1975 1866
1974 1867
1974 1868
1973 1869
1973 1870
1973 1871
1972 1872
1972 1873
1971 1874
1971 1875
1971 1876
1970 1877
1970 1878
1969 1879
1969 1880
1968 1881
1968 1882
1967 1883
1967 1884
1967 1885
1966 1886
1966 1887
1965 1888
1965 1889
1965 1890
1964 1891
1964 1892
1963 1893
1963 1894
1962 1895
1962 1896
1962 1897
1961 1898
1961 1899
1960 1900
1960 1901
1959 1902
1959 1903
1959 1904
1958 1905
1958 1906
1957 1907
1957 1908
1956 1909
1956 1910
1956 1911
1955 1912
1955 1913
1955 1914
1955 1915
1955 1916
1955 1917
1955 1918
1955 1919
1955 1920
1955 1921
1955 1922
1955 1923
1955 1924
1955 1925
1955 1926
1955 1927
1955 1928
1955 1929
1955 1930
1955 1931
1955 1932
1955 1933
1955 1934
1955 1935
1955 1936
1955 1937
1955 1938
1955 1939
1955 1940
1955 1941
1955 1942
1955 1943
1955 1944
1955 1945
1955 1946
1955 1947
1955 1948
1955 1949
1955 1950
1955 1951
1954 1952
1954 1953
1954 1954
1954 1955
1954 1956
1954 1957
1954 1958
1954 1959
1954 1960
1954 1961
1954 1962
1954 1963
1954 1964
1954 1965
1954 1966
1954 1967
1954 1968
1954 1969
1954 1970
1954 1971
1954 1972
1954 1973
1954 1974
1954 1975
1954 1976
1954 1977
1954 1978
1954 1979
1954 1980
1954 1981
1954 1982
1954 1983
1954 1984
1953 1985
1953 1986
1953 1987
1953 1988
1953 1989
1953 1990
1952 1991
1952 1992
1952 1993
1952 1994
1952 1995
1952 1996
1952 1997
1952 1998
1952 1999
1952 2000
1952 2001
1952 2002
1952 2003
1953 2004
1953 2005
1953 2006
1953 2007
1953 2008
1954 2009
1954 2010
1955 2011
1955 2012
1955 2013
1956 2014
1956 2015
1957 2016
1957 2017
1957 2018
1958 2019
1958 2020
1958 2021
1959 2022
1959 2023
1959 2024
1960 2025
1960 2026
1960 2027
1961 2028
1961 2029
1961 2030
1962 2031
1962 2032
1963 2033
1963 2034
1963 2035
1964 2036
1965 2037
1965 2038
1966 2039
1966 2040
1966 2041
1967 2042
1967 2043
1968 2044
1968 2045
1969 2046
1969 2047
1970 2048
1970 2049
1970 2050
1971 2051
1971 2052
1972 2053
1972 2054
1973 2055
1973 2056
1974 2057
1974 2058
1975 2059
1975 2060
1976 2061
1976 2062
1977 2063
1977 2064
1978 2065
1978 2066
1979 2067
1979 2068
1980 2069
1981 2070
1981 2071
1982 2072
1982 2073
1983 2074
1984 2075
1984 2076
1985 2077
1985 2078
1986 2079
1987 2080
1987 2081
1988 2082
1988 2083
1989 2084
1990 2085
1990 2086
1991 2087
1992 2088
1993 2089
1994 2090
1995 2091
1996 2092
1997 2093
1998 2094
1999 2095
2000 2096
2001 2097
2002 2098
2003 2099
2004 2100
2005 2100
2006 2101
2007 2102
2008 2102
2009 2103
2010 2104
2011 2104
2012 2105
2013 2106
2014 2106
2015 2107
2016 2107
2017 2107
2018 2108
2019 2108
2020 2108
2021 2109
2022 2109
2023 2109
2024 2108
2025 2108
2026 2108
2027 2108
2028 2108
2029 2108
2030 2107
2031 2107
2032 2106
2033 2105
2034 2104
2035 2103
2036 2102
2037 2101
2037 2100
2038 2099
2038 2098
2038 2097
2039 2096
2039 2095
2040 2094
2040 2093
2040 2092
2041 2091
2041 2090
2041 2089
2041 2088
2042 2087
2042 2086
2042 2085
2042 2084
2043 2083
2043 2082
2043 2081
2043 2080
2043 2079
2043 2078
2043 2077
2044 2076
2044 2075
2044 2074
2044 2073
2044 2072
2044 2071
2044 2070
2045 2069
2045 2068
2045 2067
2045 2066
2045 2065
2045 2064
2046 2063
2046 2062
2046 2061
2046 2060
2046 2059
2046 2058
2046 2057
2047 2056
2047 2055
2047 2054
2047 2053
2047 2052
2047 2051
2047 2050
2048 2049
2048 2048
2048 2047
2048 2046
2048 2045
2048 2044
2049 2043
2049 2042
2049 2041
2049 2040
2049 2039
2049 2038
2049 2037
2049 2036
2049 2035
2049 2034
2049 2033
2049 2032
2049 2031
2049 2030
2049 2029
2049 2028
2049 2027
2049 2026
2049 2025
2050 2024
2050 2023
2050 2022
2050 2021
2050 2020
2050 2019
2050 2018
2050 2017
2050 2016
2050 2015
2050 2014
2050 2013
2051 2012
2051 2011
2051 2010
2051 2009
2051 2008
2050 2007
2050 2006
2050 2005
2050 2004
2050 2003
2050 2002
2050 2001
2050 2000
2050 1999
2050 1998
2050 1997
2050 1996
2050 1995
2050 1994
2050 1993
2050 1992
2050 1991
2050 1990
2050 1989
2050 1988
2050 1987
2050 1986
2050 1985
2050 1984
2050 1983
2050 1982
2050 1981
2050 1980
2050 1979
2050 1978
2051 1977
2051 1976
2051 1975
2051 1974
2051 1973
2051 1972
2050 1971
2050 1970
2051 1969
2050 1968
2050 1967
2050 1966
2050 1965
2050 1964
2050 1963
2050 1962
2050 1961
2050 1960
2050 1959
2050 1958
2050 1957
2050 1956
2050 1955
2050 1954
2050 1953
2050 1952
2049 1951
2049 1950
2049 1949
2049 1948
2049 1947
2049 1946
2049 1945
2049 1944
2049 1943
2049 1942
2049 1941
2049 1940
2049 1939
2049 1938
2049 1937
2049 1936
2049 1935
2049 1934
2049 1933
2049 1932
2049 1931
2049 1930
2049 1929
2049 1928
2049 1927
2049 1926
2049 1925
2049 1924
2049 1923
2049 1922
2049 1921
2049 1920
2049 1919
2048 1918
2048 1917
2048 1916
2048 1915
2048 1914
2048 1913
2048 1912
2048 1911
2047 1910
2047 1909
2047 1908
2047 1907
2047 1906
2047 1905
2047 1904
2047 1903
2047 1902
2047 1901
2047 1900
2046 1899
2046 1898
2046 1897
2046 1896
2046 1895
2046 1894
2046 1893
2046 1892
2045 1891
2045 1890
2045 1889
2045 1888
2045 1887
2045 1886
2045 1885
2045 1884
2045 1883
2045 1882
2044 1881
2044 1880
2044 1879
2044 1878
2044 1877
2044 1876
2044 1875
2044 1874
2044 1873
2044 1872
2044 1871
2044 1870
2044 1869
2044 1868
2044 1867
2044 1866
2044 1865
2044 1864
2044 1863
2044 1862
2044 1861
2044 1860
2044 1859
2044 1858
2044 1857
2044 1856
2043 1855
2043 1854
2043 1853
2043 1852
2043 1851
2043 1850
2043 1849
2043 1848
2043 1847
2043 1846
2042 1845
2042 1844
2042 1843
2042 1842
2042 1841
2042 1840
2042 1839
2042 1838
2042 1837
2042 1836
2042 1835
2042 1834
2041 1833
2041 1832
2041 1831
2041 1830
2041 1829
2041 1828
2041 1827
2041 1826
2041 1825
2041 1824
2041 1823
2040 1822
2040 1821
2040 1820
2040 1819
2040 1818
2040 1817
2040 1816
2040 1815
2039 1814
2039 1813
2039 1812
2039 1811
2039 1810
2039 1809
2039 1808
2039 1807
2038 1806
2038 1805
2038 1804
2038 1803
2038 1802
2038 1801
2038 1800
2038 1799
2038 1798
2038 1797
2038 1796
2037 1795
2037 1794
2037 1793
2037 1792
2037 1791
2037 1790
2037 1789
2037 1788
2037 1787
2037 1786
2037 1785
2037 1784
2036 1783
2036 1782
2036 1781
2036 1780
2036 1779
2036 1778
2036 1777
2036 1776
2036 1775
2036 1774
2036 1773
2036 1772
2036 1771
2036 1770
2036 1769
2036 1768
2036 1767
2035 1766
2035 1765
2035 1764
2035 1763
2035 1762
2035 1761
2035 1760
2034 1759
2034 1758
2034 1757
2034 1756
2034 1755
2034 1754
2034 1753
2034 1752
2034 1751
2033 1750
2033 1749
2033 1748
2033 1747
2033 1746
2033 1745
2033 1744
2033 1743
2032 1742
2032 1741
2032 1740
2032 1739
2032 1738
2032 1737
2031 1736
2031 1735
2031 1734
2031 1733
2030 1732
2030 1731
2029 1730
2029 1729
2028 1728
2028 1727
2027 1726
2026 1725
2025 1725
2024 1724
2023 1723
2022 1723
2021 1722
2020 1721
2019 1721
