2043 1380
2042 1381
2041 1381
2040 1381
2039 1381
2038 1381
2037 1381
2036 1381
2035 1381
2034 1381
2033 1381
2032 1381
2031 1382
2030 1383
2029 1383
2028 1384
2027 1384
2026 1385
2025 1386
2024 1386
2023 1387
2022 1388
2021 1389
2020 1390
2019 1391
2018 1392
2017 1393
2016 1394
2015 1395
2014 1396
2013 1397
2013 1398
2012 1399
2011 1400
2011 1401
2010 1402
2010 1403
2009 1404
2009 1405
2008 1406
2007 1407
2007 1408
2006 1409
2006 1410
2005 1411
2005 1412
2005 1413
2004 1414
2004 1415
2003 1416
2003 1417
2002 1418
2002 1419
2002 1420
2001 1421
2001 1422
2000 1423
2000 1424
1999 1425
1999 1426
1999 1427
1998 1428
1998 1429
1997 1430
1997 1431
1996 1432
1996 1433
1995 1434
1995 1435
1994 1436
1994 1437
1993 1438
1993 1439
1992 1440
1992 1441
1992 1442
1991 1443
1991 1444
1990 1445
1990 1446
1989 1447
1989 1448
1988 1449
1988 1450
1987 1451
1987 1452
1986 1453
1986 1454
1985 1455
1985 1456
1984 1457
1984 1458
1983 1459
1983 1460
1982 1461
1982 1462
1982 1463
1981 1464
1981 1465
1980 1466
1980 1467
1979 1468
1979 1469
1978 1470
1977 1471
1977 1472
1976 1473
1976 1474
1975 1475
1975 1476
1974 1477
1973 1478
1973 1479
1972 1480
1972 1481
1971 1482
1971 1483
1970 1484
1969 1485
1969 1486
1968 1487
1968 1488
1967 1489
1966 1490
1966 1491
1965 1492
1965 1493
1964 1494
1964 1495
1963 1496
1962 1497
1962 1498
1961 1499
1961 1500
1960 1501
1959 1502
1959 1503
1958 1504
1958 1505
1957 1506
1957 1507
1956 1508
1956 1509
1955 1510
1954 1511
1954 1512
1953 1513
1953 1514
1952 1515
1952 1516
1951 1517
1950 1518
1950 1519
1949 1520
1949 1521
1949 1522
1948 1523
1948 1524
1948 1525
1947 1526
1947 1527
1947 1528
1946 1529
1946 1530
1946 1531
1946 1532
1945 1533
1945 1534
1945 1535
1945 1536
1945 1537
1945 1538
1945 1539
1945 1540
1945 1541
1945 1542
1945 1543
1945 1544
1945 1545
1945 1546
1945 1547
1945 1548
1945 1549
1945 1550
1945 1551
1945 1552
1945 1553
1945 1554
1945 1555
1945 1556
1946 1557
1946 1558
1946 1559
1946 1560
1946 1561
1947 1562
1947 1563
1947 1564
1947 1565
1947 1566
1948 1567
1948 1568
1948 1569
1948 1570
1948 1571
1949 1572
1949 1573
1949 1574
1949 1575
1950 1576
1950 1577
1950 1578
1950 1579
1950 1580
1951 1581
1951 1582
1951 1583
1951 1584
1951 1585
1951 1586
1952 1587
1952 1588
1952 1589
1952 1590
1952 1591
1952 1592
1953 1593
1953 1594
1953 1595
1953 1596
1954 1597
1954 1598
1954 1599
1954 1600
1954 1601
1955 1602
1955 1603
1955 1604
1955 1605
1956 1606
1956 1607
1956 1608
1957 1609
1957 1610
1958 1611
1958 1612
1958 1613
1959 1614
1959 1615
1960 1616
1960 1617
1961 1618
1962 1619
1963 1620
1963 1621
1964 1622
1965 1623
1965 1624
1966 1625
1967 1625
1968 1626
1969 1627
1970 1628
1971 1629
1972 1630
1973 1630
1974 1631
1975 1632
1976 1632
1977 1633
1978 1634
1979 1634
1980 1635
1981 1635
1982 1636
1983 1636
1984 1636
1985 1637
1986 1637
1987 1637
1988 1638
1989 1638
1990 1638
1991 1639
1992 1639
1993 1639
1994 1640
1995 1640
1996 1640
1997 1641
1998 1641
1999 1641
2000 1642
2001 1642
2002 1642
2003 1642
2004 1642
2005 1642
2006 1642
2007 1642
2008 1641
2009 1641
2010 1641
2011 1641
2012 1641
2013 1640
2014 1640
2015 1640
2016 1640
2017 1640
2018 1639
2019 1639
2020 1639
2021 1638
2022 1638
2023 1638
2024 1637
2025 1637
2026 1637
2027 1636
2028 1636
2029 1635
2030 1635
2031 1634
2032 1634
2033 1633
2034 1633
2035 1632
2036 1632
2037 1631
2038 1630
2039 1630
2040 1629
2041 1629
2042 1628
2043 1628
2044 1627
2045 1626
2046 1625
2047 1624
2048 1623
2049 1622
2050 1621
2051 1620
2051 1619
2052 1618
2053 1617
2053 1616
2054 1615
2055 1614
2055 1613
2056 1612
2056 1611
2056 1610
2056 1609
2056 1608
2057 1607
2057 1606
2057 1605
2057 1604
2057 1603
2057 1602
2058 1601
2058 1600
2058 1599
2058 1598
2058 1597
2058 1596
2058 1595
2058 1594
2058 1593
2058 1592
2058 1591
2059 1590
2059 1589
2059 1588
2059 1587
2059 1586
2059 1585
2059 1584
2059 1583
2059 1582
2059 1581
2059 1580
2059 1579
2060 1578
2060 1577
2060 1576
2060 1575
2060 1574
2060 1573
2060 1572
2060 1571
2060 1570
2060 1569
2060 1568
2060 1567
2060 1566
2060 1565
2060 1564
2060 1563
2060 1562
2060 1561
2060 1560
2060 1559
2060 1558
2060 1557
2061 1556
2061 1555
2061 1554
2061 1553
2061 1552
2061 1551
2061 1550
2061 1549
2061 1548
2061 1547
2061 1546
2061 1545
2061 1544
2061 1543
2061 1542
2061 1541
2061 1540
2061 1539
2061 1538
2061 1537
2062 1536
2062 1535
2062 1534
2062 1533
2062 1532
2062 1531
2062 1530
2062 1529
2062 1528
2062 1527
2062 1526
2062 1525
2063 1524
2063 1523
2063 1522
2063 1521
2063 1520
2063 1519
2063 1518
2063 1517
2063 1516
2063 1515
2063 1514
2063 1513
2063 1512
2063 1511
2063 1510
2063 1509
2063 1508
2063 1507
2063 1506
2063 1505
2063 1504
2063 1503
2063 1502
2063 1501
2063 1500
2063 1499
2063 1498
2063 1497
2063 1496
2063 1495
2063 1494
2063 1493
2063 1492
2063 1491
2063 1490
2063 1489
2063 1488
2063 1487
2063 1486
2063 1485
2063 1484
2063 1483
2063 1482
2063 1481
2063 1480
2063 1479
2063 1478
2063 1477
2063 1476
2063 1475
2063 1474
2063 1473
2063 1472
2063 1471
2063 1470
2063 1469
2063 1468
2063 1467
2063 1466
2063 1465
2063 1464
2063 1463
2063 1462
2063 1461
2063 1460
2063 1459
2063 1458
2063 1457
2063 1456
2063 1455
2063 1454
2063 1453
2063 1452
2063 1451
2063 1450
2063 1449
2063 1448
2063 1447
2063 1446
2063 1445
2062 1444
2062 1443
2062 1442
2062 1441
2062 1440
2062 1439
2062 1438
2062 1437
2062 1436
2062 1435
2061 1434
2061 1433
2061 1432
2061 1431
2061 1430
2061 1429
2061 1428
2061 1427
2061 1426
2061 1425
2060 1424
2060 1423
2060 1422
2060 1421
2060 1420
2060 1419
2060 1418
2060 1417
2060 1416
2059 1415
2059 1414
2059 1413
2059 1412
2059 1411
2059 1410
2059 1409
2059 1408
2058 1407
2058 1406
2058 1405
2058 1404
2058 1403
2058 1402
2058 1401
2057 1400
2057 1399
2057 1398
2057 1397
2057 1396
2057 1395
2056 1394
2056 1393
2056 1392
2055 1391
2055 1390
2055 1389
2054 1388
2054 1387
2054 1386
2053 1385
2052 1384
2051 1384
2050 1383
2049 1383
2048 1382
2047 1382
2046 1381
2045 1381
2044 1380
2043 1380
