2023 966
2022 967
2021 967
2020 968
2019 969
2018 969
2017 970
2016 970
2015 971
2014 971
2013 972
2012 973
2011 973
2010 974
2009 975
2009 976
2008 977
2008 978
2007 979
2007 980
2006 981
2006 982
2006 983
2005 984
2005 985
2004 986
2004 987
2003 988
2003 989
2003 990
2002 991
2002 992
2001 993
2001 994
2001 995
2000 996
2000 997
2000 998
1999 999
1999 1000
1998 1001
1998 1002
1998 1003
1997 1004
1997 1005
1997 1006
1996 1007
1996 1008
1996 1009
1995 1010
1995 1011
1995 1012
1994 1013
1994 1014
1993 1015
1993 1016
1993 1017
1993 1018
1992 1019
1992 1020
1991 1021
1991 1022
1991 1023
1990 1024
1990 1025
1990 1026
1989 1027
1989 1028
1988 1029
1988 1030
1988 1031
1988 1032
1987 1033
1987 1034
1986 1035
1986 1036
1986 1037
1985 1038
1985 1039
1984 1040
1984 1041
1983 1042
1983 1043
1983 1044
1982 1045
1982 1046
1982 1047
1981 1048
1981 1049
1980 1050
1980 1051
1979 1052
1979 1053
1979 1054
1978 1055
1978 1056
1977 1057
1977 1058
1977 1059
1976 1060
1976 1061
1975 1062
1975 1063
1974 1064
1974 1065
1973 1066
1973 1067
1973 1068
1972 1069
1972 1070
1971 1071
1971 1072
1970 1073
1970 1074
1970 1075
1969 1076
1969 1077
1968 1078
1968 1079
1968 1080
1967 1081
1967 1082
1966 1083
1966 1084
1966 1085
1966 1086
1966 1087
1966 1088
1965 1089
1965 1090
1965 1091
1964 1092
1964 1093
1964 1094
1964 1095
1965 1096
1965 1097
1965 1098
1965 1099
1965 1100
1965 1101
1965 1102
1965 1103
1966 1104
1966 1105
1966 1106
1966 1107
1967 1108
1967 1109
1967 1110
1967 1111
1967 1112
1967 1113
1968 1114
1968 1115
1968 1116
1968 1117
1969 1118
1969 1119
1969 1120
1969 1121
1969 1122
1969 1123
1970 1124
1970 1125
1970 1126
1970 1127
1970 1128
1970 1129
1971 1130
1971 1131
1971 1132
1971 1133
1971 1134
1971 1135
1972 1136
1972 1137
1972 1138
1972 1139
1972 1140
1973 1141
1973 1142
1973 1143
1973 1144
1974 1145
1974 1146
1974 1147
1974 1148
1975 1149
1975 1150
1975 1151
1975 1152
1976 1153
1976 1154
1976 1155
1976 1156
1977 1157
1977 1158
1977 1159
1978 1160
1978 1161
1978 1162
1978 1163
1979 1164
1979 1165
1979 1166
1980 1167
1980 1168
1980 1169
1980 1170
1981 1171
1981 1172
1981 1173
1982 1174
1982 1175
1982 1176
1982 1177
1982 1178
1983 1179
1983 1180
1983 1181
1984 1182
1984 1183
1984 1184
1984 1185
1985 1186
1985 1187
1985 1188
1985 1189
1986 1190
1986 1191
1986 1192
1986 1193
1987 1194
1987 1195
1987 1196
1987 1197
1987 1198
1987 1199
1987 1200
1988 1201
1988 1202
1988 1203
1988 1204
1988 1205
1988 1206
1989 1207
1989 1208
1989 1209
1989 1210
1989 1211
1989 1212
1989 1213
1990 1214
1990 1215
1990 1216
1990 1217
1990 1218
1990 1219
1990 1220
1991 1221
1991 1222
1991 1223
1991 1224
1991 1225
1991 1226
1991 1227
1991 1228
1992 1229
1992 1230
1992 1231
1992 1232
1992 1233
1992 1234
1992 1235
1993 1236
1993 1237
1993 1238
1993 1239
1993 1240
1993 1241
1993 1242
1994 1243
1994 1244
1994 1245
1994 1246
1994 1247
1994 1248
1994 1249
1995 1250
1995 1251
1995 1252
1995 1253
1995 1254
1995 1255
1996 1256
1996 1257
1996 1258
1997 1259
1997 1260
1997 1261
1997 1262
1997 1263
1997 1264
1998 1265
1998 1266
1998 1267
1998 1268
1998 1269
1999 1270
1999 1271
1999 1272
2000 1273
2000 1274
2000 1275
2000 1276
2000 1277
2001 1278
2001 1279
2001 1280
2002 1281
2003 1282
2003 1283
2004 1284
2005 1285
2006 1286
2007 1286
2008 1286
2009 1286
2010 1286
2011 1286
2012 1286
2013 1286
2014 1286
2015 1286
2016 1285
2017 1284
2018 1284
2019 1283
2020 1282
2021 1281
2022 1280
2023 1279
2024 1278
2025 1277
2025 1276
2026 1275
2027 1274
2028 1273
2029 1272
2029 1271
2030 1270
2031 1269
2031 1268
2032 1267
2033 1266
2033 1265
2034 1264
2034 1263
2035 1262
2035 1261
2036 1260
2037 1259
2037 1258
2038 1257
2038 1256
2038 1255
2039 1254
2039 1253
2040 1252
2040 1251
2040 1250
2040 1249
2040 1248
2040 1247
2041 1246
2041 1245
2042 1244
2042 1243
2042 1242
2042 1241
2042 1240
2042 1239
2043 1238
2043 1237
2043 1236
2043 1235
2043 1234
2043 1233
2043 1232
2044 1231
2044 1230
2043 1229
2043 1228
2043 1227
2043 1226
2043 1225
2044 1224
2044 1223
2044 1222
2044 1221
2044 1220
2044 1219
2044 1218
2044 1217
2044 1216
2044 1215
2044 1214
2044 1213
2044 1212
2044 1211
2044 1210
2045 1209
2044 1208
2044 1207
2044 1206
2044 1205
2044 1204
2045 1203
2045 1202
2045 1201
2045 1200
2044 1199
2044 1198
2045 1197
2045 1196
2045 1195
2045 1194
2045 1193
2045 1192
2045 1191
2045 1190
2045 1189
2045 1188
2045 1187
2045 1186
2045 1185
2045 1184
2045 1183
2045 1182
2046 1181
2045 1180
2045 1179
2045 1178
2045 1177
2046 1176
2046 1175
2046 1174
2046 1173
2046 1172
2046 1171
2046 1170
2046 1169
2046 1168
2046 1167
2046 1166
2046 1165
2046 1164
2046 1163
2046 1162
2046 1161
2046 1160
2046 1159
2046 1158
2046 1157
2046 1156
2046 1155
2046 1154
2047 1153
2047 1152
2046 1151
2046 1150
2046 1149
2047 1148
2047 1147
2047 1146
2047 1145
2047 1144
2047 1143
2047 1142
2047 1141
2047 1140
2047 1139
2047 1138
2047 1137
2047 1136
2047 1135
2047 1134
2047 1133
2048 1132
2048 1131
2048 1130
2047 1129
2047 1128
2047 1127
2047 1126
2047 1125
2047 1124
2047 1123
2047 1122
2047 1121
2047 1120
2047 1119
2047 1118
2047 1117
2047 1116
2047 1115
2047 1114
2047 1113
2047 1112
2047 1111
2047 1110
2047 1109
2047 1108
2047 1107
2047 1106
2047 1105
2047 1104
2047 1103
2047 1102
2047 1101
2047 1100
2047 1099
2047 1098
2047 1097
2047 1096
2047 1095
2047 1094
2046 1093
2046 1092
2046 1091
2047 1090
2047 1089
2046 1088
2046 1087
2046 1086
2046 1085
2046 1084
2046 1083
2046 1082
2046 1081
2046 1080
2046 1079
2046 1078
2046 1077
2046 1076
2046 1075
2046 1074
2046 1073
2046 1072
2046 1071
2046 1070
2046 1069
2046 1068
2046 1067
2046 1066
2046 1065
2046 1064
2046 1063
2046 1062
2046 1061
2046 1060
2046 1059
2046 1058
2046 1057
2046 1056
2046 1055
2046 1054
2046 1053
2045 1052
2045 1051
2045 1050
2045 1049
2045 1048
2045 1047
2045 1046
2045 1045
2045 1044
2045 1043
2045 1042
2045 1041
2045 1040
2044 1039
2044 1038
2044 1037
2044 1036
2044 1035
2044 1034
2044 1033
2044 1032
2044 1031
2044 1030
2043 1029
2043 1028
2043 1027
2043 1026
2043 1025
2043 1024
2043 1023
2042 1022
2042 1021
2042 1020
2042 1019
2042 1018
2042 1017
2042 1016
2042 1015
2041 1014
2041 1013
2041 1012
2041 1011
2041 1010
2041 1009
2041 1008
2041 1007
2041 1006
2041 1005
2041 1004
2040 1003
2040 1002
2040 1001
2040 1000
2040 999
2040 998
2040 997
2040 996
2039 995
2039 994
2039 993
2039 992
2039 991
2039 990
2039 989
2039 988
2038 987
2038 986
2038 985
2038 984
2038 983
2038 982
2038 981
2037 980
2037 979
2037 978
2037 977
2037 976
2037 975
2036 974
2036 973
2035 972
2035 971
2035 970
2034 969
2034 968
2033 968
2032 968
2031 967
2030 967
2029 967
2028 966
2027 966
2026 966
2025 966
2024 966
2023 966
