2021 645
2020 646
2019 646
2018 646
2017 646
2016 646
2015 646
2014 646
2013 646
2012 647
2011 648
2010 649
2009 650
2008 650
2007 651
2007 652
2006 653
2005 654
2004 655
2003 656
2002 657
2002 658
2001 659
2000 660
1999 661
1998 662
1998 663
1997 664
1997 665
1996 666
1996 667
1995 668
1995 669
1995 670
1994 671
1994 672
1994 673
1994 674
1993 675
1993 676
1993 677
1993 678
1992 679
1992 680
1992 681
1992 682
1991 683
1991 684
1991 685
1991 686
1990 687
1990 688
1990 689
1990 690
1989 691
1989 692
1989 693
1989 694
1988 695
1988 696
1988 697
1988 698
1987 699
1987 700
1987 701
1987 702
1987 703
1986 704
1986 705
1986 706
1986 707
1985 708
1985 709
1985 710
1984 711
1984 712
1984 713
1984 714
1983 715
1983 716
1983 717
1983 718
1982 719
1982 720
1982 721
1981 722
1981 723
1981 724
1981 725
1980 726
1980 727
1980 728
1980 729
1980 730
1980 731
1980 732
1980 733
1979 734
1979 735
1979 736
1979 737
1979 738
1979 739
1979 740
1979 741
1979 742
1978 743
1978 744
1978 745
1977 746
1977 747
1976 748
1976 749
1975 750
1975 751
1974 752
1974 753
1973 754
1973 755
1972 756
1972 757
1971 758
1971 759
1970 760
1970 761
1969 762
1969 763
1968 764
1968 765
1968 766
1968 767
1969 768
1969 769
1969 770
1969 771
1969 772
1969 773
1969 774
1969 775
1969 776
1969 777
1969 778
1969 779
1969 780
1969 781
1968 782
1969 783
1969 784
1969 785
1970 786
1970 787
1971 788
1971 789
1971 790
1972 791
1972 792
1972 793
1973 794
1973 795
1973 796
1973 797
1974 798
1974 799
1974 800
1975 801
1975 802
1976 803
1976 804
1977 805
1977 806
1978 807
1979 808
1979 809
1980 810
1981 811
1981 812
1982 813
1983 814
1984 815
1985 816
1985 817
1985 818
1986 819
1986 820
1986 821
1987 822
1987 823
1987 824
1988 825
1988 826
1989 827
1989 828
1989 829
1990 830
1990 831
1990 832
1991 833
1991 834
1991 835
1992 836
1993 837
1994 838
1994 839
1995 840
1996 841
1997 842
1997 843
1998 844
1998 845
1998 846
1999 847
1999 848
1999 849
2000 850
2000 851
2001 852
2001 853
2001 854
2002 855
2002 856
2002 857
2003 858
2003 859
2003 860
2004 861
2005 862
2005 863
2006 864
2007 865
2008 866
2008 867
2009 868
2010 869
2010 870
2011 871
2012 872
2012 873
2013 874
2013 875
2014 876
2015 877
2016 878
2017 878
2018 878
2019 879
2020 879
2021 880
2022 880
2023 880
2024 881
2025 880
2026 879
2027 878
2028 877
2029 876
2030 875
2031 874
2032 873
2032 872
2033 871
2033 870
2034 869
2034 868
2034 867
2035 866
2035 865
2036 864
2036 863
2036 862
2036 861
2037 860
2037 859
2037 858
2037 857
2038 856
2038 855
2038 854
2039 853
2039 852
2039 851
2039 850
2040 849
2040 848
2040 847
2041 846
2041 845
2041 844
2041 843
2041 842
2041 841
2041 840
2041 839
2041 838
2042 837
2042 836
2042 835
2042 834
2043 833
2043 832
2043 831
2043 830
2043 829
2044 828
2044 827
2044 826
2044 825
2045 824
2045 823
2045 822
2045 821
2045 820
2046 819
2046 818
2046 817
2046 816
2046 815
2046 814
2046 813
2046 812
2046 811
2047 810
2047 809
2047 808
2047 807
2047 806
2047 805
2047 804
2047 803
2047 802
2047 801
2047 800
2047 799
2047 798
2047 797
2047 796
2047 795
2047 794
2048 793
2048 792
2048 791
2048 790
2048 789
2048 788
2048 787
2048 786
2049 785
2049 784
2049 783
2049 782
2049 781
2049 780
2049 779
2050 778
2050 777
2050 776
2050 775
2050 774
2050 773
2050 772
2050 771
2050 770
2050 769
2050 768
2050 767
2050 766
2050 765
2050 764
2050 763
2050 762
2050 761
2050 760
2050 759
2050 758
2050 757
2050 756
2050 755
2050 754
2050 753
2050 752
2050 751
2050 750
2050 749
2050 748
2050 747
2050 746
2050 745
2050 744
2050 743
2050 742
2050 741
2050 740
2050 739
2050 738
2050 737
2050 736
2050 735
2050 734
2050 733
2050 732
2050 731
2050 730
2050 729
2050 728
2050 727
2050 726
2050 725
2050 724
2050 723
2050 722
2050 721
2050 720
2050 719
2050 718
2051 717
2051 716
2051 715
2051 714
2051 713
2051 712
2051 711
2051 710
2051 709
2051 708
2051 707
2051 706
2051 705
2050 704
2050 703
2050 702
2050 701
2050 700
2050 699
2050 698
2050 697
2050 696
2050 695
2050 694
2050 693
2050 692
2050 691
2050 690
2050 689
2050 688
2050 687
2050 686
2050 685
2050 684
2050 683
2050 682
2050 681
2050 680
2050 679
2050 678
2050 677
2050 676
2049 675
2049 674
2049 673
2049 672
2049 671
2049 670
2049 669
2048 668
2048 667
2048 666
2048 665
2047 664
2047 663
2047 662
2046 661
2045 660
2045 659
2044 658
2043 657
2042 656
2042 655
2041 654
2040 654
2039 653
2038 652
2037 652
2036 651
2035 651
2034 650
2033 650
2032 649
2031 649
2030 648
2029 647
2028 647
2027 647
2026 647
2025 646
2024 646
2023 646
2022 645
2021 645
