2022 332
2021 333
2020 334
2019 334
2018 335
2017 336
2016 336
2015 337
2014 337
2013 338
2012 339
2011 339
2010 340
2009 341
2008 341
2007 342
2006 343
2005 343
2004 344
2003 345
2002 345
2001 346
2000 347
1999 348
1998 349
1997 349
1996 350
1995 351
1994 352
1993 353
1992 354
1992 355
1991 356
1990 357
1989 358
1988 359
1987 360
1986 361
1985 362
1984 363
1983 364
1982 365
1981 366
1980 367
1979 368
1978 369
1977 370
1976 371
1975 372
1974 373
1973 374
1972 375
1971 376
1970 377
1969 378
1968 379
1967 380
1966 381
1965 382
1965 383
1964 384
1963 385
1963 386
1962 387
1962 388
1961 389
1961 390
1961 391
1961 392
1961 393
1961 394
1960 395
1960 396
1960 397
1961 398
1961 399
1961 400
1962 401
1962 402
1962 403
1963 404
1963 405
1963 406
1964 407
1964 408
1964 409
1965 410
1965 411
1966 412
1966 413
1966 414
1967 415
1967 416
1967 417
1968 418
1968 419
1968 420
1969 421
1969 422
1969 423
1969 424
1970 425
1970 426
1970 427
1971 428
1971 429
1971 430
1972 431
1972 432
1972 433
1973 434
1973 435
1973 436
1973 437
1974 438
1974 439
1974 440
1975 441
1975 442
1975 443
1976 444
1976 445
1976 446
1977 447
1977 448
1977 449
1978 450
1978 451
1978 452
1979 453
1979 454
1979 455
1980 456
1980 457
1980 458
1981 459
1981 460
1981 461
1982 462
1982 463
1982 464
1982 465
1983 466
1983 467
1983 468
1984 469
1984 470
1984 471
1984 472
1985 473
1985 474
1985 475
1986 476
1986 477
1986 478
1987 479
1987 480
1987 481
1987 482
1988 483
1988 484
1988 485
1989 486
1989 487
1989 488
1989 489
1990 490
1990 491
1990 492
1991 493
1991 494
1991 495
1992 496
1992 497
1992 498
1992 499
1993 500
1993 501
1993 502
1994 503
1994 504
1994 505
1995 506
1995 507
1995 508
1996 509
1996 510
1996 511
1997 512
1997 513
1998 514
1998 515
1998 516
1999 517
1999 518
1999 519
2000 520
2000 521
2001 522
2001 523
2001 524
2002 525
2002 526
2003 527
2003 528
2003 529
2004 530
2004 531
2004 532
2005 533
2005 534
2005 535
2006 536
2006 537
2006 538
2007 539
2007 540
2007 541
2008 542
2008 543
2008 544
2009 545
2009 546
2009 547
2010 548
2010 549
2010 550
2011 551
2011 552
2011 553
2012 554
2012 555
2013 556
2013 557
2013 558
2014 559
2014 560
2015 561
2015 562
2016 563
2016 564
2016 565
2017 566
2017 567
2018 568
2018 569
2019 570
2019 571
2020 572
2020 573
2021 574
2021 575
2022 576
2022 577
2023 578
2023 579
2024 580
2024 581
2025 582
2025 583
2026 584
2027 585
2027 586
2028 587
2029 587
2030 588
2031 588
2032 588
2033 588
2034 588
2035 589
2036 589
2037 589
2037 588
2038 587
2039 586
2039 585
2040 584
2041 583
2041 582
2042 581
2042 580
2043 579
2043 578
2043 577
2043 576
2044 575
2044 574
2044 573
2045 572
2045 571
2045 570
2045 569
2045 568
2046 567
2046 566
2046 565
2046 564
2046 563
2047 562
2047 561
2047 560
2047 559
2047 558
2047 557
2048 556
2048 555
2048 554
2048 553
2048 552
2049 551
2049 550
2049 549
2049 548
2049 547
2049 546
2050 545
2050 544
2050 543
2050 542
2050 541
2051 540
2051 539
2051 538
2051 537
2051 536
2051 535
2052 534
2052 533
2052 532
2052 531
2052 530
2052 529
2053 528
2053 527
2053 526
2053 525
2053 524
2053 523
2053 522
2053 521
2053 520
2053 519
2053 518
2054 517
2054 516
2054 515
2054 514
2054 513
2054 512
2054 511
2054 510
2054 509
2054 508
2054 507
2055 506
2055 505
2055 504
2055 503
2055 502
2055 501
2055 500
2055 499
2055 498
2055 497
2056 496
2056 495
2056 494
2056 493
2056 492
2056 491
2056 490
2056 489
2056 488
2057 487
2057 486
2057 485
2057 484
2057 483
2057 482
2057 481
2057 480
2057 479
2057 478
2057 477
2057 476
2057 475
2057 474
2057 473
2057 472
2057 471
2057 470
2057 469
2057 468
2057 467
2057 466
2057 465
2057 464
2057 463
2057 462
2057 461
2057 460
2057 459
2057 458
2057 457
2057 456
2057 455
2057 454
2057 453
2057 452
2057 451
2057 450
2057 449
2057 448
2057 447
2057 446
2057 445
2057 444
2057 443
2057 442
2057 441
2057 440
2057 439
2057 438
2057 437
2057 436
2057 435
2057 434
2057 433
2057 432
2057 431
2057 430
2057 429
2057 428
2057 427
2056 426
2056 425
2056 424
2056 423
2056 422
2056 421
2056 420
2056 419
2056 418
2056 417
2056 416
2056 415
2056 414
2056 413
2056 412
2056 411
2056 410
2055 409
2055 408
2055 407
2055 406
2055 405
2055 404
2055 403
2055 402
2055 401
2055 400
2055 399
2055 398
2054 397
2054 396
2054 395
2054 394
2054 393
2054 392
2054 391
2054 390
2054 389
2053 388
2053 387
2053 386
2053 385
2053 384
2053 383
2053 382
2053 381
2053 380
2052 379
2052 378
2052 377
2052 376
2052 375
2052 374
2052 373
2051 372
2051 371
2051 370
2051 369
2051 368
2050 367
2050 366
2050 365
2050 364
2050 363
2049 362
2049 361
2049 360
2049 359
2048 358
2048 357
2048 356
2048 355
2047 354
2047 353
2047 352
2046 351
2046 350
2046 349
2045 348
2045 347
2045 346
2044 345
2044 344
2044 343
2043 342
2042 341
2042 340
2041 339
2041 338
2040 337
2040 336
2039 335
2038 334
2037 334
2036 334
2035 334
2034 334
2033 334
2032 334
2031 333
2030 333
2029 333
2028 333
2027 333
2026 333
2025 333
2024 333
2023 332
2022 332
