2038 66
2037 67
2036 67
2035 67
2034 68
2033 68
2032 68
2031 68
2030 69
2029 69
2028 69
2027 70
2026 70
2025 71
2024 72
2023 72
2022 73
2021 73
2020 74
2019 75
2018 76
2017 76
2016 77
2015 78
2014 79
2013 80
2012 80
2011 81
2010 82
2009 83
2008 83
2007 84
2006 85
2005 86
2004 86
2003 87
2002 88
2001 89
2000 90
1999 90
1998 91
1997 92
1996 93
1995 94
1994 95
1993 96
1992 96
1991 97
1991 98
1990 99
1989 100
1989 101
1988 102
1987 103
1987 104
1986 105
1985 106
1985 107
1984 108
1984 109
1983 110
1982 111
1982 112
1981 113
1980 114
1980 115
1979 116
1979 117
1978 118
1977 119
1977 120
1976 121
1976 122
1975 123
1975 124
1975 125
1974 126
1973 127
1973 128
1973 129
1972 130
1972 131
1971 132
1971 133
1971 134
1970 135
1970 136
1969 137
1969 138
1969 139
1968 140
1968 141
1967 142
1967 143
1967 144
1967 145
1967 146
1967 147
1966 148
1966 149
1966 150
1966 151
1966 152
1966 153
1966 154
1966 155
1966 156
1966 157
1966 158
1967 159
1967 160
1967 161
1967 162
1967 163
1968 164
1968 165
1968 166
1969 167
1969 168
1970 169
1970 170
1971 171
1971 172
1971 173
1972 174
1972 175
1973 176
1973 177
1973 178
1974 179
1974 180
1975 181
1975 182
1975 183
1976 184
1976 185
1977 186
1977 187
1977 188
1978 189
1978 190
1979 191
1979 192
1979 193
1980 194
1980 195
1981 196
1981 197
1982 198
1982 199
1983 200
1983 201
1984 202
1984 203
1985 204
1985 205
1986 206
1986 207
1987 208
1988 209
1988 210
1989 211
1990 212
1990 213
1991 214
1992 215
1993 216
1993 217
1994 218
1995 219
1996 220
1997 221
1998 222
1999 223
2000 224
2001 225
2002 225
2003 226
2004 227
2005 228
2006 228
2007 229
2008 230
2009 231
2010 231
2011 232
2012 232
2013 233
2014 234
2015 235
2016 236
2017 237
2018 238
2019 238
2020 239
2021 240
2022 241
2023 241
2024 242
2025 243
2026 243
2027 244
2028 244
2029 245
2030 245
2031 246
2032 246
2033 246
2034 246
2035 246
2036 246
2037 245
2038 245
2039 245
2040 244
2041 244
2042 243
2043 243
2044 242
2045 241
2045 240
2046 239
2047 238
2048 237
2049 236
2049 235
2049 234
2050 233
2050 232
2050 231
2050 230
2051 229
2051 228
2051 227
2051 226
2051 225
2051 224
2051 223
2051 222
2052 221
2052 220
2052 219
2052 218
2052 217
2052 216
2053 215
2052 214
2052 213
2053 212
2053 211
2053 210
2053 209
2053 208
2053 207
2053 206
2053 205
2053 204
2053 203
2053 202
2054 201
2053 200
2053 199
2053 198
2054 197
2054 196
2053 195
2053 194
2054 193
2054 192
2054 191
2054 190
2054 189
2054 188
2054 187
2054 186
2054 185
2055 184
2055 183
2055 182
2055 181
2055 180
2055 179
2055 178
2055 177
2054 176
2054 175
2054 174
2054 173
2054 172
2054 171
2054 170
2054 169
2054 168
2053 167
2054 166
2054 165
2054 164
2054 163
2054 162
2054 161
2054 160
2054 159
2054 158
2055 157
2055 156
2055 155
2055 154
2055 153
2055 152
2055 151
2055 150
2055 149
2055 148
2055 147
2055 146
2055 145
2055 144
2055 143
2055 142
2055 141
2055 140
2055 139
2055 138
2055 137
2055 136
2055 135
2055 134
2055 133
2055 132
2055 131
2055 130
2054 129
2054 128
2054 127
2054 126
2054 125
2054 124
2054 123
2054 122
2053 121
2054 120
2054 119
2054 118
2054 117
2054 116
2054 115
2055 114
2055 113
2055 112
2055 111
2055 110
2055 109
2055 108
2055 107
2055 106
2055 105
2055 104
2054 103
2054 102
2054 101
2054 100
2054 99
2054 98
2054 97
2054 96
2054 95
2053 94
2053 93
2053 92
2053 91
2053 90
2053 89
2053 88
2053 87
2053 86
2052 85
2052 84
2052 83
2052 82
2052 81
2052 80
2052 79
2052 78
2052 77
2051 76
2051 75
2051 74
2050 73
2050 72
2049 71
2049 70
2048 70
2047 69
2046 68
2045 68
2044 67
2043 66
2042 66
2041 66
2040 66
2039 66
2038 66
