1821 2329
1820 2330
1819 2330
1818 2331
1817 2331
1816 2332
1815 2332
1814 2332
1813 2333
1812 2333
1811 2334
1810 2335
1809 2335
1808 2336
1807 2337
1806 2338
1805 2339
1804 2339
1803 2340
1803 2341
1802 2342
1801 2343
1801 2344
1800 2345
1800 2346
1799 2347
1798 2348
1798 2349
1798 2350
1797 2351
1797 2352
1796 2353
1796 2354
1796 2355
1795 2356
1795 2357
1795 2358
1794 2359
1794 2360
1794 2361
1794 2362
1793 2363
1793 2364
1793 2365
1793 2366
1792 2367
1792 2368
1792 2369
1792 2370
1791 2371
1791 2372
1791 2373
1791 2374
1790 2375
1790 2376
1790 2377
1790 2378
1790 2379
1789 2380
1789 2381
1789 2382
1789 2383
1788 2384
1788 2385
1788 2386
1787 2387
1787 2388
1787 2389
1787 2390
1786 2391
1786 2392
1786 2393
1785 2394
1785 2395
1785 2396
1785 2397
1784 2398
1784 2399
1784 2400
1784 2401
1783 2402
1783 2403
1783 2404
1782 2405
1782 2406
1782 2407
1782 2408
1781 2409
1781 2410
1781 2411
1781 2412
1780 2413
1780 2414
1780 2415
1780 2416
1780 2417
1780 2418
1779 2419
1779 2420
1779 2421
1779 2422
1779 2423
1779 2424
1778 2425
1778 2426
1778 2427
1778 2428
1778 2429
1778 2430
1777 2431
1777 2432
1777 2433
1777 2434
1777 2435
1777 2436
1777 2437
1776 2438
1776 2439
1776 2440
1776 2441
1776 2442
1776 2443
1776 2444
1776 2445
1776 2446
1776 2447
1776 2448
1775 2449
1775 2450
1775 2451
1775 2452
1775 2453
1775 2454
1775 2455
1775 2456
1775 2457
1775 2458
1775 2459
1775 2460
1775 2461
1775 2462
1775 2463
1775 2464
1775 2465
1775 2466
1775 2467
1774 2468
1774 2469
1774 2470
1774 2471
1774 2472
1774 2473
1774 2474
1774 2475
1774 2476
1774 2477
1774 2478
1774 2479
1774 2480
1774 2481
1774 2482
1773 2483
1773 2484
1773 2485
1773 2486
1773 2487
1773 2488
1773 2489
1773 2490
1773 2491
1773 2492
1773 2493
1773 2494
1773 2495
1773 2496
1773 2497
1774 2498
1774 2499
1775 2500
1775 2501
1775 2502
1776 2503
1776 2504
1777 2505
1777 2506
1777 2507
1778 2508
1778 2509
1779 2510
1780 2511
1781 2512
1782 2513
1782 2514
1783 2515
1784 2516
1785 2517
1786 2518
1787 2519
1788 2520
1789 2520
1790 2521
1791 2522
1792 2523
1793 2523
1794 2524
1795 2525
1796 2525
1797 2526
1798 2527
1799 2527
1800 2528
1801 2529
1802 2529
1803 2530
1804 2530
1805 2531
1806 2531
1807 2532
1808 2533
1809 2533
1810 2534
1811 2534
1812 2535
1813 2536
1814 2536
1815 2537
1816 2537
1817 2538
1818 2538
1819 2539
1820 2539
1821 2539
1822 2540
1823 2540
1824 2540
1825 2541
1826 2541
1827 2541
1828 2542
1829 2542
1830 2542
1831 2543
1832 2543
1833 2543
1834 2543
1835 2543
1836 2543
1837 2543
1838 2544
1839 2544
1840 2544
1841 2544
1842 2544
1843 2544
1844 2544
1845 2544
1846 2544
1847 2544
1848 2544
1849 2544
1850 2543
1851 2543
1852 2543
1853 2543
1854 2543
1855 2542
1856 2541
1857 2540
1858 2539
1859 2539
1859 2538
1860 2537
1860 2536
1860 2535
1860 2534
1861 2533
1861 2532
1861 2531
1861 2530
1862 2529
1862 2528
1862 2527
1862 2526
1862 2525
1862 2524
1862 2523
1862 2522
1863 2521
1863 2520
1863 2519
1863 2518
1863 2517
1863 2516
1863 2515
1863 2514
1863 2513
1863 2512
1863 2511
1863 2510
1863 2509
1863 2508
1863 2507
1863 2506
1863 2505
1863 2504
1863 2503
1863 2502
1863 2501
1863 2500
1863 2499
1863 2498
1863 2497
1863 2496
1863 2495
1863 2494
1863 2493
1863 2492
1863 2491
1863 2490
1863 2489
1863 2488
1863 2487
1863 2486
1863 2485
1863 2484
1863 2483
1863 2482
1863 2481
1863 2480
1863 2479
1863 2478
1863 2477
1863 2476
1863 2475
1863 2474
1863 2473
1863 2472
1863 2471
1863 2470
1863 2469
1863 2468
1863 2467
1863 2466
1862 2465
1862 2464
1862 2463
1862 2462
1862 2461
1862 2460
1862 2459
1862 2458
1862 2457
1862 2456
1862 2455
1862 2454
1862 2453
1862 2452
1862 2451
1861 2450
1861 2449
1861 2448
1861 2447
1861 2446
1861 2445
1861 2444
1861 2443
1861 2442
1861 2441
1861 2440
1861 2439
1860 2438
1860 2437
1860 2436
1860 2435
1860 2434
1860 2433
1860 2432
1860 2431
1860 2430
1860 2429
1860 2428
1860 2427
1860 2426
1859 2425
1859 2424
1859 2423
1859 2422
1859 2421
1859 2420
1859 2419
1859 2418
1859 2417
1859 2416
1859 2415
1859 2414
1859 2413
1858 2412
1858 2411
1858 2410
1858 2409
1858 2408
1858 2407
1858 2406
1858 2405
1858 2404
1858 2403
1858 2402
1858 2401
1857 2400
1857 2399
1857 2398
1857 2397
1857 2396
1857 2395
1857 2394
1856 2393
1856 2392
1856 2391
1856 2390
1856 2389
1856 2388
1856 2387
1856 2386
1855 2385
1855 2384
1855 2383
1855 2382
1855 2381
1855 2380
1855 2379
1855 2378
1855 2377
1855 2376
1854 2375
1854 2374
1854 2373
1854 2372
1854 2371
1854 2370
1854 2369
1854 2368
1854 2367
1854 2366
1854 2365
1853 2364
1853 2363
1853 2362
1853 2361
1853 2360
1853 2359
1852 2358
1852 2357
1852 2356
1852 2355
1852 2354
1851 2353
1851 2352
1851 2351
1851 2350
1851 2349
1850 2348
1850 2347
1850 2346
1850 2345
1850 2344
1849 2343
1849 2342
1849 2341
1848 2340
1848 2339
1847 2338
1847 2337
1846 2336
1846 2335
1845 2334
1845 2333
1844 2332
1844 2331
1843 2331
1842 2330
1841 2330
1840 2330
1839 2329
1838 2329
1837 2329
1836 2329
1835 2329
1834 2329
1833 2329
1832 2329
1831 2329
1830 2329
1829 2329
1828 2329
1827 2329
1826 2329
1825 2329
1824 2329
1823 2329
1822 2329
1821 2329
