1833 1632
1832 1633
1831 1633
1830 1634
1829 1634
1828 1634
1827 1635
1826 1635
1825 1636
1824 1637
1823 1638
1822 1638
1821 1639
1820 1640
1819 1641
1818 1642
1817 1643
1816 1644
1815 1645
1814 1646
1814 1647
1813 1648
1812 1649
1811 1650
1811 1651
1810 1652
1809 1653
1808 1654
1808 1655
1807 1656
1806 1657
1805 1658
1804 1659
1804 1660
1803 1661
1802 1662
1801 1663
1801 1664
1800 1665
1799 1666
1798 1667
1797 1668
1796 1669
1795 1670
1795 1671
1794 1672
1793 1673
1792 1674
1792 1675
1791 1676
1790 1677
1790 1678
1789 1679
1788 1680
1788 1681
1787 1682
1786 1683
1785 1684
1785 1685
1784 1686
1784 1687
1783 1688
1782 1689
1782 1690
1782 1691
1781 1692
1780 1693
1780 1694
1779 1695
1779 1696
1778 1697
1778 1698
1777 1699
1777 1700
1776 1701
1776 1702
1775 1703
1775 1704
1774 1705
1774 1706
1773 1707
1773 1708
1772 1709
1772 1710
1771 1711
1771 1712
1771 1713
1771 1714
1771 1715
1770 1716
1770 1717
1770 1718
1770 1719
1770 1720
1769 1721
1769 1722
1769 1723
1769 1724
1769 1725
1768 1726
1768 1727
1768 1728
1768 1729
1768 1730
1767 1731
1767 1732
1767 1733
1767 1734
1767 1735
1767 1736
1767 1737
1767 1738
1766 1739
1766 1740
1766 1741
1766 1742
1766 1743
1766 1744
1765 1745
1765 1746
1765 1747
1765 1748
1765 1749
1765 1750
1764 1751
1764 1752
1764 1753
1764 1754
1764 1755
1764 1756
1764 1757
1763 1758
1763 1759
1763 1760
1763 1761
1763 1762
1763 1763
1763 1764
1763 1765
1763 1766
1762 1767
1762 1768
1762 1769
1762 1770
1762 1771
1762 1772
1762 1773
1762 1774
1761 1775
1761 1776
1761 1777
1761 1778
1761 1779
1761 1780
1761 1781
1761 1782
1760 1783
1760 1784
1760 1785
1760 1786
1760 1787
1760 1788
1760 1789
1759 1790
1759 1791
1759 1792
1759 1793
1759 1794
1758 1795
1758 1796
1758 1797
1758 1798
1758 1799
1758 1800
1757 1801
1757 1802
1757 1803
1757 1804
1757 1805
1757 1806
1756 1807
1756 1808
1756 1809
1756 1810
1756 1811
1756 1812
1755 1813
1755 1814
1755 1815
1755 1816
1755 1817
1755 1818
1755 1819
1755 1820
1755 1821
1755 1822
1755 1823
1754 1824
1754 1825
1754 1826
1754 1827
1754 1828
1754 1829
1754 1830
1754 1831
1754 1832
1754 1833
1755 1834
1755 1835
1755 1836
1755 1837
1755 1838
1755 1839
1755 1840
1755 1841
1755 1842
1755 1843
1755 1844
1755 1845
1755 1846
1755 1847
1755 1848
1755 1849
1756 1850
1756 1851
1756 1852
1756 1853
1756 1854
1756 1855
1756 1856
1756 1857
1756 1858
1756 1859
1757 1860
1757 1861
1757 1862
1757 1863
1757 1864
1757 1865
1757 1866
1757 1867
1757 1868
1758 1869
1758 1870
1758 1871
1758 1872
1758 1873
1759 1874
1759 1875
1759 1876
1759 1877
1759 1878
1760 1879
1760 1880
1760 1881
1760 1882
1760 1883
1760 1884
1760 1885
1761 1886
1761 1887
1761 1888
1761 1889
1761 1890
1762 1891
1762 1892
1762 1893
1762 1894
1762 1895
1762 1896
1762 1897
1763 1898
1763 1899
1763 1900
1763 1901
1763 1902
1763 1903
1764 1904
1764 1905
1764 1906
1764 1907
1764 1908
1764 1909
1765 1910
1765 1911
1765 1912
1765 1913
1765 1914
1765 1915
1766 1916
1766 1917
1766 1918
1766 1919
1767 1920
1767 1921
1767 1922
1767 1923
1767 1924
1768 1925
1768 1926
1768 1927
1768 1928
1768 1929
1769 1930
1769 1931
1769 1932
1769 1933
1769 1934
1770 1935
1770 1936
1770 1937
1770 1938
1770 1939
1770 1940
1771 1941
1771 1942
1771 1943
1771 1944
1771 1945
1772 1946
1772 1947
1772 1948
1772 1949
1772 1950
1773 1951
1773 1952
1773 1953
1773 1954
1773 1955
1774 1956
1774 1957
1774 1958
1774 1959
1774 1960
1775 1961
1775 1962
1775 1963
1775 1964
1775 1965
1775 1966
1776 1967
1776 1968
1776 1969
1776 1970
1777 1971
1777 1972
1777 1973
1777 1974
1777 1975
1778 1976
1778 1977
1778 1978
1778 1979
1778 1980
1779 1981
1779 1982
1779 1983
1779 1984
1779 1985
1780 1986
1780 1987
1780 1988
1780 1989
1780 1990
1781 1991
1781 1992
1781 1993
1781 1994
1782 1995
1782 1996
1782 1997
1782 1998
1782 1999
1783 2000
1783 2001
1783 2002
1783 2003
1784 2004
1784 2005
1784 2006
1784 2007
1784 2008
1785 2009
1785 2010
1785 2011
1785 2012
1785 2013
1785 2014
1786 2015
1786 2016
1786 2017
1786 2018
1786 2019
1787 2020
1787 2021
1787 2022
1787 2023
1787 2024
1787 2025
1788 2026
1788 2027
1788 2028
1788 2029
1788 2030
1788 2031
1788 2032
1788 2033
1789 2034
1789 2035
1789 2036
1789 2037
1789 2038
1789 2039
1789 2040
1789 2041
1790 2042
1790 2043
1790 2044
1790 2045
1790 2046
1790 2047
1790 2048
1790 2049
1790 2050
1791 2051
1791 2052
1791 2053
1791 2054
1791 2055
1791 2056
1791 2057
1792 2058
1792 2059
1792 2060
1792 2061
1792 2062
1792 2063
1792 2064
1792 2065
1792 2066
1793 2067
1793 2068
1793 2069
1793 2070
1793 2071
1793 2072
1793 2073
1793 2074
1794 2075
1794 2076
1794 2077
1794 2078
1794 2079
1794 2080
1794 2081
1794 2082
1794 2083
1794 2084
1795 2085
1795 2086
1795 2087
1795 2088
1795 2089
1795 2090
1795 2091
1795 2092
1795 2093
1795 2094
1795 2095
1795 2096
1795 2097
1795 2098
1796 2099
1796 2100
1796 2101
1796 2102
1796 2103
1796 2104
1797 2105
1797 2106
1797 2107
1797 2108
1797 2109
1797 2110
1797 2111
1798 2112
1798 2113
1798 2114
1798 2115
1798 2116
1799 2117
1799 2118
1799 2119
1799 2120
1799 2121
1799 2122
1799 2123
1800 2124
1800 2125
1800 2126
1800 2127
1800 2128
1800 2129
1800 2130
1800 2131
1801 2132
1801 2133
1801 2134
1801 2135
1801 2136
1801 2137
1801 2138
1802 2139
1802 2140
1802 2141
1802 2142
1802 2143
1802 2144
1802 2145
1802 2146
1803 2147
1803 2148
1803 2149
1803 2150
1803 2151
1803 2152
1803 2153
1803 2154
1803 2155
1803 2156
1803 2157
1803 2158
1804 2159
1804 2160
1804 2161
1804 2162
1804 2163
1804 2164
1804 2165
1804 2166
1804 2167
1804 2168
1804 2169
1805 2170
1805 2171
1805 2172
1805 2173
1805 2174
1806 2175
1806 2176
1807 2177
1807 2178
1807 2179
1808 2180
1808 2181
1808 2182
1809 2183
1809 2184
1810 2185
1810 2186
1811 2187
1811 2188
1812 2189
1812 2190
1812 2191
1813 2192
1814 2193
1815 2193
1816 2194
1817 2195
1818 2196
1819 2196
1820 2197
1821 2198
1822 2199
1823 2200
1824 2200
1825 2201
1826 2202
1827 2203
1828 2203
1829 2204
1830 2205
1831 2206
1832 2206
1833 2207
1834 2208
1835 2209
1836 2209
1837 2210
1838 2211
1839 2212
1840 2212
1841 2213
1842 2214
1843 2215
1844 2215
1845 2215
1846 2216
1847 2216
1848 2216
1849 2217
1850 2217
1851 2217
1852 2218
1853 2218
1854 2218
1855 2219
1856 2219
1857 2220
1858 2220
1859 2220
1860 2221
1861 2221
1862 2221
1863 2222
1864 2222
1865 2223
1866 2223
1867 2223
1868 2224
1869 2223
1870 2222
1871 2221
1872 2220
1873 2219
1874 2218
1875 2217
1875 2216
1876 2215
1876 2214
1877 2213
1878 2212
1878 2211
1878 2210
1878 2209
1879 2208
1879 2207
1879 2206
1879 2205
1879 2204
1879 2203
1880 2202
1880 2201
1880 2200
1880 2199
1880 2198
1880 2197
1880 2196
1880 2195
1881 2194
1881 2193
1881 2192
1881 2191
1881 2190
1881 2189
1881 2188
1881 2187
1881 2186
1881 2185
1881 2184
1881 2183
1881 2182
1881 2181
1881 2180
1881 2179
1881 2178
1881 2177
1881 2176
1881 2175
1880 2174
1880 2173
1880 2172
1880 2171
1880 2170
1880 2169
1880 2168
1880 2167
1880 2166
1880 2165
1880 2164
1880 2163
1880 2162
1880 2161
1881 2160
1881 2159
1881 2158
1881 2157
1881 2156
1881 2155
1881 2154
1881 2153
1881 2152
1881 2151
1881 2150
1881 2149
1881 2148
1881 2147
1881 2146
1881 2145
1882 2144
1882 2143
1882 2142
1882 2141
1882 2140
1882 2139
1882 2138
1882 2137
1882 2136
1882 2135
1882 2134
1882 2133
1882 2132
1882 2131
1882 2130
1882 2129
1882 2128
1882 2127
1882 2126
1882 2125
1882 2124
1882 2123
1882 2122
1882 2121
1882 2120
1882 2119
1882 2118
1882 2117
1882 2116
1882 2115
1882 2114
1882 2113
1882 2112
1882 2111
1882 2110
1882 2109
1882 2108
1882 2107
1882 2106
1883 2105
1883 2104
1883 2103
1883 2102
1883 2101
1883 2100
1883 2099
1883 2098
1883 2097
1883 2096
1883 2095
1883 2094
1883 2093
1883 2092
1883 2091
1883 2090
1883 2089
1883 2088
1883 2087
1883 2086
1883 2085
1883 2084
1883 2083
1883 2082
1883 2081
1883 2080
1884 2079
1884 2078
1884 2077
1884 2076
1884 2075
1884 2074
1884 2073
1884 2072
1884 2071
1884 2070
1884 2069
1884 2068
1884 2067
1884 2066
1884 2065
1884 2064
1884 2063
1884 2062
1884 2061
1883 2060
1883 2059
1883 2058
1883 2057
1883 2056
1883 2055
1883 2054
1883 2053
1883 2052
1883 2051
1883 2050
1883 2049
1883 2048
1883 2047
1883 2046
1883 2045
1883 2044
1883 2043
1883 2042
1883 2041
1883 2040
1883 2039
1883 2038
1884 2037
1884 2036
1884 2035
1884 2034
1884 2033
1884 2032
1884 2031
1884 2030
1884 2029
1884 2028
1884 2027
1884 2026
1884 2025
1884 2024
1884 2023
1884 2022
1884 2021
1884 2020
1884 2019
1884 2018
1884 2017
1884 2016
1884 2015
1884 2014
1884 2013
1884 2012
1884 2011
1884 2010
1884 2009
1884 2008
1884 2007
1884 2006
1884 2005
1884 2004
1884 2003
1884 2002
1884 2001
1884 2000
1884 1999
1884 1998
1884 1997
1884 1996
1884 1995
1884 1994
1884 1993
1884 1992
1884 1991
1884 1990
1884 1989
1884 1988
1884 1987
1884 1986
1884 1985
1884 1984
1884 1983
1884 1982
1884 1981
1884 1980
1884 1979
1884 1978
1884 1977
1884 1976
1884 1975
1884 1974
1884 1973
1884 1972
1884 1971
1884 1970
1884 1969
1884 1968
1884 1967
1884 1966
1884 1965
1884 1964
1884 1963
1884 1962
1884 1961
1884 1960
1884 1959
1884 1958
1884 1957
1884 1956
1884 1955
1884 1954
1884 1953
1884 1952
1884 1951
1884 1950
1884 1949
1884 1948
1884 1947
1884 1946
1884 1945
1884 1944
1884 1943
1884 1942
1884 1941
1884 1940
1884 1939
1884 1938
1884 1937
1884 1936
1884 1935
1884 1934
1884 1933
1884 1932
1884 1931
1884 1930
1884 1929
1884 1928
1884 1927
1884 1926
1884 1925
1884 1924
1884 1923
1884 1922
1884 1921
1884 1920
1884 1919
1884 1918
1884 1917
1884 1916
1883 1915
1883 1914
1883 1913
1883 1912
1883 1911
1883 1910
1883 1909
1883 1908
1883 1907
1883 1906
1883 1905
1883 1904
1883 1903
1882 1902
1882 1901
1882 1900
1882 1899
1882 1898
1882 1897
1882 1896
1882 1895
1882 1894
1882 1893
1882 1892
1882 1891
1882 1890
1882 1889
1882 1888
1882 1887
1882 1886
1882 1885
1881 1884
1881 1883
1881 1882
1881 1881
1881 1880
1881 1879
1881 1878
1881 1877
1881 1876
1881 1875
1881 1874
1881 1873
1881 1872
1881 1871
1881 1870
1881 1869
1881 1868
1881 1867
1881 1866
1881 1865
1881 1864
1881 1863
1881 1862
1881 1861
1881 1860
1881 1859
1880 1858
1880 1857
1880 1856
1880 1855
1880 1854
1880 1853
1880 1852
1880 1851
1880 1850
1880 1849
1880 1848
1880 1847
1880 1846
1880 1845
1880 1844
1880 1843
1880 1842
1880 1841
1880 1840
1879 1839
1879 1838
1879 1837
1879 1836
1879 1835
1879 1834
1879 1833
1879 1832
1879 1831
1879 1830
1879 1829
1879 1828
1879 1827
1879 1826
1879 1825
1879 1824
1879 1823
1879 1822
1879 1821
1878 1820
1878 1819
1878 1818
1878 1817
1878 1816
1878 1815
1878 1814
1878 1813
1877 1812
1877 1811
1877 1810
1877 1809
1877 1808
1877 1807
1877 1806
1876 1805
1876 1804
1876 1803
1876 1802
1876 1801
1876 1800
1876 1799
1876 1798
1876 1797
1876 1796
1876 1795
1875 1794
1875 1793
1875 1792
1875 1791
1875 1790
1875 1789
1875 1788
1875 1787
1875 1786
1875 1785
1875 1784
1875 1783
1875 1782
1874 1781
1874 1780
1874 1779
1874 1778
1874 1777
1874 1776
1874 1775
1874 1774
1874 1773
1874 1772
1874 1771
1874 1770
1873 1769
1873 1768
1873 1767
1873 1766
1873 1765
1873 1764
1873 1763
1873 1762
1872 1761
1872 1760
1872 1759
1872 1758
1872 1757
1872 1756
1872 1755
1872 1754
1872 1753
1871 1752
1871 1751
1871 1750
1871 1749
1871 1748
1871 1747
1871 1746
1870 1745
1870 1744
1870 1743
1870 1742
1870 1741
1870 1740
1870 1739
1870 1738
1870 1737
1869 1736
1869 1735
1869 1734
1869 1733
1869 1732
1869 1731
1869 1730
1868 1729
1868 1728
1868 1727
1868 1726
1868 1725
1868 1724
1868 1723
1868 1722
1868 1721
1868 1720
1867 1719
1867 1718
1867 1717
1867 1716
1867 1715
1867 1714
1867 1713
1867 1712
1866 1711
1866 1710
1866 1709
1866 1708
1866 1707
1866 1706
1866 1705
1865 1704
1865 1703
1865 1702
1865 1701
1865 1700
1864 1699
1864 1698
1864 1697
1864 1696
1864 1695
1863 1694
1863 1693
1863 1692
1863 1691
1863 1690
1863 1689
1862 1688
1862 1687
1862 1686
1862 1685
1862 1684
1861 1683
1861 1682
1861 1681
1861 1680
1861 1679
1861 1678
1860 1677
1860 1676
1860 1675
1860 1674
1860 1673
1860 1672
1860 1671
1860 1670
1860 1669
1859 1668
1859 1667
1859 1666
1858 1665
1858 1664
1858 1663
1858 1662
1857 1661
1857 1660
1857 1659
1856 1658
1856 1657
1856 1656
1856 1655
1855 1654
1855 1653
1855 1652
1855 1651
1855 1650
1854 1649
1854 1648
1854 1647
1854 1646
1853 1645
1853 1644
1852 1643
1852 1642
1851 1641
1851 1640
1850 1639
1849 1638
1848 1637
1847 1637
1846 1636
1845 1635
1844 1635
1843 1634
1842 1633
1841 1633
1840 1633
1839 1633
1838 1633
1837 1633
1836 1633
1835 1633
1834 1632
1833 1632
