1842 1232
1841 1233
1840 1233
1839 1233
1838 1234
1837 1234
1836 1234
1835 1234
1834 1235
1833 1235
1832 1235
1831 1235
1830 1236
1829 1236
1828 1236
1827 1237
1826 1237
1825 1237
1824 1238
1823 1239
1822 1239
1821 1240
1820 1240
1819 1241
1818 1241
1817 1242
1816 1242
1815 1243
1814 1243
1813 1244
1812 1244
1811 1245
1810 1245
1809 1246
1808 1246
1807 1247
1806 1248
1805 1248
1804 1249
1803 1249
1802 1250
1801 1250
1800 1251
1799 1252
1798 1253
1797 1253
1796 1254
1795 1255
1794 1256
1793 1257
1792 1258
1791 1259
1790 1260
1789 1261
1788 1262
1787 1263
1786 1264
1785 1265
1784 1266
1784 1267
1783 1268
1782 1269
1781 1270
1780 1271
1779 1272
1779 1273
1778 1274
1778 1275
1777 1276
1777 1277
1777 1278
1776 1279
1776 1280
1775 1281
1775 1282
1775 1283
1775 1284
1774 1285
1774 1286
1774 1287
1774 1288
1773 1289
1773 1290
1773 1291
1772 1292
1772 1293
1772 1294
1772 1295
1771 1296
1771 1297
1771 1298
1770 1299
1770 1300
1770 1301
1770 1302
1769 1303
1769 1304
1768 1305
1768 1306
1768 1307
1767 1308
1767 1309
1767 1310
1767 1311
1766 1312
1766 1313
1766 1314
1766 1315
1765 1316
1765 1317
1765 1318
1765 1319
1764 1320
1764 1321
1763 1322
1763 1323
1763 1324
1763 1325
1762 1326
1762 1327
1762 1328
1761 1329
1761 1330
1761 1331
1761 1332
1760 1333
1760 1334
1760 1335
1760 1336
1759 1337
1759 1338
1759 1339
1759 1340
1759 1341
1759 1342
1759 1343
1759 1344
1759 1345
1759 1346
1758 1347
1758 1348
1758 1349
1758 1350
1758 1351
1758 1352
1759 1353
1759 1354
1759 1355
1759 1356
1760 1357
1760 1358
1760 1359
1761 1360
1761 1361
1761 1362
1762 1363
1762 1364
1762 1365
1762 1366
1763 1367
1763 1368
1764 1369
1764 1370
1764 1371
1765 1372
1765 1373
1766 1374
1766 1375
1767 1376
1767 1377
1767 1378
1768 1379
1768 1380
1769 1381
1769 1382
1769 1383
1770 1384
1770 1385
1771 1386
1771 1387
1771 1388
1772 1389
1772 1390
1772 1391
1773 1392
1773 1393
1774 1394
1774 1395
1774 1396
1775 1397
1775 1398
1775 1399
1775 1400
1776 1401
1776 1402
1776 1403
1777 1404
1777 1405
1777 1406
1778 1407
1778 1408
1779 1409
1779 1410
1779 1411
1780 1412
1780 1413
1780 1414
1781 1415
1781 1416
1781 1417
1781 1418
1782 1419
1782 1420
1782 1421
1783 1422
1783 1423
1783 1424
1784 1425
1784 1426
1784 1427
1785 1428
1785 1429
1786 1430
1786 1431
1786 1432
1786 1433
1787 1434
1787 1435
1787 1436
1787 1437
1788 1438
1788 1439
1789 1440
1789 1441
1789 1442
1790 1443
1790 1444
1790 1445
1790 1446
1791 1447
1791 1448
1791 1449
1792 1450
1792 1451
1792 1452
1792 1453
1793 1454
1793 1455
1793 1456
1794 1457
1794 1458
1794 1459
1795 1460
1795 1461
1795 1462
1795 1463
1796 1464
1796 1465
1796 1466
1797 1467
1797 1468
1797 1469
1797 1470
1798 1471
1798 1472
1798 1473
1799 1474
1799 1475
1799 1476
1800 1477
1800 1478
1800 1479
1800 1480
1801 1481
1801 1482
1801 1483
1801 1484
1802 1485
1802 1486
1802 1487
1803 1488
1803 1489
1803 1490
1804 1491
1804 1492
1804 1493
1805 1494
1805 1495
1805 1496
1805 1497
1806 1498
1806 1499
1806 1500
1807 1501
1807 1502
1808 1503
1808 1504
1808 1505
1808 1506
1809 1507
1809 1508
1809 1509
1810 1510
1810 1511
1810 1512
1810 1513
1810 1514
1811 1515
1811 1516
1811 1517
1812 1518
1812 1519
1812 1520
1812 1521
1813 1522
1813 1523
1813 1524
1813 1525
1814 1526
1814 1527
1814 1528
1814 1529
1814 1530
1815 1531
1815 1532
1816 1533
1816 1534
1817 1535
1817 1536
1818 1537
1818 1538
1819 1539
1819 1540
1820 1541
1820 1542
1821 1543
1821 1544
1822 1545
1822 1546
1823 1546
1824 1547
1825 1548
1826 1549
1827 1549
1828 1550
1829 1551
1830 1552
1831 1553
1832 1553
1833 1553
1834 1554
1835 1554
1836 1555
1837 1555
1838 1555
1839 1556
1840 1556
1841 1556
1842 1557
1843 1557
1844 1558
1845 1558
1846 1558
1847 1559
1848 1559
1849 1559
1850 1559
1851 1560
1852 1559
1853 1559
1854 1558
1855 1558
1856 1557
1857 1557
1858 1556
1859 1556
1860 1555
1861 1554
1862 1553
1863 1552
1864 1551
1865 1550
1865 1549
1865 1548
1865 1547
1866 1546
1866 1545
1866 1544
1867 1543
1867 1542
1867 1541
1868 1540
1868 1539
1868 1538
1869 1537
1869 1536
1869 1535
1869 1534
1869 1533
1869 1532
1870 1531
1870 1530
1870 1529
1870 1528
1870 1527
1870 1526
1871 1525
1871 1524
1871 1523
1871 1522
1871 1521
1872 1520
1872 1519
1872 1518
1872 1517
1872 1516
1872 1515
1872 1514
1873 1513
1873 1512
1873 1511
1873 1510
1874 1509
1874 1508
1874 1507
1874 1506
1874 1505
1874 1504
1874 1503
1874 1502
1874 1501
1874 1500
1875 1499
1875 1498
1875 1497
1875 1496
1875 1495
1875 1494
1875 1493
1875 1492
1876 1491
1876 1490
1876 1489
1876 1488
1876 1487
1876 1486
1876 1485
1876 1484
1876 1483
1876 1482
1876 1481
1876 1480
1876 1479
1876 1478
1876 1477
1876 1476
1876 1475
1877 1474
1877 1473
1876 1472
1876 1471
1876 1470
1876 1469
1876 1468
1876 1467
1876 1466
1876 1465
1877 1464
1877 1463
1877 1462
1877 1461
1877 1460
1877 1459
1878 1458
1878 1457
1878 1456
1878 1455
1878 1454
1878 1453
1878 1452
1878 1451
1878 1450
1878 1449
1878 1448
1878 1447
1878 1446
1878 1445
1878 1444
1878 1443
1878 1442
1878 1441
1878 1440
1878 1439
1878 1438
1878 1437
1878 1436
1877 1435
1877 1434
1877 1433
1878 1432
1878 1431
1877 1430
1878 1429
1878 1428
1878 1427
1878 1426
1878 1425
1878 1424
1878 1423
1878 1422
1878 1421
1878 1420
1878 1419
1878 1418
1878 1417
1878 1416
1878 1415
1878 1414
1878 1413
1878 1412
1878 1411
1878 1410
1878 1409
1878 1408
1878 1407
1878 1406
1878 1405
1878 1404
1878 1403
1877 1402
1877 1401
1878 1400
1878 1399
1878 1398
1878 1397
1878 1396
1878 1395
1878 1394
1878 1393
1878 1392
1878 1391
1878 1390
1878 1389
1878 1388
1878 1387
1878 1386
1878 1385
1878 1384
1878 1383
1878 1382
1878 1381
1878 1380
1878 1379
1878 1378
1878 1377
1878 1376
1878 1375
1878 1374
1878 1373
1878 1372
1878 1371
1878 1370
1878 1369
1878 1368
1878 1367
1878 1366
1878 1365
1878 1364
1878 1363
1877 1362
1877 1361
1877 1360
1877 1359
1877 1358
1877 1357
1877 1356
1877 1355
1876 1354
1876 1353
1877 1352
1877 1351
1877 1350
1877 1349
1877 1348
1877 1347
1877 1346
1876 1345
1876 1344
1876 1343
1876 1342
1876 1341
1876 1340
1876 1339
1876 1338
1875 1337
1875 1336
1876 1335
1876 1334
1875 1333
1875 1332
1876 1331
1876 1330
1876 1329
1876 1328
1875 1327
1875 1326
1875 1325
1875 1324
1875 1323
1875 1322
1875 1321
1875 1320
1875 1319
1875 1318
1875 1317
1875 1316
1875 1315
1875 1314
1875 1313
1875 1312
1875 1311
1875 1310
1874 1309
1874 1308
1874 1307
1874 1306
1874 1305
1874 1304
1874 1303
1874 1302
1874 1301
1874 1300
1874 1299
1873 1298
1873 1297
1873 1296
1873 1295
1873 1294
1873 1293
1873 1292
1872 1291
1872 1290
1872 1289
1872 1288
1872 1287
1872 1286
1872 1285
1872 1284
1872 1283
1872 1282
1872 1281
1872 1280
1872 1279
1872 1278
1872 1277
1872 1276
1872 1275
1872 1274
1872 1273
1872 1272
1872 1271
1872 1270
1872 1269
1872 1268
1872 1267
1872 1266
1872 1265
1872 1264
1871 1263
1871 1262
1871 1261
1871 1260
1871 1259
1870 1258
1870 1257
1870 1256
1870 1255
1870 1254
1870 1253
1870 1252
1870 1251
1870 1250
1869 1249
1869 1248
1869 1247
1869 1246
1868 1245
1868 1244
1868 1243
1867 1242
1867 1241
1866 1240
1866 1239
1865 1238
1864 1237
1863 1236
1862 1236
1861 1235
1860 1234
1859 1234
1858 1234
1857 1233
1856 1233
1855 1233
1854 1232
1853 1232
1852 1232
1851 1232
1850 1232
1849 1232
1848 1232
1847 1232
1846 1232
1845 1232
1844 1232
1843 1232
1842 1232
