1854 662
1853 663
1852 663
1851 664
1850 664
1849 664
1848 665
1847 665
1846 665
1845 666
1844 666
1843 666
1842 667
1841 667
1840 667
1839 668
1838 668
1837 668
1836 669
1835 670
1835 671
1834 672
1833 673
1832 674
1831 675
1830 676
1830 677
1829 678
1828 679
1828 680
1827 681
1827 682
1826 683
1826 684
1825 685
1825 686
1824 687
1824 688
1823 689
1823 690
1823 691
1822 692
1822 693
1821 694
1820 695
1820 696
1820 697
1819 698
1819 699
1818 700
1818 701
1817 702
1817 703
1816 704
1816 705
1816 706
1815 707
1815 708
1814 709
1814 710
1813 711
1813 712
1812 713
1812 714
1812 715
1811 716
1811 717
1810 718
1810 719
1809 720
1809 721
1808 722
1808 723
1808 724
1807 725
1807 726
1806 727
1806 728
1805 729
1805 730
1805 731
1804 732
1804 733
1803 734
1803 735
1802 736
1802 737
1801 738
1801 739
1801 740
1800 741
1800 742
1799 743
1799 744
1798 745
1798 746
1797 747
1797 748
1797 749
1796 750
1796 751
1795 752
1795 753
1794 754
1794 755
1793 756
1793 757
1793 758
1792 759
1792 760
1791 761
1791 762
1790 763
1789 764
1789 765
1789 766
1788 767
1788 768
1787 769
1787 770
1786 771
1786 772
1785 773
1785 774
1784 775
1784 776
1783 777
1783 778
1782 779
1782 780
1781 781
1781 782
1781 783
1780 784
1780 785
1779 786
1779 787
1778 788
1777 789
1777 790
1777 791
1776 792
1776 793
1775 794
1775 795
1774 796
1774 797
1773 798
1773 799
1772 800
1772 801
1771 802
1771 803
1770 804
1770 805
1769 806
1769 807
1768 808
1768 809
1767 810
1767 811
1766 812
1766 813
1765 814
1764 815
1764 816
1764 817
1763 818
1763 819
1762 820
1761 821
1761 822
1760 823
1760 824
1759 825
1759 826
1759 827
1758 828
1758 829
1758 830
1757 831
1757 832
1757 833
1756 834
1756 835
1756 836
1756 837
1756 838
1755 839
1755 840
1755 841
1755 842
1755 843
1756 844
1756 845
1756 846
1756 847
1756 848
1756 849
1756 850
1756 851
1757 852
1757 853
1757 854
1757 855
1758 856
1758 857
1758 858
1758 859
1759 860
1759 861
1759 862
1759 863
1759 864
1759 865
1759 866
1760 867
1760 868
1760 869
1760 870
1761 871
1761 872
1761 873
1761 874
1761 875
1761 876
1761 877
1762 878
1762 879
1762 880
1762 881
1762 882
1762 883
1762 884
1763 885
1763 886
1763 887
1763 888
1763 889
1764 890
1764 891
1764 892
1764 893
1764 894
1764 895
1765 896
1765 897
1765 898
1765 899
1765 900
1765 901
1765 902
1765 903
1766 904
1766 905
1766 906
1766 907
1766 908
1766 909
1767 910
1767 911
1767 912
1767 913
1767 914
1768 915
1768 916
1768 917
1768 918
1768 919
1768 920
1768 921
1769 922
1769 923
1769 924
1769 925
1769 926
1769 927
1769 928
1770 929
1770 930
1770 931
1770 932
1770 933
1770 934
1770 935
1770 936
1770 937
1770 938
1770 939
1771 940
1771 941
1771 942
1771 943
1771 944
1771 945
1771 946
1771 947
1771 948
1771 949
1772 950
1772 951
1772 952
1772 953
1772 954
1772 955
1772 956
1772 957
1772 958
1773 959
1773 960
1773 961
1773 962
1773 963
1773 964
1773 965
1774 966
1774 967
1774 968
1774 969
1774 970
1774 971
1774 972
1774 973
1774 974
1775 975
1775 976
1775 977
1775 978
1775 979
1775 980
1775 981
1775 982
1776 983
1776 984
1776 985
1776 986
1776 987
1776 988
1776 989
1776 990
1777 991
1777 992
1777 993
1777 994
1777 995
1777 996
1777 997
1777 998
1778 999
1778 1000
1778 1001
1778 1002
1778 1003
1778 1004
1778 1005
1778 1006
1778 1007
1779 1008
1779 1009
1779 1010
1779 1011
1779 1012
1779 1013
1779 1014
1779 1015
1779 1016
1779 1017
1780 1018
1780 1019
1780 1020
1780 1021
1780 1022
1780 1023
1780 1024
1780 1025
1780 1026
1781 1027
1781 1028
1781 1029
1781 1030
1781 1031
1781 1032
1781 1033
1781 1034
1781 1035
1782 1036
1782 1037
1782 1038
1782 1039
1782 1040
1782 1041
1782 1042
1782 1043
1782 1044
1783 1045
1783 1046
1783 1047
1783 1048
1783 1049
1783 1050
1783 1051
1783 1052
1783 1053
1784 1054
1784 1055
1784 1056
1784 1057
1784 1058
1784 1059
1784 1060
1784 1061
1784 1062
1785 1063
1785 1064
1785 1065
1785 1066
1785 1067
1785 1068
1785 1069
1785 1070
1786 1071
1786 1072
1786 1073
1786 1074
1786 1075
1786 1076
1786 1077
1786 1078
1786 1079
1787 1080
1787 1081
1787 1082
1787 1083
1787 1084
1787 1085
1787 1086
1787 1087
1787 1088
1787 1089
1787 1090
1788 1091
1788 1092
1787 1093
1788 1094
1788 1095
1788 1096
1788 1097
1788 1098
1788 1099
1788 1100
1788 1101
1788 1102
1788 1103
1788 1104
1789 1105
1789 1106
1789 1107
1789 1108
1789 1109
1789 1110
1789 1111
1789 1112
1789 1113
1789 1114
1789 1115
1789 1116
1789 1117
1789 1118
1789 1119
1789 1120
1789 1121
1790 1122
1790 1123
1790 1124
1790 1125
1790 1126
1790 1127
1790 1128
1791 1129
1792 1130
1793 1131
1794 1132
1795 1133
1795 1134
1796 1135
1797 1136
1798 1137
1799 1137
1800 1137
1801 1137
1802 1138
1803 1138
1804 1138
1805 1139
1806 1139
1807 1140
1808 1139
1809 1139
1810 1139
1811 1139
1812 1139
1813 1139
1814 1139
1815 1139
1816 1139
1817 1139
1818 1138
1819 1138
1820 1138
1821 1138
1822 1138
1823 1137
1824 1137
1825 1137
1826 1137
1827 1136
1828 1136
1829 1135
1830 1135
1831 1134
1832 1134
1833 1133
1834 1133
1835 1132
1836 1131
1837 1131
1838 1130
1839 1129
1840 1129
1841 1128
1842 1128
1843 1127
1844 1127
1845 1126
1846 1125
1847 1124
1848 1123
1849 1122
1850 1122
1851 1121
1852 1120
1853 1119
1854 1119
1855 1118
1856 1117
1856 1116
1857 1115
1858 1114
1858 1113
1859 1112
1859 1111
1860 1110
1861 1109
1862 1108
1862 1107
1862 1106
1863 1105
1863 1104
1863 1103
1864 1102
1864 1101
1865 1100
1865 1099
1865 1098
1865 1097
1865 1096
1866 1095
1866 1094
1866 1093
1867 1092
1867 1091
1867 1090
1867 1089
1867 1088
1867 1087
1868 1086
1868 1085
1868 1084
1869 1083
1869 1082
1869 1081
1869 1080
1869 1079
1869 1078
1869 1077
1869 1076
1870 1075
1870 1074
1870 1073
1870 1072
1870 1071
1870 1070
1870 1069
1870 1068
1870 1067
1870 1066
1870 1065
1870 1064
1870 1063
1870 1062
1870 1061
1870 1060
1870 1059
1871 1058
1871 1057
1871 1056
1871 1055
1871 1054
1871 1053
1871 1052
1871 1051
1871 1050
1871 1049
1871 1048
1871 1047
1871 1046
1871 1045
1871 1044
1872 1043
1872 1042
1872 1041
1872 1040
1872 1039
1872 1038
1872 1037
1872 1036
1872 1035
1872 1034
1872 1033
1872 1032
1873 1031
1873 1030
1873 1029
1873 1028
1873 1027
1873 1026
1873 1025
1873 1024
1873 1023
1873 1022
1873 1021
1873 1020
1873 1019
1873 1018
1874 1017
1874 1016
1874 1015
1874 1014
1874 1013
1874 1012
1874 1011
1874 1010
1874 1009
1874 1008
1875 1007
1875 1006
1875 1005
1875 1004
1875 1003
1875 1002
1875 1001
1875 1000
1875 999
1875 998
1876 997
1876 996
1876 995
1876 994
1876 993
1876 992
1876 991
1876 990
1876 989
1877 988
1877 987
1877 986
1877 985
1877 984
1877 983
1877 982
1877 981
1877 980
1878 979
1878 978
1878 977
1878 976
1878 975
1878 974
1878 973
1878 972
1878 971
1878 970
1878 969
1878 968
1878 967
1878 966
1878 965
1879 964
1879 963
1879 962
1879 961
1879 960
1879 959
1879 958
1879 957
1879 956
1879 955
1879 954
1880 953
1879 952
1879 951
1879 950
1879 949
1880 948
1880 947
1880 946
1880 945
1880 944
1880 943
1880 942
1880 941
1880 940
1880 939
1880 938
1880 937
1881 936
1881 935
1881 934
1881 933
1880 932
1880 931
1881 930
1881 929
1881 928
1881 927
1881 926
1881 925
1881 924
1881 923
1881 922
1881 921
1881 920
1881 919
1881 918
1881 917
1881 916
1881 915
1881 914
1881 913
1881 912
1882 911
1882 910
1882 909
1882 908
1882 907
1882 906
1882 905
1882 904
1882 903
1882 902
1882 901
1882 900
1882 899
1882 898
1882 897
1882 896
1882 895
1882 894
1882 893
1883 892
1883 891
1883 890
1882 889
1882 888
1883 887
1883 886
1883 885
1883 884
1883 883
1883 882
1883 881
1883 880
1883 879
1883 878
1883 877
1883 876
1883 875
1883 874
1883 873
1883 872
1883 871
1883 870
1883 869
1883 868
1883 867
1883 866
1883 865
1883 864
1883 863
1883 862
1883 861
1883 860
1883 859
1884 858
1884 857
1883 856
1883 855
1883 854
1883 853
1884 852
1884 851
1884 850
1884 849
1884 848
1884 847
1884 846
1883 845
1883 844
1884 843
1884 842
1884 841
1884 840
1884 839
1884 838
1884 837
1884 836
1883 835
1884 834
1884 833
1884 832
1884 831
1884 830
1883 829
1883 828
1883 827
1884 826
1883 825
1884 824
1884 823
1884 822
1883 821
1883 820
1883 819
1883 818
1883 817
1883 816
1884 815
1884 814
1884 813
1883 812
1883 811
1883 810
1883 809
1883 808
1883 807
1883 806
1883 805
1883 804
1883 803
1883 802
1883 801
1883 800
1883 799
1883 798
1883 797
1883 796
1883 795
1883 794
1883 793
1883 792
1883 791
1883 790
1883 789
1883 788
1883 787
1883 786
1883 785
1883 784
1883 783
1883 782
1883 781
1883 780
1883 779
1883 778
1883 777
1882 776
1882 775
1882 774
1882 773
1882 772
1882 771
1882 770
1882 769
1882 768
1881 767
1881 766
1881 765
1881 764
1881 763
1881 762
1881 761
1881 760
1881 759
1881 758
1881 757
1881 756
1881 755
1881 754
1881 753
1880 752
1880 751
1880 750
1880 749
1880 748
1880 747
1880 746
1880 745
1880 744
1880 743
1879 742
1879 741
1879 740
1879 739
1879 738
1879 737
1879 736
1879 735
1879 734
1879 733
1879 732
1879 731
1879 730
1879 729
1879 728
1879 727
1879 726
1878 725
1878 724
1878 723
1878 722
1878 721
1878 720
1878 719
1878 718
1878 717
1878 716
1877 715
1877 714
1877 713
1877 712
1877 711
1877 710
1877 709
1877 708
1877 707
1877 706
1876 705
1876 704
1876 703
1876 702
1876 701
1876 700
1876 699
1876 698
1876 697
1875 696
1875 695
1875 694
1875 693
1875 692
1875 691
1875 690
1875 689
1875 688
1875 687
1875 686
1874 685
1874 684
1874 683
1874 682
1874 681
1874 680
1873 679
1873 678
1873 677
1873 676
1873 675
1872 674
1872 673
1871 672
1871 671
1870 670
1870 669
1870 668
1869 667
1868 666
1867 666
1866 666
1865 665
1864 665
1863 664
1862 664
1861 664
1860 664
1859 664
1858 664
1857 663
1856 663
1855 662
1854 662
