1845 321
1844 322
1843 322
1842 323
1841 323
1840 323
1839 323
1838 324
1837 324
1836 325
1835 325
1834 325
1833 325
1832 326
1831 326
1830 326
1829 327
1828 327
1827 328
1826 328
1825 329
1824 330
1823 330
1822 331
1821 332
1820 332
1819 333
1818 334
1817 335
1816 336
1815 337
1814 338
1813 339
1812 340
1811 341
1810 342
1809 343
1808 344
1807 345
1806 346
1805 347
1804 348
1804 349
1803 350
1802 351
1801 352
1800 353
1799 354
1798 355
1798 356
1797 357
1796 358
1795 359
1794 360
1794 361
1793 362
1793 363
1792 364
1791 365
1790 366
1789 367
1789 368
1788 369
1787 370
1787 371
1786 372
1785 373
1785 374
1784 375
1784 376
1783 377
1783 378
1782 379
1781 380
1781 381
1781 382
1780 383
1780 384
1779 385
1779 386
1778 387
1778 388
1778 389
1777 390
1777 391
1777 392
1776 393
1776 394
1775 395
1775 396
1775 397
1775 398
1774 399
1774 400
1773 401
1773 402
1773 403
1773 404
1772 405
1772 406
1772 407
1771 408
1771 409
1771 410
1771 411
1771 412
1770 413
1770 414
1770 415
1771 416
1771 417
1770 418
1770 419
1770 420
1770 421
1770 422
1770 423
1770 424
1770 425
1769 426
1769 427
1769 428
1769 429
1769 430
1768 431
1768 432
1768 433
1767 434
1767 435
1767 436
1767 437
1767 438
1767 439
1766 440
1766 441
1766 442
1766 443
1766 444
1766 445
1765 446
1765 447
1765 448
1765 449
1765 450
1765 451
1765 452
1764 453
1764 454
1764 455
1764 456
1764 457
1764 458
1764 459
1763 460
1763 461
1763 462
1763 463
1763 464
1763 465
1763 466
1762 467
1762 468
1762 469
1762 470
1762 471
1762 472
1761 473
1761 474
1761 475
1761 476
1760 477
1760 478
1761 479
1761 480
1762 481
1762 482
1763 483
1763 484
1764 485
1765 486
1765 487
1766 488
1766 489
1766 490
1767 491
1767 492
1768 493
1768 494
1769 495
1769 496
1769 497
1770 498
1770 499
1771 500
1771 501
1771 502
1772 503
1772 504
1772 505
1773 506
1773 507
1774 508
1774 509
1774 510
1775 511
1775 512
1775 513
1776 514
1776 515
1777 516
1777 517
1777 518
1778 519
1778 520
1779 521
1779 522
1779 523
1780 524
1780 525
1780 526
1781 527
1781 528
1782 529
1782 530
1782 531
1783 532
1783 533
1784 534
1784 535
1784 536
1785 537
1785 538
1785 539
1786 540
1786 541
1786 542
1787 543
1787 544
1788 545
1788 546
1788 547
1789 548
1790 549
1791 550
1792 551
1792 552
1793 553
1794 554
1795 555
1796 556
1796 557
1797 558
1798 559
1799 560
1800 561
1800 562
1801 563
1802 564
1803 565
1804 566
1805 567
1805 568
1806 569
1807 570
1808 571
1809 572
1810 573
1811 574
1811 575
1812 576
1813 577
1814 578
1815 578
1816 579
1817 579
1818 580
1819 581
1820 581
1821 582
1822 583
1823 583
1824 584
1825 584
1826 585
1827 585
1828 585
1829 585
1830 586
1831 586
1832 587
1833 587
1834 587
1835 588
1836 588
1837 588
1838 588
1839 588
1840 588
1841 587
1842 587
1843 587
1844 587
1845 587
1846 586
1847 585
1848 584
1849 583
1850 582
1850 581
1851 580
1851 579
1851 578
1852 577
1852 576
1852 575
1853 574
1853 573
1853 572
1854 571
1854 570
1854 569
1855 568
1855 567
1855 566
1855 565
1855 564
1856 563
1856 562
1856 561
1856 560
1856 559
1856 558
1856 557
1857 556
1857 555
1857 554
1857 553
1858 552
1858 551
1858 550
1858 549
1859 548
1859 547
1859 546
1859 545
1859 544
1859 543
1859 542
1859 541
1860 540
1860 539
1860 538
1860 537
1860 536
1860 535
1860 534
1860 533
1860 532
1860 531
1860 530
1861 529
1861 528
1861 527
1861 526
1861 525
1861 524
1861 523
1862 522
1862 521
1862 520
1862 519
1862 518
1862 517
1862 516
1863 515
1863 514
1863 513
1863 512
1863 511
1863 510
1863 509
1863 508
1863 507
1864 506
1864 505
1864 504
1864 503
1864 502
1864 501
1864 500
1865 499
1865 498
1864 497
1864 496
1864 495
1865 494
1865 493
1865 492
1865 491
1865 490
1865 489
1865 488
1865 487
1865 486
1865 485
1865 484
1865 483
1865 482
1865 481
1865 480
1865 479
1866 478
1866 477
1866 476
1866 475
1866 474
1866 473
1866 472
1867 471
1866 470
1866 469
1866 468
1866 467
1866 466
1866 465
1867 464
1867 463
1866 462
1866 461
1866 460
1866 459
1867 458
1867 457
1867 456
1867 455
1867 454
1867 453
1867 452
1867 451
1868 450
1868 449
1868 448
1868 447
1867 446
1868 445
1868 444
1868 443
1868 442
1868 441
1868 440
1868 439
1868 438
1868 437
1868 436
1868 435
1868 434
1868 433
1868 432
1868 431
1869 430
1869 429
1869 428
1869 427
1869 426
1869 425
1869 424
1869 423
1869 422
1869 421
1868 420
1868 419
1868 418
1869 417
1869 416
1869 415
1869 414
1869 413
1868 412
1869 411
1869 410
1869 409
1869 408
1869 407
1869 406
1869 405
1869 404
1869 403
1869 402
1869 401
1869 400
1868 399
1868 398
1868 397
1868 396
1868 395
1868 394
1868 393
1868 392
1868 391
1868 390
1868 389
1868 388
1868 387
1868 386
1868 385
1868 384
1868 383
1868 382
1868 381
1868 380
1868 379
1868 378
1868 377
1868 376
1868 375
1868 374
1868 373
1868 372
1868 371
1867 370
1867 369
1867 368
1867 367
1867 366
1867 365
1867 364
1867 363
1867 362
1867 361
1867 360
1867 359
1867 358
1867 357
1867 356
1867 355
1867 354
1867 353
1867 352
1867 351
1866 350
1866 349
1866 348
1866 347
1866 346
1866 345
1866 344
1865 343
1865 342
1865 341
1865 340
1865 339
1864 338
1864 337
1864 336
1864 335
1863 334
1863 333
1863 332
1863 331
1862 330
1862 329
1861 328
1861 327
1860 326
1859 325
1858 325
1857 324
1856 324
1855 323
1854 322
1853 322
1852 322
1851 321
1850 321
1849 321
1848 321
1847 321
1846 321
1845 321
