1839 27
1838 28
1837 28
1836 28
1835 29
1834 29
1833 29
1832 29
1831 30
1830 30
1829 31
1828 31
1827 32
1826 32
1825 33
1824 33
1823 34
1822 34
1821 35
1820 36
1819 36
1818 37
1817 37
1816 38
1815 39
1814 40
1813 40
1812 41
1811 42
1810 43
1809 44
1808 45
1807 46
1806 47
1805 48
1804 49
1804 50
1803 51
1802 52
1802 53
1801 54
1801 55
1800 56
1800 57
1799 58
1798 59
1798 60
1797 61
1797 62
1796 63
1796 64
1795 65
1795 66
1794 67
1794 68
1793 69
1793 70
1792 71
1791 72
1791 73
1790 74
1790 75
1789 76
1789 77
1788 78
1788 79
1787 80
1787 81
1787 82
1786 83
1786 84
1785 85
1785 86
1784 87
1784 88
1784 89
1784 90
1783 91
1783 92
1783 93
1783 94
1783 95
1782 96
1782 97
1782 98
1782 99
1782 100
1781 101
1781 102
1781 103
1781 104
1781 105
1781 106
1781 107
1781 108
1781 109
1781 110
1782 111
1782 112
1782 113
1783 114
1783 115
1783 116
1783 117
1784 118
1784 119
1784 120
1784 121
1785 122
1785 123
1785 124
1785 125
1786 126
1786 127
1786 128
1786 129
1787 130
1787 131
1787 132
1787 133
1788 134
1788 135
1788 136
1788 137
1789 138
1789 139
1789 140
1789 141
1790 142
1790 143
1790 144
1791 145
1791 146
1792 147
1792 148
1793 149
1793 150
1794 151
1794 152
1795 153
1795 154
1796 155
1796 156
1796 157
1797 158
1797 159
1797 160
1798 161
1798 162
1798 163
1799 164
1799 165
1800 166
1800 167
1800 168
1801 169
1801 170
1801 171
1802 172
1802 173
1802 174
1802 175
1803 176
1803 177
1803 178
1803 179
1804 180
1804 181
1804 182
1804 183
1805 184
1805 185
1805 186
1805 187
1806 188
1806 189
1806 190
1806 191
1807 192
1807 193
1807 194
1807 195
1807 196
1808 197
1808 198
1808 199
1808 200
1809 201
1809 202
1809 203
1809 204
1809 205
1810 206
1810 207
1810 208
1810 209
1811 210
1811 211
1811 212
1811 213
1812 214
1812 215
1812 216
1813 217
1813 218
1813 219
1813 220
1814 221
1814 222
1814 223
1815 224
1815 225
1815 226
1815 227
1816 228
1816 229
1817 230
1817 231
1818 232
1818 233
1819 234
1819 235
1820 236
1821 237
1822 238
1822 239
1823 240
1824 241
1825 242
1826 243
1827 243
1828 244
1829 244
1830 245
1831 245
1832 246
1833 246
1834 247
1835 246
1836 246
1837 245
1838 245
1839 244
1840 244
1841 243
1842 242
1843 242
1843 241
1844 240
1844 239
1845 238
1845 237
1846 236
1846 235
1846 234
1847 233
1847 232
1847 231
1848 230
1848 229
1848 228
1848 227
1849 226
1849 225
1849 224
1849 223
1849 222
1850 221
1850 220
1850 219
1850 218
1850 217
1850 216
1850 215
1850 214
1850 213
1850 212
1850 211
1850 210
1850 209
1850 208
1850 207
1850 206
1850 205
1850 204
1851 203
1851 202
1851 201
1851 200
1851 199
1851 198
1851 197
1852 196
1852 195
1852 194
1852 193
1852 192
1852 191
1852 190
1852 189
1852 188
1853 187
1853 186
1853 185
1853 184
1853 183
1853 182
1853 181
1853 180
1853 179
1853 178
1854 177
1854 176
1854 175
1854 174
1854 173
1854 172
1854 171
1854 170
1854 169
1854 168
1854 167
1854 166
1854 165
1854 164
1854 163
1854 162
1854 161
1855 160
1855 159
1855 158
1855 157
1855 156
1855 155
1855 154
1855 153
1855 152
1855 151
1856 150
1856 149
1856 148
1856 147
1856 146
1856 145
1856 144
1856 143
1856 142
1856 141
1857 140
1857 139
1857 138
1857 137
1857 136
1856 135
1856 134
1856 133
1856 132
1856 131
1856 130
1856 129
1856 128
1856 127
1856 126
1856 125
1856 124
1856 123
1856 122
1856 121
1856 120
1856 119
1856 118
1856 117
1856 116
1856 115
1856 114
1856 113
1856 112
1856 111
1856 110
1856 109
1856 108
1856 107
1856 106
1856 105
1856 104
1856 103
1856 102
1856 101
1856 100
1856 99
1856 98
1856 97
1856 96
1856 95
1856 94
1857 93
1857 92
1857 91
1857 90
1857 89
1857 88
1857 87
1857 86
1857 85
1857 84
1857 83
1856 82
1856 81
1856 80
1856 79
1856 78
1856 77
1856 76
1856 75
1856 74
1856 73
1856 72
1856 71
1856 70
1856 69
1856 68
1856 67
1856 66
1856 65
1856 64
1856 63
1856 62
1855 61
1855 60
1855 59
1855 58
1855 57
1855 56
1855 55
1855 54
1855 53
1855 52
1855 51
1855 50
1854 49
1854 48
1854 47
1854 46
1854 45
1854 44
1854 43
1853 42
1853 41
1853 40
1853 39
1852 38
1852 37
1852 36
1851 35
1851 34
1850 33
1849 32
1849 31
1848 30
1847 29
1846 28
1845 28
1844 28
1843 28
1842 28
1841 27
1840 27
1839 27
