1645 2298
1644 2299
1643 2299
1642 2299
1641 2300
1640 2300
1639 2301
1638 2301
1637 2302
1636 2302
1635 2303
1634 2303
1633 2304
1632 2305
1631 2305
1630 2306
1629 2307
1628 2308
1627 2309
1626 2309
1625 2310
1624 2311
1623 2312
1622 2313
1621 2314
1620 2315
1619 2315
1618 2316
1617 2317
1616 2318
1615 2318
1614 2319
1613 2320
1613 2321
1612 2322
1611 2323
1611 2324
1610 2325
1609 2326
1608 2327
1608 2328
1607 2329
1606 2330
1606 2331
1605 2332
1604 2333
1604 2334
1603 2335
1602 2336
1602 2337
1601 2338
1600 2339
1600 2340
1599 2341
1599 2342
1598 2343
1597 2344
1597 2345
1596 2346
1596 2347
1595 2348
1594 2349
1594 2350
1593 2351
1593 2352
1592 2353
1592 2354
1591 2355
1590 2356
1590 2357
1589 2358
1588 2359
1588 2360
1587 2361
1586 2362
1586 2363
1585 2364
1585 2365
1584 2366
1583 2367
1583 2368
1582 2369
1581 2370
1581 2371
1580 2372
1579 2373
1579 2374
1578 2375
1577 2376
1576 2377
1576 2378
1575 2379
1574 2380
1573 2381
1573 2382
1572 2383
1571 2384
1571 2385
1570 2386
1569 2387
1569 2388
1568 2389
1567 2390
1566 2391
1566 2392
1565 2393
1564 2394
1563 2395
1563 2396
1562 2397
1561 2398
1561 2399
1560 2400
1559 2401
1558 2402
1557 2403
1557 2404
1556 2405
1555 2406
1554 2407
1553 2408
1553 2409
1552 2410
1551 2411
1550 2412
1549 2413
1548 2414
1548 2415
1547 2416
1546 2417
1545 2418
1544 2419
1544 2420
1543 2421
1542 2422
1541 2423
1540 2424
1539 2425
1539 2426
1538 2427
1537 2428
1536 2429
1535 2430
1535 2431
1534 2432
1533 2433
1532 2434
1531 2435
1530 2436
1530 2437
1529 2438
1528 2439
1527 2440
1526 2441
1526 2442
1525 2443
1524 2444
1523 2445
1523 2446
1522 2447
1521 2448
1521 2449
1520 2450
1520 2451
1519 2452
1518 2453
1518 2454
1518 2455
1517 2456
1517 2457
1517 2458
1517 2459
1517 2460
1517 2461
1517 2462
1516 2463
1516 2464
1516 2465
1516 2466
1516 2467
1516 2468
1516 2469
1516 2470
1517 2471
1517 2472
1517 2473
1517 2474
1517 2475
1517 2476
1518 2477
1518 2478
1518 2479
1518 2480
1518 2481
1518 2482
1518 2483
1519 2484
1519 2485
1519 2486
1519 2487
1519 2488
1519 2489
1519 2490
1520 2491
1520 2492
1520 2493
1520 2494
1521 2495
1521 2496
1521 2497
1521 2498
1521 2499
1521 2500
1521 2501
1522 2502
1522 2503
1522 2504
1522 2505
1523 2506
1523 2507
1523 2508
1523 2509
1523 2510
1523 2511
1523 2512
1523 2513
1524 2514
1524 2515
1524 2516
1524 2517
1524 2518
1525 2519
1525 2520
1525 2521
1525 2522
1525 2523
1525 2524
1525 2525
1526 2526
1526 2527
1526 2528
1526 2529
1527 2530
1527 2531
1527 2532
1527 2533
1527 2534
1527 2535
1528 2536
1528 2537
1528 2538
1528 2539
1528 2540
1529 2541
1529 2542
1529 2543
1529 2544
1529 2545
1529 2546
1529 2547
1529 2548
1530 2549
1530 2550
1530 2551
1530 2552
1530 2553
1530 2554
1530 2555
1531 2556
1531 2557
1531 2558
1532 2559
1532 2560
1532 2561
1533 2562
1533 2563
1533 2564
1534 2565
1534 2566
1535 2567
1536 2568
1536 2569
1537 2570
1537 2571
1538 2572
1538 2573
1539 2574
1540 2575
1540 2576
1541 2577
1542 2578
1542 2579
1543 2580
1543 2581
1544 2582
1545 2583
1545 2584
1546 2585
1546 2586
1547 2587
1548 2588
1548 2589
1549 2590
1550 2591
1550 2592
1551 2593
1551 2594
1552 2595
1553 2596
1553 2597
1554 2598
1554 2599
1555 2600
1556 2601
1556 2602
1557 2603
1558 2604
1558 2605
1559 2606
1560 2607
1560 2608
1561 2609
1562 2610
1562 2611
1563 2612
1563 2613
1564 2614
1565 2615
1566 2616
1566 2617
1567 2618
1567 2619
1568 2620
1569 2621
1569 2622
1570 2623
1571 2624
1572 2625
1573 2626
1574 2627
1575 2628
1576 2629
1577 2630
1578 2631
1579 2632
1580 2633
1581 2634
1582 2634
1583 2635
1584 2636
1585 2637
1586 2637
1587 2638
1588 2639
1589 2639
1590 2640
1591 2640
1592 2641
1593 2641
1594 2642
1595 2642
1596 2643
1597 2644
1598 2644
1599 2645
1600 2645
1601 2646
1602 2647
1603 2647
1604 2648
1605 2648
1606 2649
1607 2649
1608 2650
1609 2651
1610 2651
1611 2652
1612 2652
1613 2653
1614 2653
1615 2654
1616 2654
1617 2655
1618 2655
1619 2656
1620 2656
1621 2657
1622 2657
1623 2658
1624 2658
1625 2658
1626 2658
1627 2659
1628 2659
1629 2659
1630 2660
1631 2660
1632 2660
1633 2661
1634 2661
1635 2661
1636 2661
1637 2662
1638 2662
1639 2662
1640 2663
1641 2663
1642 2663
1643 2664
1644 2664
1645 2664
1646 2664
1647 2665
1648 2665
1649 2665
1650 2666
1651 2666
1652 2666
1653 2667
1654 2667
1655 2667
1656 2667
1657 2666
1658 2666
1659 2666
1660 2666
1661 2665
1662 2665
1663 2665
1664 2664
1665 2663
1666 2663
1667 2662
1668 2661
1669 2660
1670 2659
1670 2658
1671 2657
1671 2656
1671 2655
1672 2654
1672 2653
1673 2652
1673 2651
1673 2650
1673 2649
1674 2648
1674 2647
1674 2646
1674 2645
1674 2644
1674 2643
1674 2642
1674 2641
1675 2640
1675 2639
1675 2638
1675 2637
1675 2636
1675 2635
1675 2634
1675 2633
1675 2632
1676 2631
1676 2630
1676 2629
1676 2628
1676 2627
1676 2626
1676 2625
1676 2624
1677 2623
1677 2622
1677 2621
1677 2620
1677 2619
1677 2618
1677 2617
1677 2616
1677 2615
1677 2614
1677 2613
1677 2612
1677 2611
1678 2610
1678 2609
1678 2608
1678 2607
1678 2606
1678 2605
1678 2604
1678 2603
1678 2602
1679 2601
1679 2600
1679 2599
1679 2598
1679 2597
1679 2596
1679 2595
1679 2594
1679 2593
1679 2592
1679 2591
1679 2590
1679 2589
1679 2588
1680 2587
1680 2586
1680 2585
1680 2584
1680 2583
1680 2582
1680 2581
1680 2580
1680 2579
1680 2578
1680 2577
1680 2576
1680 2575
1680 2574
1680 2573
1680 2572
1680 2571
1680 2570
1680 2569
1680 2568
1680 2567
1680 2566
1680 2565
1680 2564
1680 2563
1680 2562
1680 2561
1680 2560
1680 2559
1680 2558
1680 2557
1680 2556
1680 2555
1680 2554
1680 2553
1680 2552
1681 2551
1681 2550
1680 2549
1680 2548
1680 2547
1680 2546
1680 2545
1680 2544
1680 2543
1681 2542
1681 2541
1681 2540
1681 2539
1680 2538
1680 2537
1680 2536
1680 2535
1680 2534
1680 2533
1680 2532
1680 2531
1680 2530
1680 2529
1680 2528
1680 2527
1680 2526
1680 2525
1680 2524
1680 2523
1680 2522
1680 2521
1680 2520
1680 2519
1680 2518
1680 2517
1680 2516
1680 2515
1680 2514
1680 2513
1680 2512
1680 2511
1680 2510
1680 2509
1680 2508
1680 2507
1680 2506
1680 2505
1680 2504
1680 2503
1680 2502
1680 2501
1680 2500
1680 2499
1680 2498
1680 2497
1680 2496
1680 2495
1680 2494
1680 2493
1680 2492
1680 2491
1680 2490
1680 2489
1680 2488
1680 2487
1680 2486
1680 2485
1680 2484
1680 2483
1679 2482
1679 2481
1679 2480
1679 2479
1679 2478
1679 2477
1679 2476
1679 2475
1679 2474
1679 2473
1679 2472
1679 2471
1679 2470
1679 2469
1679 2468
1679 2467
1679 2466
1679 2465
1679 2464
1679 2463
1678 2462
1678 2461
1678 2460
1678 2459
1678 2458
1678 2457
1678 2456
1678 2455
1678 2454
1678 2453
1678 2452
1678 2451
1678 2450
1678 2449
1677 2448
1677 2447
1678 2446
1678 2445
1678 2444
1678 2443
1678 2442
1677 2441
1677 2440
1677 2439
1677 2438
1677 2437
1677 2436
1677 2435
1677 2434
1677 2433
1677 2432
1676 2431
1676 2430
1676 2429
1676 2428
1676 2427
1676 2426
1676 2425
1676 2424
1676 2423
1676 2422
1676 2421
1675 2420
1675 2419
1675 2418
1675 2417
1675 2416
1675 2415
1675 2414
1675 2413
1675 2412
1675 2411
1675 2410
1674 2409
1674 2408
1674 2407
1674 2406
1674 2405
1674 2404
1674 2403
1674 2402
1674 2401
1674 2400
1674 2399
1673 2398
1673 2397
1673 2396
1673 2395
1673 2394
1673 2393
1674 2392
1673 2391
1673 2390
1673 2389
1673 2388
1673 2387
1673 2386
1673 2385
1673 2384
1673 2383
1673 2382
1673 2381
1673 2380
1673 2379
1673 2378
1672 2377
1672 2376
1672 2375
1672 2374
1672 2373
1672 2372
1672 2371
1672 2370
1672 2369
1672 2368
1671 2367
1671 2366
1671 2365
1671 2364
1670 2363
1670 2362
1670 2361
1670 2360
1670 2359
1670 2358
1670 2357
1670 2356
1669 2355
1669 2354
1669 2353
1668 2352
1668 2351
1668 2350
1668 2349
1668 2348
1668 2347
1668 2346
1668 2345
1668 2344
1668 2343
1667 2342
1667 2341
1667 2340
1667 2339
1667 2338
1667 2337
1667 2336
1667 2335
1666 2334
1666 2333
1666 2332
1665 2331
1665 2330
1665 2329
1665 2328
1665 2327
1665 2326
1664 2325
1664 2324
1664 2323
1663 2322
1663 2321
1663 2320
1663 2319
1663 2318
1662 2317
1662 2316
1662 2315
1662 2314
1661 2313
1661 2312
1660 2311
1660 2310
1660 2309
1659 2308
1659 2307
1659 2306
1658 2305
1658 2304
1657 2303
1656 2302
1655 2302
1654 2301
1653 2301
1652 2300
1651 2300
1650 2299
1649 2298
1648 2298
1647 2298
1646 2298
1645 2298
