1625 2100
1624 2101
1623 2101
1622 2101
1621 2102
1620 2103
1619 2103
1618 2104
1617 2105
1616 2105
1615 2106
1614 2107
1613 2108
1613 2109
1612 2110
1611 2111
1610 2112
1610 2113
1609 2114
1609 2115
1608 2116
1608 2117
1607 2118
1607 2119
1606 2120
1606 2121
1605 2122
1605 2123
1604 2124
1604 2125
1604 2126
1603 2127
1603 2128
1603 2129
1602 2130
1602 2131
1602 2132
1601 2133
1601 2134
1600 2135
1600 2136
1599 2137
1599 2138
1598 2139
1598 2140
1597 2141
1597 2142
1596 2143
1596 2144
1595 2145
1595 2146
1594 2147
1593 2148
1593 2149
1592 2150
1592 2151
1591 2152
1591 2153
1590 2154
1590 2155
1589 2156
1589 2157
1589 2158
1588 2159
1588 2160
1588 2161
1588 2162
1588 2163
1588 2164
1588 2165
1587 2166
1587 2167
1587 2168
1587 2169
1588 2170
1588 2171
1588 2172
1588 2173
1589 2174
1589 2175
1589 2176
1589 2177
1590 2178
1590 2179
1590 2180
1590 2181
1591 2182
1591 2183
1591 2184
1591 2185
1591 2186
1591 2187
1592 2188
1592 2189
1592 2190
1592 2191
1592 2192
1592 2193
1593 2194
1593 2195
1593 2196
1593 2197
1593 2198
1594 2199
1594 2200
1594 2201
1594 2202
1594 2203
1595 2204
1595 2205
1595 2206
1595 2207
1596 2208
1596 2209
1596 2210
1596 2211
1596 2212
1596 2213
1597 2214
1597 2215
1597 2216
1597 2217
1597 2218
1597 2219
1598 2220
1598 2221
1598 2222
1598 2223
1598 2224
1599 2225
1599 2226
1599 2227
1599 2228
1599 2229
1600 2230
1600 2231
1600 2232
1600 2233
1601 2234
1601 2235
1601 2236
1601 2237
1602 2238
1602 2239
1602 2240
1602 2241
1603 2242
1603 2243
1603 2244
1604 2245
1605 2246
1606 2247
1606 2248
1607 2249
1608 2250
1609 2251
1610 2252
1611 2253
1612 2254
1613 2255
1614 2256
1615 2257
1616 2258
1617 2259
1618 2259
1619 2259
1620 2260
1621 2260
1622 2260
1623 2261
1624 2261
1625 2261
1626 2261
1627 2261
1628 2260
1629 2259
1630 2258
1631 2257
1632 2256
1633 2256
1634 2255
1635 2254
1636 2254
1637 2253
1638 2252
1638 2251
1639 2250
1639 2249
1639 2248
1640 2247
1640 2246
1640 2245
1640 2244
1641 2243
1641 2242
1641 2241
1641 2240
1641 2239
1641 2238
1642 2237
1642 2236
1642 2235
1642 2234
1642 2233
1642 2232
1643 2231
1643 2230
1643 2229
1643 2228
1643 2227
1644 2226
1644 2225
1644 2224
1644 2223
1644 2222
1644 2221
1645 2220
1645 2219
1645 2218
1645 2217
1645 2216
1645 2215
1645 2214
1645 2213
1645 2212
1645 2211
1645 2210
1645 2209
1645 2208
1645 2207
1645 2206
1645 2205
1645 2204
1645 2203
1645 2202
1645 2201
1645 2200
1645 2199
1645 2198
1645 2197
1645 2196
1645 2195
1645 2194
1645 2193
1645 2192
1645 2191
1645 2190
1645 2189
1645 2188
1645 2187
1645 2186
1645 2185
1645 2184
1645 2183
1645 2182
1645 2181
1645 2180
1645 2179
1645 2178
1645 2177
1645 2176
1645 2175
1645 2174
1645 2173
1645 2172
1645 2171
1645 2170
1644 2169
1644 2168
1644 2167
1644 2166
1644 2165
1644 2164
1644 2163
1645 2162
1645 2161
1645 2160
1645 2159
1645 2158
1645 2157
1645 2156
1645 2155
1645 2154
1645 2153
1645 2152
1645 2151
1645 2150
1645 2149
1645 2148
1645 2147
1645 2146
1645 2145
1645 2144
1645 2143
1645 2142
1645 2141
1645 2140
1645 2139
1645 2138
1645 2137
1645 2136
1645 2135
1645 2134
1645 2133
1645 2132
1645 2131
1645 2130
1645 2129
1645 2128
1645 2127
1645 2126
1645 2125
1645 2124
1645 2123
1645 2122
1645 2121
1644 2120
1644 2119
1644 2118
1644 2117
1644 2116
1643 2115
1643 2114
1643 2113
1643 2112
1642 2111
1642 2110
1641 2109
1641 2108
1640 2107
1640 2106
1639 2105
1638 2104
1638 2103
1637 2102
1636 2101
1636 2100
1635 2100
1634 2100
1633 2100
1632 2100
1631 2100
1630 2100
1629 2100
1628 2100
1627 2100
1626 2100
1625 2100
