1652 1861
1651 1862
1650 1862
1649 1862
1648 1863
1647 1863
1646 1863
1645 1864
1644 1864
1643 1864
1642 1865
1641 1865
1640 1865
1639 1866
1638 1866
1637 1866
1636 1867
1635 1867
1634 1867
1633 1868
1632 1868
1631 1868
1630 1869
1629 1869
1628 1869
1627 1870
1626 1870
1625 1871
1624 1871
1623 1871
1622 1872
1621 1872
1620 1872
1619 1873
1618 1874
1617 1874
1616 1875
1615 1875
1614 1876
1613 1876
1612 1877
1611 1878
1610 1878
1609 1879
1608 1879
1607 1880
1606 1880
1605 1881
1604 1881
1603 1882
1602 1883
1601 1883
1600 1884
1599 1885
1598 1885
1597 1886
1596 1887
1596 1888
1595 1889
1594 1890
1594 1891
1593 1892
1592 1893
1592 1894
1591 1895
1590 1896
1590 1897
1589 1898
1588 1899
1587 1900
1587 1901
1586 1902
1585 1903
1585 1904
1584 1905
1584 1906
1583 1907
1582 1908
1582 1909
1581 1910
1581 1911
1580 1912
1580 1913
1579 1914
1578 1915
1578 1916
1577 1917
1577 1918
1576 1919
1576 1920
1575 1921
1575 1922
1574 1923
1573 1924
1573 1925
1572 1926
1572 1927
1571 1928
1571 1929
1570 1930
1570 1931
1569 1932
1569 1933
1569 1934
1568 1935
1568 1936
1567 1937
1567 1938
1567 1939
1566 1940
1566 1941
1565 1942
1565 1943
1565 1944
1564 1945
1564 1946
1563 1947
1563 1948
1563 1949
1562 1950
1562 1951
1561 1952
1561 1953
1561 1954
1561 1955
1560 1956
1560 1957
1560 1958
1559 1959
1559 1960
1559 1961
1559 1962
1559 1963
1559 1964
1559 1965
1559 1966
1559 1967
1559 1968
1559 1969
1559 1970
1559 1971
1559 1972
1559 1973
1559 1974
1559 1975
1559 1976
1559 1977
1560 1978
1561 1979
1561 1980
1562 1981
1562 1982
1563 1983
1564 1984
1564 1985
1565 1986
1565 1987
1566 1988
1566 1989
1567 1990
1567 1991
1568 1992
1568 1993
1569 1994
1569 1995
1570 1996
1571 1997
1571 1998
1572 1999
1572 2000
1573 2001
1574 2002
1575 2002
1576 2003
1577 2004
1578 2005
1579 2006
1580 2006
1581 2007
1582 2008
1583 2008
1584 2009
1585 2009
1586 2009
1587 2010
1588 2010
1589 2011
1590 2011
1591 2012
1592 2012
1593 2013
1594 2013
1595 2013
1596 2014
1597 2014
1598 2015
1599 2015
1600 2016
1601 2016
1602 2016
1603 2017
1604 2017
1605 2018
1606 2018
1607 2019
1608 2019
1609 2020
1610 2020
1611 2020
1612 2021
1613 2021
1614 2021
1615 2022
1616 2022
1617 2022
1618 2023
1619 2023
1620 2023
1621 2024
1622 2024
1623 2024
1624 2024
1625 2025
1626 2025
1627 2025
1628 2025
1629 2025
1630 2025
1631 2026
1632 2026
1633 2026
1634 2026
1635 2026
1636 2027
1637 2027
1638 2027
1639 2027
1640 2027
1641 2028
1642 2028
1643 2028
1644 2028
1645 2029
1646 2029
1647 2029
1648 2028
1649 2028
1650 2027
1651 2027
1652 2027
1653 2026
1654 2026
1655 2025
1656 2025
1657 2025
1658 2024
1659 2024
1660 2023
1661 2023
1662 2023
1663 2022
1664 2021
1665 2020
1666 2019
1666 2018
1667 2017
1668 2016
1669 2015
1670 2014
1670 2013
1670 2012
1670 2011
1670 2010
1671 2009
1671 2008
1671 2007
1671 2006
1671 2005
1671 2004
1672 2003
1672 2002
1672 2001
1672 2000
1672 1999
1672 1998
1672 1997
1672 1996
1672 1995
1672 1994
1672 1993
1672 1992
1672 1991
1672 1990
1672 1989
1672 1988
1672 1987
1672 1986
1672 1985
1672 1984
1672 1983
1672 1982
1672 1981
1672 1980
1672 1979
1672 1978
1672 1977
1672 1976
1672 1975
1673 1974
1673 1973
1673 1972
1673 1971
1673 1970
1673 1969
1673 1968
1673 1967
1673 1966
1673 1965
1673 1964
1673 1963
1673 1962
1673 1961
1673 1960
1673 1959
1673 1958
1673 1957
1672 1956
1672 1955
1673 1954
1673 1953
1673 1952
1673 1951
1673 1950
1673 1949
1673 1948
1673 1947
1673 1946
1673 1945
1673 1944
1673 1943
1673 1942
1673 1941
1673 1940
1673 1939
1673 1938
1673 1937
1673 1936
1673 1935
1673 1934
1673 1933
1673 1932
1673 1931
1673 1930
1673 1929
1673 1928
1673 1927
1673 1926
1673 1925
1673 1924
1672 1923
1672 1922
1672 1921
1672 1920
1673 1919
1673 1918
1673 1917
1673 1916
1673 1915
1673 1914
1673 1913
1673 1912
1673 1911
1673 1910
1673 1909
1673 1908
1673 1907
1673 1906
1673 1905
1672 1904
1672 1903
1672 1902
1672 1901
1672 1900
1672 1899
1672 1898
1672 1897
1672 1896
1672 1895
1672 1894
1672 1893
1671 1892
1671 1891
1671 1890
1671 1889
1671 1888
1671 1887
1671 1886
1671 1885
1671 1884
1671 1883
1671 1882
1671 1881
1671 1880
1671 1879
1670 1878
1670 1877
1670 1876
1670 1875
1670 1874
1670 1873
1669 1872
1669 1871
1669 1870
1669 1869
1668 1868
1668 1867
1668 1866
1667 1865
1666 1865
1665 1864
1664 1863
1663 1862
1662 1861
1661 1861
1660 1861
1659 1861
1658 1861
1657 1861
1656 1861
1655 1861
1654 1861
1653 1861
1652 1861
