1629 1662
1628 1663
1627 1664
1626 1664
1625 1665
1624 1665
1623 1666
1622 1667
1621 1667
1620 1668
1619 1668
1618 1669
1617 1670
1616 1671
1615 1671
1614 1672
1613 1673
1612 1674
1611 1675
1610 1675
1609 1676
1609 1677
1608 1678
1607 1679
1606 1680
1605 1681
1604 1682
1603 1683
1602 1684
1601 1685
1600 1686
1599 1687
1598 1688
1597 1689
1596 1690
1595 1691
1594 1692
1593 1693
1592 1694
1592 1695
1591 1696
1590 1697
1590 1698
1589 1699
1589 1700
1589 1701
1588 1702
1588 1703
1588 1704
1588 1705
1588 1706
1587 1707
1588 1708
1588 1709
1588 1710
1588 1711
1589 1712
1589 1713
1589 1714
1589 1715
1590 1716
1590 1717
1590 1718
1591 1719
1591 1720
1592 1721
1592 1722
1592 1723
1593 1724
1593 1725
1593 1726
1594 1727
1594 1728
1595 1729
1595 1730
1595 1731
1596 1732
1596 1733
1596 1734
1596 1735
1597 1736
1597 1737
1598 1738
1598 1739
1598 1740
1599 1741
1599 1742
1599 1743
1600 1744
1600 1745
1601 1746
1601 1747
1601 1748
1602 1749
1602 1750
1602 1751
1603 1752
1604 1753
1604 1754
1604 1755
1605 1756
1605 1757
1605 1758
1606 1759
1606 1760
1607 1761
1607 1762
1607 1763
1608 1764
1608 1765
1609 1766
1609 1767
1609 1768
1610 1769
1610 1770
1611 1771
1611 1772
1612 1773
1612 1774
1613 1775
1613 1776
1614 1777
1614 1778
1614 1779
1615 1780
1615 1781
1616 1782
1617 1783
1617 1784
1618 1785
1618 1786
1619 1787
1620 1788
1621 1789
1622 1790
1623 1791
1624 1792
1625 1793
1626 1794
1627 1795
1628 1795
1629 1796
1630 1797
1631 1797
1632 1798
1633 1798
1634 1799
1635 1799
1636 1799
1637 1799
1638 1799
1639 1799
1640 1799
1641 1799
1642 1799
1643 1799
1644 1799
1645 1799
1646 1799
1647 1798
1647 1797
1648 1796
1649 1795
1649 1794
1650 1793
1650 1792
1651 1791
1652 1790
1652 1789
1652 1788
1652 1787
1652 1786
1652 1785
1652 1784
1652 1783
1652 1782
1652 1781
1653 1780
1653 1779
1653 1778
1653 1777
1653 1776
1653 1775
1654 1774
1654 1773
1654 1772
1654 1771
1654 1770
1654 1769
1654 1768
1655 1767
1655 1766
1655 1765
1655 1764
1655 1763
1655 1762
1655 1761
1655 1760
1655 1759
1655 1758
1655 1757
1655 1756
1655 1755
1655 1754
1655 1753
1654 1752
1654 1751
1654 1750
1654 1749
1654 1748
1654 1747
1655 1746
1655 1745
1655 1744
1655 1743
1655 1742
1655 1741
1655 1740
1655 1739
1655 1738
1655 1737
1655 1736
1655 1735
1655 1734
1655 1733
1655 1732
1655 1731
1655 1730
1655 1729
1655 1728
1655 1727
1655 1726
1655 1725
1655 1724
1655 1723
1655 1722
1655 1721
1655 1720
1655 1719
1655 1718
1655 1717
1655 1716
1655 1715
1654 1714
1655 1713
1655 1712
1654 1711
1654 1710
1654 1709
1654 1708
1654 1707
1653 1706
1653 1705
1653 1704
1653 1703
1653 1702
1653 1701
1653 1700
1653 1699
1653 1698
1653 1697
1653 1696
1653 1695
1652 1694
1652 1693
1652 1692
1652 1691
1651 1690
1651 1689
1651 1688
1651 1687
1651 1686
1651 1685
1651 1684
1650 1683
1650 1682
1650 1681
1650 1680
1650 1679
1650 1678
1649 1677
1649 1676
1649 1675
1649 1674
1649 1673
1649 1672
1648 1671
1648 1670
1647 1669
1646 1668
1645 1667
1645 1666
1644 1665
1643 1664
1643 1663
1642 1662
1641 1662
1640 1662
1639 1662
1638 1662
1637 1662
1636 1662
1635 1662
1634 1662
1633 1662
1632 1662
1631 1662
1630 1662
1629 1662
