1648 1416
1647 1417
1646 1417
1645 1417
1644 1417
1643 1417
1642 1417
1641 1417
1640 1418
1639 1418
1638 1419
1637 1419
1636 1420
1635 1420
1634 1421
1633 1421
1632 1422
1631 1423
1630 1424
1629 1424
1628 1425
1627 1426
1626 1427
1625 1428
1624 1429
1624 1430
1623 1431
1622 1432
1621 1433
1621 1434
1620 1435
1619 1436
1619 1437
1618 1438
1617 1439
1616 1440
1616 1441
1615 1442
1614 1443
1613 1444
1613 1445
1612 1446
1611 1447
1611 1448
1610 1449
1609 1450
1609 1451
1608 1452
1608 1453
1607 1454
1606 1455
1606 1456
1605 1457
1605 1458
1604 1459
1604 1460
1604 1461
1603 1462
1603 1463
1603 1464
1603 1465
1603 1466
1603 1467
1602 1468
1602 1469
1602 1470
1602 1471
1602 1472
1602 1473
1602 1474
1601 1475
1601 1476
1601 1477
1601 1478
1601 1479
1601 1480
1601 1481
1600 1482
1600 1483
1600 1484
1600 1485
1600 1486
1601 1487
1601 1488
1601 1489
1601 1490
1601 1491
1602 1492
1602 1493
1602 1494
1602 1495
1602 1496
1602 1497
1602 1498
1602 1499
1602 1500
1602 1501
1602 1502
1602 1503
1602 1504
1602 1505
1602 1506
1603 1507
1603 1508
1603 1509
1603 1510
1603 1511
1603 1512
1603 1513
1603 1514
1603 1515
1604 1516
1604 1517
1604 1518
1604 1519
1605 1520
1605 1521
1605 1522
1606 1523
1606 1524
1607 1525
1607 1526
1608 1527
1608 1528
1609 1529
1610 1530
1610 1531
1611 1532
1612 1533
1613 1534
1614 1535
1615 1536
1616 1537
1617 1538
1617 1539
1618 1540
1618 1541
1619 1542
1620 1543
1620 1544
1621 1545
1621 1546
1621 1547
1622 1548
1622 1549
1622 1550
1623 1551
1623 1552
1623 1553
1624 1554
1624 1555
1625 1556
1625 1557
1626 1558
1626 1559
1627 1560
1628 1561
1629 1562
1630 1563
1631 1563
1632 1564
1633 1565
1634 1566
1635 1566
1636 1567
1637 1568
1638 1568
1639 1569
1640 1570
1641 1571
1642 1572
1643 1572
1644 1573
1645 1574
1646 1574
1647 1574
1648 1573
1649 1573
1650 1572
1651 1572
1652 1572
1653 1571
1654 1571
1655 1571
1656 1571
1657 1570
1657 1569
1658 1568
1658 1567
1659 1566
1659 1565
1659 1564
1660 1563
1660 1562
1660 1561
1661 1560
1661 1559
1661 1558
1661 1557
1662 1556
1662 1555
1662 1554
1662 1553
1662 1552
1662 1551
1662 1550
1663 1549
1663 1548
1663 1547
1663 1546
1663 1545
1663 1544
1664 1543
1664 1542
1664 1541
1664 1540
1664 1539
1664 1538
1664 1537
1665 1536
1665 1535
1665 1534
1665 1533
1665 1532
1665 1531
1665 1530
1665 1529
1665 1528
1665 1527
1665 1526
1665 1525
1665 1524
1665 1523
1665 1522
1665 1521
1665 1520
1665 1519
1665 1518
1665 1517
1665 1516
1665 1515
1665 1514
1665 1513
1665 1512
1665 1511
1665 1510
1665 1509
1665 1508
1665 1507
1666 1506
1666 1505
1666 1504
1666 1503
1666 1502
1666 1501
1666 1500
1666 1499
1666 1498
1666 1497
1666 1496
1666 1495
1666 1494
1666 1493
1666 1492
1666 1491
1666 1490
1666 1489
1666 1488
1665 1487
1665 1486
1665 1485
1665 1484
1665 1483
1665 1482
1665 1481
1664 1480
1664 1479
1664 1478
1664 1477
1664 1476
1664 1475
1664 1474
1664 1473
1664 1472
1664 1471
1664 1470
1664 1469
1664 1468
1665 1467
1665 1466
1665 1465
1665 1464
1664 1463
1664 1462
1664 1461
1664 1460
1664 1459
1664 1458
1664 1457
1663 1456
1663 1455
1663 1454
1663 1453
1663 1452
1663 1451
1662 1450
1662 1449
1662 1448
1662 1447
1662 1446
1662 1445
1662 1444
1662 1443
1661 1442
1661 1441
1661 1440
1661 1439
1660 1438
1660 1437
1660 1436
1660 1435
1660 1434
1660 1433
1659 1432
1659 1431
1659 1430
1659 1429
1659 1428
1658 1427
1658 1426
1657 1425
1657 1424
1656 1423
1656 1422
1656 1421
1655 1420
1655 1419
1654 1418
1653 1418
1652 1417
1651 1417
1650 1416
1649 1416
1648 1416
