1681 936
1680 937
1679 937
1678 937
1677 937
1676 937
1675 937
1674 937
1673 937
1672 937
1671 938
1670 938
1669 938
1668 938
1667 938
1666 939
1665 940
1664 940
1663 941
1662 942
1661 943
1660 944
1659 944
1658 945
1657 946
1656 947
1655 948
1654 949
1653 950
1652 951
1651 952
1651 953
1650 954
1649 955
1648 956
1648 957
1647 958
1646 959
1645 960
1645 961
1644 962
1643 963
1643 964
1642 965
1641 966
1641 967
1640 968
1639 969
1639 970
1638 971
1637 972
1637 973
1636 974
1635 975
1635 976
1634 977
1633 978
1633 979
1632 980
1631 981
1631 982
1630 983
1629 984
1629 985
1628 986
1627 987
1627 988
1626 989
1625 990
1624 991
1624 992
1623 993
1622 994
1622 995
1621 996
1620 997
1619 998
1619 999
1618 1000
1617 1001
1617 1002
1616 1003
1615 1004
1615 1005
1614 1006
1613 1007
1612 1008
1612 1009
1611 1010
1610 1011
1610 1012
1609 1013
1608 1014
1608 1015
1607 1016
1606 1017
1605 1018
1604 1019
1603 1020
1603 1021
1602 1022
1601 1023
1600 1024
1600 1025
1599 1026
1598 1027
1597 1028
1596 1029
1596 1030
1595 1031
1594 1032
1593 1033
1593 1034
1592 1035
1591 1036
1590 1037
1589 1038
1588 1039
1588 1040
1587 1041
1586 1042
1586 1043
1585 1044
1584 1045
1583 1046
1582 1047
1581 1048
1581 1049
1580 1050
1579 1051
1578 1052
1578 1053
1577 1054
1576 1055
1575 1056
1575 1057
1574 1058
1573 1059
1572 1060
1572 1061
1571 1062
1570 1063
1569 1064
1569 1065
1568 1066
1567 1067
1566 1068
1565 1069
1565 1070
1564 1071
1563 1072
1562 1073
1561 1074
1560 1075
1559 1076
1558 1077
1557 1078
1556 1079
1555 1080
1554 1081
1553 1082
1552 1083
1551 1084
1550 1085
1549 1086
1548 1087
1547 1088
1547 1089
1546 1090
1545 1091
1544 1092
1543 1093
1542 1094
1542 1095
1541 1096
1540 1097
1540 1098
1539 1099
1539 1100
1539 1101
1539 1102
1539 1103
1539 1104
1538 1105
1538 1106
1538 1107
1538 1108
1538 1109
1538 1110
1538 1111
1539 1112
1539 1113
1540 1114
1540 1115
1541 1116
1541 1117
1542 1118
1542 1119
1543 1120
1543 1121
1544 1122
1545 1123
1545 1124
1546 1125
1546 1126
1547 1127
1548 1128
1548 1129
1549 1130
1550 1131
1551 1132
1551 1133
1552 1134
1552 1135
1553 1136
1553 1137
1554 1138
1555 1139
1555 1140
1556 1141
1557 1142
1557 1143
1558 1144
1558 1145
1559 1146
1560 1147
1560 1148
1561 1149
1561 1150
1562 1151
1563 1152
1563 1153
1564 1154
1564 1155
1565 1156
1565 1157
1566 1158
1566 1159
1567 1160
1567 1161
1568 1162
1569 1163
1569 1164
1569 1165
1570 1166
1570 1167
1571 1168
1571 1169
1572 1170
1572 1171
1573 1172
1573 1173
1574 1174
1574 1175
1575 1176
1575 1177
1576 1178
1576 1179
1577 1180
1577 1181
1578 1182
1578 1183
1578 1184
1579 1185
1579 1186
1580 1187
1580 1188
1580 1189
1581 1190
1581 1191
1582 1192
1582 1193
1583 1194
1583 1195
1584 1196
1584 1197
1584 1198
1585 1199
1586 1200
1586 1201
1586 1202
1587 1203
1588 1204
1588 1205
1589 1206
1589 1207
1590 1208
1590 1209
1591 1210
1591 1211
1592 1212
1592 1213
1593 1214
1593 1215
1594 1216
1594 1217
1595 1218
1595 1219
1596 1220
1596 1221
1597 1222
1597 1223
1598 1224
1598 1225
1599 1226
1599 1227
1599 1228
1600 1229
1600 1230
1601 1231
1601 1232
1602 1233
1602 1234
1603 1235
1603 1236
1604 1237
1604 1238
1605 1239
1605 1240
1606 1241
1607 1242
1607 1243
1608 1244
1608 1245
1608 1246
1609 1247
1609 1248
1610 1249
1610 1250
1611 1251
1611 1252
1612 1253
1612 1254
1613 1255
1613 1256
1614 1257
1614 1258
1615 1259
1615 1260
1616 1261
1616 1262
1617 1263
1617 1264
1618 1265
1618 1266
1618 1267
1619 1268
1619 1269
1619 1270
1620 1271
1620 1272
1621 1273
1621 1274
1622 1275
1622 1276
1623 1277
1623 1278
1623 1279
1624 1280
1624 1281
1624 1282
1625 1283
1625 1284
1626 1285
1626 1286
1627 1287
1627 1288
1628 1289
1628 1290
1628 1291
1629 1292
1629 1293
1630 1294
1630 1295
1631 1296
1631 1297
1632 1298
1632 1299
1633 1300
1633 1301
1634 1302
1634 1303
1635 1304
1635 1305
1636 1306
1636 1307
1637 1308
1637 1309
1638 1310
1638 1311
1638 1312
1639 1313
1640 1314
1640 1315
1641 1316
1641 1317
1642 1318
1642 1319
1642 1320
1643 1321
1643 1322
1644 1323
1644 1324
1645 1325
1645 1326
1646 1327
1647 1328
1647 1329
1648 1330
1649 1331
1649 1332
1650 1333
1651 1334
1652 1335
1653 1336
1654 1337
1655 1338
1656 1339
1657 1339
1658 1339
1659 1339
1660 1339
1661 1339
1662 1339
1663 1339
1664 1339
1665 1339
1666 1339
1667 1338
1668 1338
1669 1337
1670 1337
1671 1336
1672 1335
1673 1335
1674 1334
1675 1333
1676 1333
1677 1332
1678 1331
1679 1330
1680 1329
1681 1328
1682 1327
1683 1326
1684 1325
1685 1324
1686 1324
1686 1323
1687 1322
1688 1321
1689 1320
1690 1319
1690 1318
1691 1317
1692 1316
1693 1315
1694 1314
1694 1313
1695 1312
1696 1311
1697 1310
1697 1309
1698 1308
1699 1307
1700 1306
1701 1305
1701 1304
1702 1303
1702 1302
1702 1301
1703 1300
1703 1299
1704 1298
1704 1297
1704 1296
1705 1295
1705 1294
1705 1293
1705 1292
1705 1291
1705 1290
1705 1289
1706 1288
1706 1287
1706 1286
1706 1285
1706 1284
1706 1283
1706 1282
1707 1281
1707 1280
1707 1279
1707 1278
1707 1277
1708 1276
1708 1275
1708 1274
1708 1273
1708 1272
1708 1271
1708 1270
1708 1269
1708 1268
1709 1267
1709 1266
1709 1265
1709 1264
1709 1263
1709 1262
1709 1261
1709 1260
1709 1259
1709 1258
1709 1257
1709 1256
1709 1255
1709 1254
1709 1253
1709 1252
1709 1251
1710 1250
1710 1249
1710 1248
1710 1247
1710 1246
1710 1245
1710 1244
1710 1243
1710 1242
1711 1241
1711 1240
1711 1239
1711 1238
1711 1237
1711 1236
1711 1235
1711 1234
1711 1233
1711 1232
1711 1231
1711 1230
1711 1229
1711 1228
1712 1227
1712 1226
1711 1225
1711 1224
1711 1223
1711 1222
1711 1221
1712 1220
1711 1219
1712 1218
1712 1217
1712 1216
1712 1215
1712 1214
1711 1213
1711 1212
1711 1211
1712 1210
1712 1209
1712 1208
1712 1207
1712 1206
1712 1205
1712 1204
1712 1203
1712 1202
1712 1201
1712 1200
1712 1199
1712 1198
1712 1197
1712 1196
1712 1195
1712 1194
1712 1193
1712 1192
1712 1191
1712 1190
1712 1189
1712 1188
1712 1187
1712 1186
1712 1185
1712 1184
1712 1183
1712 1182
1712 1181
1712 1180
1712 1179
1712 1178
1713 1177
1713 1176
1713 1175
1712 1174
1712 1173
1712 1172
1712 1171
1713 1170
1713 1169
1713 1168
1713 1167
1713 1166
1713 1165
1713 1164
1713 1163
1713 1162
1713 1161
1713 1160
1713 1159
1713 1158
1714 1157
1714 1156
1714 1155
1713 1154
1713 1153
1713 1152
1713 1151
1713 1150
1713 1149
1713 1148
1713 1147
1713 1146
1713 1145
1713 1144
1713 1143
1713 1142
1713 1141
1713 1140
1713 1139
1713 1138
1713 1137
1713 1136
1713 1135
1713 1134
1712 1133
1712 1132
1712 1131
1712 1130
1712 1129
1712 1128
1713 1127
1713 1126
1712 1125
1712 1124
1712 1123
1712 1122
1712 1121
1712 1120
1712 1119
1712 1118
1712 1117
1712 1116
1712 1115
1712 1114
1712 1113
1712 1112
1712 1111
1712 1110
1712 1109
1712 1108
1712 1107
1712 1106
1712 1105
1712 1104
1712 1103
1712 1102
1711 1101
1711 1100
1711 1099
1711 1098
1711 1097
1711 1096
1711 1095
1711 1094
1711 1093
1711 1092
1711 1091
1711 1090
1711 1089
1711 1088
1711 1087
1711 1086
1711 1085
1710 1084
1710 1083
1710 1082
1710 1081
1710 1080
1710 1079
1710 1078
1710 1077
1710 1076
1710 1075
1710 1074
1710 1073
1709 1072
1709 1071
1709 1070
1709 1069
1709 1068
1709 1067
1709 1066
1709 1065
1709 1064
1709 1063
1709 1062
1709 1061
1709 1060
1708 1059
1709 1058
1709 1057
1708 1056
1708 1055
1708 1054
1708 1053
1708 1052
1708 1051
1708 1050
1707 1049
1707 1048
1707 1047
1707 1046
1707 1045
1707 1044
1707 1043
1706 1042
1706 1041
1706 1040
1706 1039
1706 1038
1706 1037
1706 1036
1706 1035
1706 1034
1706 1033
1706 1032
1706 1031
1706 1030
1706 1029
1706 1028
1706 1027
1705 1026
1705 1025
1705 1024
1705 1023
1705 1022
1705 1021
1705 1020
1705 1019
1705 1018
1705 1017
1704 1016
1704 1015
1704 1014
1704 1013
1704 1012
1703 1011
1703 1010
1703 1009
1703 1008
1703 1007
1703 1006
1703 1005
1703 1004
1702 1003
1702 1002
1702 1001
1702 1000
1702 999
1702 998
1702 997
1702 996
1702 995
1701 994
1701 993
1701 992
1701 991
1701 990
1701 989
1701 988
1701 987
1701 986
1701 985
1701 984
1700 983
1700 982
1700 981
1700 980
1700 979
1700 978
1700 977
1699 976
1699 975
1699 974
1699 973
1698 972
1698 971
1698 970
1698 969
1698 968
1698 967
1697 966
1697 965
1697 964
1697 963
1696 962
1696 961
1696 960
1696 959
1696 958
1695 957
1695 956
1695 955
1695 954
1695 953
1694 952
1694 951
1694 950
1694 949
1693 948
1693 947
1693 946
1693 945
1692 944
1692 943
1691 942
1691 941
1690 940
1689 939
1688 938
1687 937
1686 936
1685 936
1684 936
1683 936
1682 936
1681 936
