1659 484
1658 485
1657 485
1656 485
1655 486
1654 486
1653 486
1652 487
1651 487
1650 487
1649 487
1648 488
1647 488
1646 489
1645 490
1644 490
1643 491
1642 491
1641 492
1640 492
1639 493
1638 494
1637 495
1636 496
1635 496
1634 497
1633 498
1632 499
1631 500
1630 501
1629 502
1628 503
1627 504
1626 504
1625 505
1625 506
1624 507
1623 507
1622 508
1621 509
1620 510
1619 511
1618 512
1617 513
1617 514
1616 515
1615 516
1615 517
1614 518
1613 519
1613 520
1612 521
1612 522
1612 523
1611 524
1611 525
1610 526
1610 527
1610 528
1609 529
1609 530
1608 531
1607 532
1607 533
1607 534
1606 535
1606 536
1605 537
1604 538
1604 539
1603 540
1603 541
1602 542
1602 543
1601 544
1601 545
1600 546
1599 547
1599 548
1598 549
1598 550
1597 551
1597 552
1596 553
1596 554
1595 555
1595 556
1594 557
1594 558
1593 559
1593 560
1592 561
1592 562
1591 563
1591 564
1590 565
1590 566
1589 567
1589 568
1588 569
1588 570
1588 571
1587 572
1587 573
1586 574
1586 575
1585 576
1585 577
1584 578
1584 579
1584 580
1583 581
1583 582
1582 583
1582 584
1581 585
1581 586
1580 587
1579 588
1579 589
1579 590
1578 591
1577 592
1577 593
1576 594
1576 595
1575 596
1575 597
1574 598
1573 599
1573 600
1572 601
1572 602
1571 603
1571 604
1570 605
1570 606
1569 607
1568 608
1568 609
1568 610
1567 611
1567 612
1566 613
1566 614
1565 615
1565 616
1565 617
1565 618
1565 619
1565 620
1565 621
1565 622
1565 623
1565 624
1565 625
1565 626
1565 627
1565 628
1566 629
1566 630
1566 631
1566 632
1566 633
1566 634
1567 635
1567 636
1567 637
1567 638
1568 639
1568 640
1568 641
1569 642
1569 643
1569 644
1570 645
1570 646
1570 647
1571 648
1571 649
1572 650
1572 651
1573 652
1573 653
1574 654
1575 655
1575 656
1576 657
1576 658
1577 659
1577 660
1577 661
1578 662
1578 663
1579 664
1579 665
1579 666
1579 667
1580 668
1580 669
1580 670
1581 671
1581 672
1582 673
1582 674
1582 675
1583 676
1583 677
1583 678
1584 679
1584 680
1584 681
1585 682
1585 683
1585 684
1586 685
1586 686
1586 687
1587 688
1587 689
1588 690
1588 691
1588 692
1589 693
1589 694
1590 695
1590 696
1590 697
1591 698
1592 699
1592 700
1592 701
1593 702
1593 703
1594 704
1594 705
1595 706
1595 707
1595 708
1595 709
1595 710
1596 711
1596 712
1596 713
1596 714
1596 715
1597 716
1597 717
1597 718
1597 719
1598 720
1598 721
1598 722
1598 723
1599 724
1599 725
1599 726
1600 727
1600 728
1600 729
1601 730
1601 731
1601 732
1602 733
1602 734
1602 735
1603 736
1603 737
1603 738
1604 739
1604 740
1605 741
1605 742
1606 743
1606 744
1607 745
1607 746
1608 747
1608 748
1608 749
1609 750
1609 751
1609 752
1609 753
1610 754
1610 755
1610 756
1610 757
1610 758
1610 759
1610 760
1610 761
1611 762
1611 763
1611 764
1611 765
1612 766
1612 767
1612 768
1612 769
1613 770
1613 771
1613 772
1614 773
1614 774
1614 775
1614 776
1615 777
1615 778
1615 779
1616 780
1616 781
1616 782
1616 783
1617 784
1617 785
1617 786
1618 787
1618 788
1618 789
1618 790
1619 791
1619 792
1619 793
1620 794
1620 795
1621 796
1621 797
1621 798
1621 799
1622 800
1622 801
1622 802
1623 803
1623 804
1623 805
1623 806
1624 807
1624 808
1624 809
1625 810
1625 811
1625 812
1626 813
1626 814
1626 815
1627 816
1627 817
1627 818
1628 819
1628 820
1628 821
1629 822
1629 823
1630 824
1630 825
1631 826
1632 827
1632 828
1633 829
1634 830
1634 831
1635 832
1636 833
1636 834
1637 835
1638 836
1638 837
1639 838
1640 838
1641 838
1642 838
1643 839
1644 839
1645 839
1646 840
1647 840
1648 840
1649 840
1650 840
1651 839
1652 839
1653 838
1654 838
1655 837
1656 837
1657 837
1658 836
1659 836
1660 835
1661 834
1662 833
1663 832
1664 832
1665 831
1666 830
1667 829
1668 828
1669 827
1670 826
1671 825
1672 824
1673 823
1674 823
1674 822
1675 821
1676 820
1677 819
1677 818
1678 817
1679 816
1680 815
1680 814
1681 813
1681 812
1681 811
1682 810
1683 809
1683 808
1683 807
1684 806
1684 805
1685 804
1685 803
1685 802
1686 801
1686 800
1686 799
1687 798
1687 797
1687 796
1687 795
1688 794
1688 793
1688 792
1688 791
1688 790
1689 789
1689 788
1689 787
1689 786
1689 785
1689 784
1689 783
1689 782
1689 781
1689 780
1689 779
1689 778
1690 777
1690 776
1690 775
1690 774
1690 773
1690 772
1690 771
1690 770
1690 769
1690 768
1690 767
1691 766
1691 765
1691 764
1691 763
1691 762
1691 761
1691 760
1691 759
1691 758
1691 757
1691 756
1691 755
1691 754
1691 753
1691 752
1691 751
1691 750
1691 749
1690 748
1690 747
1690 746
1690 745
1690 744
1690 743
1690 742
1690 741
1690 740
1690 739
1690 738
1690 737
1690 736
1690 735
1690 734
1690 733
1690 732
1690 731
1690 730
1690 729
1690 728
1690 727
1690 726
1690 725
1690 724
1690 723
1691 722
1691 721
1691 720
1691 719
1691 718
1691 717
1691 716
1691 715
1691 714
1691 713
1691 712
1691 711
1692 710
1692 709
1692 708
1692 707
1692 706
1692 705
1692 704
1692 703
1692 702
1692 701
1692 700
1692 699
1692 698
1692 697
1692 696
1692 695
1692 694
1692 693
1692 692
1692 691
1692 690
1692 689
1692 688
1692 687
1692 686
1693 685
1693 684
1692 683
1692 682
1692 681
1692 680
1692 679
1692 678
1691 677
1691 676
1691 675
1691 674
1691 673
1691 672
1691 671
1690 670
1690 669
1690 668
1690 667
1690 666
1690 665
1690 664
1690 663
1690 662
1690 661
1690 660
1690 659
1690 658
1690 657
1690 656
1690 655
1690 654
1690 653
1690 652
1691 651
1691 650
1691 649
1691 648
1691 647
1691 646
1691 645
1691 644
1691 643
1691 642
1691 641
1691 640
1691 639
1691 638
1691 637
1691 636
1691 635
1691 634
1690 633
1690 632
1690 631
1690 630
1690 629
1690 628
1690 627
1690 626
1690 625
1690 624
1690 623
1690 622
1690 621
1689 620
1689 619
1689 618
1689 617
1689 616
1689 615
1688 614
1688 613
1688 612
1688 611
1688 610
1688 609
1688 608
1688 607
1688 606
1688 605
1688 604
1688 603
1688 602
1688 601
1688 600
1688 599
1688 598
1688 597
1689 596
1689 595
1689 594
1688 593
1688 592
1688 591
1688 590
1688 589
1688 588
1688 587
1688 586
1688 585
1688 584
1688 583
1688 582
1688 581
1688 580
1687 579
1687 578
1687 577
1687 576
1687 575
1687 574
1687 573
1687 572
1686 571
1686 570
1686 569
1686 568
1686 567
1686 566
1686 565
1686 564
1685 563
1685 562
1685 561
1685 560
1685 559
1684 558
1684 557
1684 556
1684 555
1684 554
1683 553
1683 552
1683 551
1683 550
1683 549
1683 548
1682 547
1682 546
1682 545
1682 544
1682 543
1682 542
1682 541
1681 540
1681 539
1681 538
1681 537
1681 536
1681 535
1681 534
1681 533
1680 532
1680 531
1680 530
1680 529
1680 528
1680 527
1680 526
1680 525
1680 524
1680 523
1680 522
1679 521
1679 520
1679 519
1679 518
1679 517
1679 516
1678 515
1678 514
1678 513
1678 512
1677 511
1677 510
1677 509
1677 508
1676 507
1676 506
1676 505
1676 504
1675 503
1675 502
1675 501
1674 500
1674 499
1674 498
1674 497
1674 496
1673 495
1673 494
1673 493
1672 492
1672 491
1671 490
1671 489
1670 488
1669 488
1668 487
1667 487
1666 486
1665 486
1664 485
1663 485
1662 484
1661 484
1660 484
1659 484
