1655 15
1654 16
1653 16
1652 17
1651 18
1650 18
1649 19
1648 19
1647 20
1646 20
1645 21
1644 22
1643 23
1642 24
1641 24
1640 25
1639 26
1638 27
1637 28
1636 29
1636 30
1635 31
1634 32
1633 33
1632 34
1632 35
1631 36
1630 37
1629 38
1628 39
1628 40
1627 41
1626 42
1625 43
1624 44
1624 45
1623 46
1622 47
1621 48
1621 49
1620 50
1619 51
1619 52
1619 53
1618 54
1618 55
1618 56
1618 57
1617 58
1617 59
1617 60
1617 61
1617 62
1617 63
1617 64
1617 65
1617 66
1617 67
1617 68
1617 69
1617 70
1617 71
1617 72
1617 73
1617 74
1618 75
1618 76
1618 77
1618 78
1618 79
1618 80
1618 81
1618 82
1618 83
1619 84
1619 85
1619 86
1619 87
1619 88
1619 89
1619 90
1619 91
1619 92
1620 93
1620 94
1620 95
1620 96
1620 97
1620 98
1620 99
1620 100
1620 101
1621 102
1621 103
1621 104
1621 105
1621 106
1621 107
1621 108
1621 109
1621 110
1621 111
1622 112
1622 113
1622 114
1622 115
1622 116
1622 117
1622 118
1622 119
1622 120
1622 121
1623 122
1623 123
1623 124
1623 125
1623 126
1623 127
1623 128
1623 129
1623 130
1624 131
1624 132
1624 133
1624 134
1624 135
1624 136
1624 137
1624 138
1624 139
1624 140
1625 141
1625 142
1625 143
1625 144
1625 145
1625 146
1625 147
1625 148
1625 149
1625 150
1626 151
1626 152
1626 153
1626 154
1626 155
1626 156
1626 157
1626 158
1626 159
1626 160
1626 161
1626 162
1626 163
1627 164
1627 165
1627 166
1627 167
1627 168
1627 169
1627 170
1627 171
1627 172
1627 173
1627 174
1627 175
1627 176
1627 177
1627 178
1627 179
1627 180
1627 181
1627 182
1627 183
1627 184
1627 185
1627 186
1627 187
1627 188
1627 189
1627 190
1627 191
1627 192
1627 193
1627 194
1627 195
1627 196
1627 197
1627 198
1627 199
1627 200
1627 201
1627 202
1628 203
1628 204
1628 205
1628 206
1628 207
1628 208
1628 209
1628 210
1628 211
1628 212
1628 213
1628 214
1628 215
1628 216
1628 217
1628 218
1628 219
1628 220
1627 221
1627 222
1627 223
1627 224
1627 225
1628 226
1628 227
1628 228
1628 229
1628 230
1628 231
1628 232
1628 233
1628 234
1628 235
1628 236
1628 237
1629 238
1629 239
1629 240
1629 241
1629 242
1629 243
1629 244
1630 245
1630 246
1630 247
1630 248
1630 249
1631 250
1631 251
1631 252
1631 253
1631 254
1632 255
1632 256
1632 257
1632 258
1632 259
1633 260
1633 261
1633 262
1633 263
1633 264
1634 265
1634 266
1634 267
1634 268
1634 269
1635 270
1635 271
1635 272
1635 273
1635 274
1636 275
1636 276
1636 277
1636 278
1636 279
1637 280
1637 281
1637 282
1637 283
1637 284
1638 285
1638 286
1638 287
1638 288
1638 289
1638 290
1639 291
1639 292
1639 293
1639 294
1639 295
1640 296
1640 297
1640 298
1640 299
1640 300
1641 301
1641 302
1641 303
1641 304
1641 305
1641 306
1641 307
1642 308
1642 309
1642 310
1642 311
1642 312
1642 313
1643 314
1643 315
1643 316
1643 317
1643 318
1643 319
1643 320
1644 321
1644 322
1644 323
1644 324
1644 325
1644 326
1644 327
1645 328
1645 329
1645 330
1645 331
1645 332
1645 333
1646 334
1646 335
1646 336
1646 337
1646 338
1646 339
1646 340
1647 341
1647 342
1647 343
1647 344
1647 345
1647 346
1647 347
1647 348
1648 349
1648 350
1648 351
1648 352
1648 353
1648 354
1648 355
1649 356
1649 357
1649 358
1649 359
1649 360
1649 361
1649 362
1649 363
1649 364
1650 365
1650 366
1650 367
1650 368
1650 369
1650 370
1650 371
1650 372
1650 373
1650 374
1650 375
1651 376
1651 377
1651 378
1651 379
1651 380
1651 381
1651 382
1651 383
1651 384
1651 385
1651 386
1651 387
1652 388
1652 389
1652 390
1652 391
1652 392
1652 393
1652 394
1652 395
1652 396
1652 397
1653 398
1653 399
1653 400
1653 401
1653 402
1653 403
1654 404
1654 405
1655 406
1655 407
1656 408
1657 409
1658 409
1659 409
1660 409
1661 409
1662 409
1663 410
1664 410
1665 409
1666 408
1667 408
1668 407
1669 406
1670 405
1671 404
1672 403
1673 402
1673 401
1674 400
1674 399
1675 398
1675 397
1676 396
1676 395
1676 394
1677 393
1677 392
1677 391
1677 390
1677 389
1677 388
1678 387
1678 386
1678 385
1678 384
1678 383
1678 382
1678 381
1678 380
1678 379
1678 378
1679 377
1679 376
1679 375
1679 374
1679 373
1679 372
1679 371
1679 370
1679 369
1679 368
1680 367
1680 366
1680 365
1680 364
1680 363
1680 362
1680 361
1680 360
1680 359
1680 358
1680 357
1681 356
1681 355
1681 354
1681 353
1681 352
1681 351
1681 350
1681 349
1681 348
1681 347
1681 346
1681 345
1681 344
1681 343
1681 342
1682 341
1682 340
1682 339
1682 338
1682 337
1682 336
1682 335
1682 334
1682 333
1682 332
1682 331
1682 330
1682 329
1682 328
1682 327
1682 326
1682 325
1682 324
1682 323
1682 322
1682 321
1682 320
1682 319
1682 318
1682 317
1682 316
1682 315
1682 314
1682 313
1682 312
1682 311
1682 310
1682 309
1682 308
1682 307
1682 306
1682 305
1682 304
1682 303
1682 302
1682 301
1682 300
1682 299
1682 298
1682 297
1682 296
1682 295
1682 294
1682 293
1682 292
1682 291
1682 290
1682 289
1682 288
1682 287
1683 286
1683 285
1683 284
1683 283
1683 282
1683 281
1683 280
1683 279
1683 278
1683 277
1683 276
1683 275
1683 274
1683 273
1683 272
1683 271
1683 270
1683 269
1684 268
1684 267
1684 266
1684 265
1684 264
1684 263
1684 262
1684 261
1684 260
1684 259
1684 258
1684 257
1684 256
1684 255
1684 254
1684 253
1684 252
1684 251
1684 250
1684 249
1684 248
1685 247
1685 246
1685 245
1685 244
1685 243
1685 242
1685 241
1685 240
1685 239
1685 238
1685 237
1685 236
1685 235
1685 234
1685 233
1685 232
1685 231
1685 230
1685 229
1685 228
1685 227
1685 226
1685 225
1685 224
1685 223
1685 222
1685 221
1685 220
1685 219
1685 218
1685 217
1685 216
1684 215
1684 214
1684 213
1684 212
1684 211
1684 210
1684 209
1684 208
1684 207
1684 206
1684 205
1684 204
1684 203
1684 202
1684 201
1684 200
1684 199
1684 198
1684 197
1684 196
1684 195
1684 194
1684 193
1684 192
1684 191
1683 190
1683 189
1683 188
1683 187
1683 186
1683 185
1683 184
1683 183
1683 182
1683 181
1683 180
1683 179
1683 178
1683 177
1683 176
1683 175
1683 174
1683 173
1683 172
1683 171
1683 170
1683 169
1683 168
1683 167
1683 166
1683 165
1683 164
1683 163
1683 162
1683 161
1683 160
1683 159
1683 158
1683 157
1683 156
1683 155
1683 154
1683 153
1683 152
1683 151
1683 150
1683 149
1683 148
1683 147
1683 146
1683 145
1682 144
1682 143
1682 142
1682 141
1682 140
1682 139
1682 138
1682 137
1682 136
1682 135
1681 134
1681 133
1681 132
1681 131
1681 130
1681 129
1681 128
1681 127
1681 126
1681 125
1680 124
1680 123
1680 122
1680 121
1680 120
1680 119
1680 118
1680 117
1680 116
1680 115
1680 114
1680 113
1679 112
1679 111
1679 110
1679 109
1679 108
1679 107
1679 106
1679 105
1679 104
1679 103
1679 102
1679 101
1679 100
1679 99
1679 98
1679 97
1679 96
1678 95
1678 94
1678 93
1678 92
1678 91
1678 90
1678 89
1678 88
1678 87
1678 86
1678 85
1678 84
1678 83
1678 82
1677 81
1677 80
1677 79
1677 78
1677 77
1677 76
1677 75
1677 74
1677 73
1677 72
1677 71
1677 70
1676 69
1676 68
1676 67
1676 66
1676 65
1676 64
1676 63
1676 62
1676 61
1676 60
1676 59
1675 58
1675 57
1675 56
1675 55
1674 54
1674 53
1674 52
1674 51
1673 50
1673 49
1673 48
1672 47
1672 46
1672 45
1672 44
1671 43
1671 42
1671 41
1671 40
1670 39
1670 38
1670 37
1670 36
1669 35
1669 34
1669 33
1668 32
1668 31
1668 30
1668 29
1667 28
1667 27
1667 26
1666 25
1666 24
1666 23
1666 22
1665 21
1665 20
1664 19
1663 19
1662 18
1661 18
1660 17
1659 17
1658 17
1657 16
1656 16
1655 15
