1430 2191
1429 2192
1428 2193
1427 2194
1426 2195
1425 2196
1424 2197
1423 2198
1423 2199
1423 2200
1422 2201
1422 2202
1422 2203
1422 2204
1422 2205
1421 2206
1421 2207
1421 2208
1421 2209
1421 2210
1421 2211
1421 2212
1421 2213
1420 2214
1420 2215
1420 2216
1420 2217
1420 2218
1420 2219
1420 2220
1420 2221
1420 2222
1420 2223
1420 2224
1419 2225
1419 2226
1419 2227
1419 2228
1419 2229
1419 2230
1419 2231
1419 2232
1419 2233
1418 2234
1418 2235
1418 2236
1418 2237
1418 2238
1418 2239
1418 2240
1418 2241
1418 2242
1417 2243
1417 2244
1417 2245
1417 2246
1417 2247
1417 2248
1417 2249
1417 2250
1417 2251
1417 2252
1417 2253
1416 2254
1416 2255
1416 2256
1416 2257
1416 2258
1416 2259
1416 2260
1416 2261
1416 2262
1416 2263
1416 2264
1416 2265
1416 2266
1416 2267
1416 2268
1416 2269
1416 2270
1416 2271
1416 2272
1415 2273
1415 2274
1415 2275
1415 2276
1415 2277
1415 2278
1415 2279
1415 2280
1415 2281
1415 2282
1415 2283
1415 2284
1415 2285
1415 2286
1415 2287
1415 2288
1415 2289
1415 2290
1415 2291
1415 2292
1415 2293
1414 2294
1414 2295
1414 2296
1414 2297
1414 2298
1414 2299
1414 2300
1414 2301
1413 2302
1413 2303
1413 2304
1413 2305
1413 2306
1413 2307
1413 2308
1413 2309
1412 2310
1412 2311
1412 2312
1412 2313
1412 2314
1411 2315
1411 2316
1411 2317
1411 2318
1410 2319
1410 2320
1410 2321
1410 2322
1410 2323
1409 2324
1409 2325
1409 2326
1409 2327
1408 2328
1408 2329
1408 2330
1408 2331
1407 2332
1407 2333
1407 2334
1407 2335
1407 2336
1406 2337
1406 2338
1406 2339
1405 2340
1405 2341
1405 2342
1404 2343
1404 2344
1404 2345
1403 2346
1403 2347
1403 2348
1403 2349
1403 2350
1402 2351
1402 2352
1402 2353
1402 2354
1401 2355
1401 2356
1401 2357
1401 2358
1401 2359
1401 2360
1400 2361
1400 2362
1400 2363
1400 2364
1400 2365
1400 2366
1400 2367
1399 2368
1399 2369
1399 2370
1399 2371
1399 2372
1399 2373
1398 2374
1398 2375
1398 2376
1398 2377
1398 2378
1397 2379
1397 2380
1397 2381
1397 2382
1397 2383
1396 2384
1396 2385
1396 2386
1396 2387
1396 2388
1395 2389
1395 2390
1395 2391
1395 2392
1395 2393
1394 2394
1394 2395
1394 2396
1394 2397
1393 2398
1393 2399
1393 2400
1393 2401
1393 2402
1392 2403
1392 2404
1392 2405
1392 2406
1391 2407
1391 2408
1391 2409
1391 2410
1390 2411
1390 2412
1390 2413
1390 2414
1390 2415
1389 2416
1389 2417
1389 2418
1389 2419
1389 2420
1388 2421
1388 2422
1388 2423
1388 2424
1388 2425
1387 2426
1387 2427
1387 2428
1387 2429
1387 2430
1387 2431
1386 2432
1386 2433
1386 2434
1386 2435
1386 2436
1386 2437
1385 2438
1385 2439
1385 2440
1385 2441
1385 2442
1385 2443
1385 2444
1385 2445
1385 2446
1385 2447
1385 2448
1386 2449
1386 2450
1386 2451
1386 2452
1386 2453
1387 2454
1387 2455
1387 2456
1387 2457
1387 2458
1387 2459
1388 2460
1388 2461
1388 2462
1388 2463
1389 2464
1389 2465
1389 2466
1390 2467
1390 2468
1390 2469
1390 2470
1391 2471
1391 2472
1391 2473
1391 2474
1392 2475
1392 2476
1392 2477
1392 2478
1393 2479
1393 2480
1393 2481
1394 2482
1394 2483
1394 2484
1395 2485
1395 2486
1395 2487
1396 2488
1396 2489
1396 2490
1397 2491
1397 2492
1397 2493
1398 2494
1398 2495
1398 2496
1398 2497
1399 2498
1399 2499
1399 2500
1400 2501
1400 2502
1400 2503
1400 2504
1401 2505
1401 2506
1401 2507
1401 2508
1402 2509
1402 2510
1402 2511
1403 2512
1403 2513
1403 2514
1403 2515
1404 2516
1404 2517
1404 2518
1404 2519
1405 2520
1405 2521
1405 2522
1406 2523
1406 2524
1406 2525
1406 2526
1407 2527
1407 2528
1407 2529
1407 2530
1408 2531
1408 2532
1408 2533
1409 2534
1409 2535
1409 2536
1410 2537
1410 2538
1410 2539
1410 2540
1411 2541
1411 2542
1411 2543
1412 2544
1412 2545
1412 2546
1412 2547
1412 2548
1413 2549
1413 2550
1413 2551
1414 2552
1414 2553
1414 2554
1414 2555
1415 2556
1415 2557
1415 2558
1416 2559
1416 2560
1417 2561
1417 2562
1417 2563
1418 2564
1418 2565
1418 2566
1419 2567
1420 2568
1420 2569
1421 2570
1421 2571
1422 2572
1423 2573
1423 2574
1424 2575
1425 2576
1425 2577
1426 2578
1427 2579
1428 2580
1429 2581
1430 2582
1431 2582
1432 2583
1433 2584
1434 2585
1435 2585
1436 2586
1437 2586
1438 2586
1439 2587
1440 2587
1441 2587
1442 2588
1443 2587
1444 2587
1445 2587
1446 2587
1447 2587
1448 2587
1449 2587
1450 2586
1451 2586
1452 2585
1453 2584
1453 2583
1454 2582
1454 2581
1455 2580
1455 2579
1456 2578
1456 2577
1456 2576
1457 2575
1457 2574
1457 2573
1457 2572
1457 2571
1457 2570
1458 2569
1458 2568
1458 2567
1458 2566
1458 2565
1458 2564
1459 2563
1459 2562
1459 2561
1459 2560
1459 2559
1459 2558
1460 2557
1460 2556
1460 2555
1460 2554
1460 2553
1460 2552
1461 2551
1461 2550
1461 2549
1461 2548
1461 2547
1461 2546
1461 2545
1462 2544
1462 2543
1462 2542
1462 2541
1462 2540
1462 2539
1462 2538
1462 2537
1462 2536
1462 2535
1463 2534
1463 2533
1463 2532
1463 2531
1463 2530
1463 2529
1463 2528
1463 2527
1463 2526
1463 2525
1463 2524
1463 2523
1463 2522
1463 2521
1464 2520
1464 2519
1464 2518
1464 2517
1464 2516
1464 2515
1464 2514
1464 2513
1464 2512
1464 2511
1464 2510
1464 2509
1464 2508
1464 2507
1464 2506
1464 2505
1464 2504
1465 2503
1465 2502
1465 2501
1465 2500
1465 2499
1465 2498
1465 2497
1465 2496
1465 2495
1465 2494
1465 2493
1465 2492
1465 2491
1465 2490
1465 2489
1465 2488
1465 2487
1465 2486
1465 2485
1465 2484
1466 2483
1466 2482
1466 2481
1466 2480
1466 2479
1466 2478
1466 2477
1466 2476
1466 2475
1466 2474
1466 2473
1466 2472
1466 2471
1466 2470
1466 2469
1466 2468
1466 2467
1466 2466
1467 2465
1467 2464
1467 2463
1467 2462
1467 2461
1467 2460
1467 2459
1467 2458
1467 2457
1467 2456
1467 2455
1467 2454
1467 2453
1467 2452
1467 2451
1467 2450
1467 2449
1467 2448
1467 2447
1467 2446
1467 2445
1467 2444
1467 2443
1467 2442
1467 2441
1467 2440
1467 2439
1467 2438
1467 2437
1467 2436
1467 2435
1467 2434
1467 2433
1467 2432
1467 2431
1467 2430
1466 2429
1466 2428
1466 2427
1466 2426
1466 2425
1466 2424
1466 2423
1466 2422
1466 2421
1466 2420
1466 2419
1466 2418
1466 2417
1466 2416
1466 2415
1466 2414
1466 2413
1466 2412
1466 2411
1467 2410
1467 2409
1467 2408
1467 2407
1467 2406
1467 2405
1467 2404
1467 2403
1467 2402
1467 2401
1467 2400
1466 2399
1466 2398
1466 2397
1466 2396
1466 2395
1466 2394
1466 2393
1466 2392
1466 2391
1466 2390
1466 2389
1466 2388
1466 2387
1466 2386
1466 2385
1466 2384
1465 2383
1465 2382
1465 2381
1465 2380
1465 2379
1465 2378
1465 2377
1465 2376
1465 2375
1465 2374
1465 2373
1465 2372
1465 2371
1465 2370
1465 2369
1465 2368
1465 2367
1464 2366
1464 2365
1464 2364
1464 2363
1464 2362
1464 2361
1464 2360
1463 2359
1463 2358
1463 2357
1463 2356
1463 2355
1463 2354
1462 2353
1462 2352
1462 2351
1462 2350
1462 2349
1462 2348
1462 2347
1462 2346
1462 2345
1461 2344
1461 2343
1461 2342
1461 2341
1461 2340
1461 2339
1461 2338
1461 2337
1461 2336
1461 2335
1461 2334
1460 2333
1460 2332
1460 2331
1460 2330
1460 2329
1460 2328
1460 2327
1460 2326
1459 2325
1459 2324
1459 2323
1459 2322
1459 2321
1459 2320
1459 2319
1459 2318
1459 2317
1459 2316
1459 2315
1458 2314
1458 2313
1458 2312
1458 2311
1458 2310
1458 2309
1458 2308
1458 2307
1458 2306
1458 2305
1458 2304
1458 2303
1458 2302
1458 2301
1458 2300
1458 2299
1458 2298
1458 2297
1458 2296
1458 2295
1458 2294
1458 2293
1458 2292
1458 2291
1458 2290
1458 2289
1458 2288
1458 2287
1457 2286
1457 2285
1457 2284
1457 2283
1457 2282
1457 2281
1457 2280
1457 2279
1457 2278
1457 2277
1457 2276
1457 2275
1457 2274
1457 2273
1456 2272
1456 2271
1456 2270
1456 2269
1456 2268
1456 2267
1456 2266
1456 2265
1456 2264
1456 2263
1456 2262
1456 2261
1456 2260
1455 2259
1455 2258
1455 2257
1455 2256
1455 2255
1455 2254
1455 2253
1455 2252
1455 2251
1454 2250
1454 2249
1454 2248
1454 2247
1454 2246
1454 2245
1454 2244
1453 2243
1453 2242
1453 2241
1453 2240
1453 2239
1453 2238
1453 2237
1452 2236
1452 2235
1452 2234
1452 2233
1452 2232
1452 2231
1452 2230
1452 2229
1451 2228
1451 2227
1451 2226
1451 2225
1451 2224
1451 2223
1451 2222
1450 2221
1450 2220
1450 2219
1449 2218
1449 2217
1449 2216
1449 2215
1448 2214
1448 2213
1447 2212
1447 2211
1446 2210
1446 2209
1445 2208
1444 2207
1444 2206
1443 2205
1443 2204
1442 2203
1441 2202
1441 2201
1440 2200
1439 2199
1439 2198
1438 2197
1438 2196
1437 2195
1436 2194
1435 2194
1434 2193
1433 2193
1432 2192
1431 2192
1430 2191
