1428 1893
1427 1894
1426 1894
1425 1894
1424 1894
1423 1894
1422 1894
1421 1894
1420 1895
1419 1895
1418 1895
1417 1895
1416 1895
1415 1896
1414 1896
1413 1896
1412 1897
1411 1897
1410 1898
1409 1898
1408 1898
1407 1899
1406 1899
1405 1900
1404 1901
1403 1901
1402 1902
1401 1903
1400 1903
1399 1904
1399 1905
1398 1906
1397 1907
1396 1908
1396 1909
1395 1910
1394 1911
1393 1912
1392 1913
1391 1914
1390 1915
1389 1916
1388 1917
1388 1918
1387 1919
1387 1920
1386 1921
1385 1922
1385 1923
1384 1924
1384 1925
1384 1926
1384 1927
1384 1928
1384 1929
1384 1930
1384 1931
1384 1932
1384 1933
1384 1934
1384 1935
1384 1936
1383 1937
1384 1938
1384 1939
1384 1940
1384 1941
1384 1942
1384 1943
1384 1944
1384 1945
1384 1946
1384 1947
1384 1948
1384 1949
1384 1950
1384 1951
1384 1952
1384 1953
1385 1954
1385 1955
1385 1956
1385 1957
1386 1958
1386 1959
1386 1960
1387 1961
1387 1962
1387 1963
1387 1964
1387 1965
1387 1966
1388 1967
1388 1968
1388 1969
1388 1970
1388 1971
1388 1972
1388 1973
1388 1974
1388 1975
1388 1976
1389 1977
1389 1978
1389 1979
1389 1980
1389 1981
1389 1982
1389 1983
1390 1984
1390 1985
1390 1986
1390 1987
1390 1988
1391 1989
1391 1990
1392 1991
1392 1992
1393 1993
1393 1994
1394 1995
1394 1996
1394 1997
1395 1998
1395 1999
1395 2000
1396 2001
1396 2002
1396 2003
1396 2004
1397 2005
1397 2006
1397 2007
1397 2008
1398 2009
1398 2010
1398 2011
1399 2012
1399 2013
1399 2014
1399 2015
1400 2016
1400 2017
1400 2018
1400 2019
1401 2020
1401 2021
1401 2022
1401 2023
1401 2024
1402 2025
1402 2026
1402 2027
1402 2028
1403 2029
1403 2030
1403 2031
1403 2032
1404 2033
1405 2034
1405 2035
1406 2036
1407 2037
1407 2038
1408 2039
1408 2040
1409 2041
1409 2042
1409 2043
1410 2044
1410 2045
1410 2046
1410 2047
1411 2048
1411 2049
1411 2050
1412 2051
1412 2052
1412 2053
1412 2054
1413 2055
1413 2056
1413 2057
1413 2058
1414 2059
1414 2060
1414 2061
1415 2062
1415 2063
1416 2064
1416 2065
1417 2066
1417 2067
1418 2068
1418 2069
1419 2070
1419 2071
1420 2072
1420 2073
1421 2074
1421 2075
1421 2076
1421 2077
1422 2078
1422 2079
1422 2080
1422 2081
1423 2082
1423 2083
1423 2084
1424 2085
1424 2086
1424 2087
1425 2088
1425 2089
1425 2090
1426 2091
1426 2092
1426 2093
1427 2094
1427 2095
1427 2096
1428 2097
1428 2098
1428 2099
1429 2100
1429 2101
1429 2102
1430 2103
1430 2104
1430 2105
1431 2106
1431 2107
1431 2108
1432 2109
1432 2110
1432 2111
1433 2112
1434 2113
1435 2113
1436 2114
1437 2115
1438 2116
1439 2117
1440 2117
1441 2117
1442 2117
1443 2117
1444 2117
1445 2117
1446 2116
1447 2115
1448 2114
1449 2113
1450 2112
1450 2111
1450 2110
1451 2109
1451 2108
1451 2107
1451 2106
1451 2105
1451 2104
1451 2103
1451 2102
1451 2101
1451 2100
1452 2099
1452 2098
1452 2097
1452 2096
1453 2095
1453 2094
1453 2093
1453 2092
1453 2091
1454 2090
1454 2089
1454 2088
1454 2087
1454 2086
1454 2085
1454 2084
1454 2083
1454 2082
1454 2081
1454 2080
1454 2079
1454 2078
1455 2077
1455 2076
1455 2075
1455 2074
1455 2073
1455 2072
1455 2071
1455 2070
1455 2069
1455 2068
1455 2067
1455 2066
1456 2065
1456 2064
1456 2063
1456 2062
1456 2061
1456 2060
1456 2059
1456 2058
1456 2057
1456 2056
1456 2055
1456 2054
1456 2053
1456 2052
1455 2051
1455 2050
1455 2049
1455 2048
1455 2047
1455 2046
1455 2045
1455 2044
1455 2043
1455 2042
1455 2041
1455 2040
1456 2039
1456 2038
1456 2037
1456 2036
1456 2035
1456 2034
1456 2033
1456 2032
1456 2031
1456 2030
1456 2029
1456 2028
1456 2027
1456 2026
1456 2025
1456 2024
1457 2023
1457 2022
1457 2021
1457 2020
1457 2019
1457 2018
1457 2017
1457 2016
1457 2015
1457 2014
1457 2013
1457 2012
1457 2011
1457 2010
1457 2009
1457 2008
1457 2007
1457 2006
1457 2005
1457 2004
1457 2003
1457 2002
1457 2001
1456 2000
1456 1999
1456 1998
1456 1997
1456 1996
1456 1995
1456 1994
1456 1993
1456 1992
1456 1991
1456 1990
1455 1989
1455 1988
1455 1987
1455 1986
1455 1985
1455 1984
1455 1983
1455 1982
1455 1981
1455 1980
1455 1979
1455 1978
1455 1977
1454 1976
1454 1975
1454 1974
1454 1973
1454 1972
1454 1971
1454 1970
1454 1969
1454 1968
1454 1967
1454 1966
1454 1965
1454 1964
1454 1963
1453 1962
1453 1961
1453 1960
1453 1959
1453 1958
1453 1957
1453 1956
1453 1955
1452 1954
1452 1953
1452 1952
1452 1951
1452 1950
1452 1949
1452 1948
1452 1947
1452 1946
1452 1945
1452 1944
1452 1943
1451 1942
1451 1941
1451 1940
1451 1939
1451 1938
1451 1937
1451 1936
1451 1935
1451 1934
1451 1933
1451 1932
1451 1931
1451 1930
1451 1929
1451 1928
1451 1927
1451 1926
1451 1925
1451 1924
1451 1923
1450 1922
1450 1921
1450 1920
1450 1919
1449 1918
1449 1917
1449 1916
1449 1915
1448 1914
1448 1913
1448 1912
1448 1911
1448 1910
1447 1909
1447 1908
1446 1907
1446 1906
1446 1905
1445 1904
1445 1903
1445 1902
1444 1901
1444 1900
1443 1899
1442 1898
1441 1897
1440 1896
1439 1895
1438 1894
1437 1894
1436 1894
1435 1894
1434 1894
1433 1894
1432 1894
1431 1894
1430 1894
1429 1893
1428 1893
