1443 1504
1442 1505
1441 1505
1440 1506
1439 1507
1438 1508
1437 1509
1436 1510
1435 1511
1434 1512
1433 1513
1432 1514
1431 1515
1430 1516
1429 1517
1429 1518
1428 1519
1427 1520
1426 1521
1426 1522
1425 1523
1424 1524
1424 1525
1423 1526
1422 1527
1422 1528
1421 1529
1420 1530
1420 1531
1419 1532
1418 1533
1418 1534
1417 1535
1416 1536
1415 1537
1415 1538
1414 1539
1413 1540
1412 1541
1411 1542
1411 1543
1410 1544
1409 1545
1409 1546
1408 1547
1408 1548
1407 1549
1407 1550
1406 1551
1406 1552
1405 1553
1405 1554
1404 1555
1404 1556
1403 1557
1403 1558
1402 1559
1402 1560
1401 1561
1400 1562
1400 1563
1399 1564
1398 1565
1398 1566
1397 1567
1397 1568
1396 1569
1396 1570
1395 1571
1394 1572
1394 1573
1393 1574
1393 1575
1392 1576
1391 1577
1391 1578
1390 1579
1390 1580
1389 1581
1388 1582
1388 1583
1387 1584
1386 1585
1386 1586
1385 1587
1385 1588
1384 1589
1384 1590
1383 1591
1383 1592
1382 1593
1382 1594
1381 1595
1381 1596
1381 1597
1380 1598
1380 1599
1380 1600
1379 1601
1379 1602
1379 1603
1379 1604
1379 1605
1378 1606
1378 1607
1378 1608
1377 1609
1377 1610
1377 1611
1377 1612
1376 1613
1376 1614
1376 1615
1376 1616
1376 1617
1376 1618
1375 1619
1375 1620
1375 1621
1375 1622
1376 1623
1376 1624
1376 1625
1376 1626
1376 1627
1376 1628
1377 1629
1377 1630
1377 1631
1378 1632
1378 1633
1378 1634
1379 1635
1379 1636
1379 1637
1380 1638
1380 1639
1380 1640
1381 1641
1381 1642
1381 1643
1381 1644
1381 1645
1382 1646
1382 1647
1382 1648
1382 1649
1382 1650
1383 1651
1383 1652
1383 1653
1383 1654
1383 1655
1384 1656
1384 1657
1384 1658
1384 1659
1384 1660
1385 1661
1385 1662
1385 1663
1385 1664
1386 1665
1386 1666
1386 1667
1386 1668
1386 1669
1386 1670
1386 1671
1387 1672
1387 1673
1387 1674
1387 1675
1388 1676
1388 1677
1388 1678
1388 1679
1389 1680
1389 1681
1389 1682
1389 1683
1389 1684
1390 1685
1390 1686
1390 1687
1390 1688
1390 1689
1390 1690
1390 1691
1390 1692
1390 1693
1390 1694
1390 1695
1391 1696
1391 1697
1391 1698
1391 1699
1392 1700
1392 1701
1392 1702
1393 1703
1393 1704
1393 1705
1394 1706
1394 1707
1395 1708
1396 1709
1396 1710
1397 1711
1397 1712
1398 1713
1398 1714
1399 1715
1400 1716
1400 1717
1401 1718
1401 1719
1402 1720
1402 1721
1403 1722
1404 1723
1404 1724
1405 1725
1405 1726
1406 1727
1407 1728
1407 1729
1408 1730
1408 1731
1409 1732
1409 1733
1410 1734
1410 1735
1411 1736
1411 1737
1412 1738
1412 1739
1413 1740
1413 1741
1413 1742
1414 1743
1414 1744
1415 1745
1415 1746
1416 1747
1416 1748
1417 1749
1417 1750
1417 1751
1418 1752
1418 1753
1419 1754
1419 1755
1420 1756
1421 1757
1422 1758
1422 1759
1423 1760
1423 1761
1424 1762
1425 1763
1425 1764
1426 1765
1427 1766
1427 1767
1428 1768
1428 1769
1429 1770
1429 1771
1429 1772
1430 1773
1430 1774
1431 1775
1431 1776
1431 1777
1432 1778
1433 1779
1433 1780
1434 1781
1435 1782
1435 1783
1436 1784
1437 1785
1438 1786
1439 1786
1440 1785
1441 1784
1442 1784
1443 1783
1444 1782
1445 1781
1446 1780
1447 1779
1448 1778
1448 1777
1449 1776
1450 1775
1451 1774
1451 1773
1452 1772
1452 1771
1452 1770
1453 1769
1453 1768
1454 1767
1454 1766
1455 1765
1455 1764
1455 1763
1456 1762
1456 1761
1456 1760
1457 1759
1457 1758
1457 1757
1457 1756
1458 1755
1458 1754
1458 1753
1458 1752
1458 1751
1459 1750
1459 1749
1459 1748
1459 1747
1459 1746
1460 1745
1460 1744
1460 1743
1460 1742
1460 1741
1460 1740
1461 1739
1461 1738
1461 1737
1461 1736
1461 1735
1461 1734
1462 1733
1462 1732
1462 1731
1462 1730
1462 1729
1462 1728
1463 1727
1463 1726
1463 1725
1463 1724
1463 1723
1463 1722
1463 1721
1463 1720
1463 1719
1464 1718
1464 1717
1464 1716
1464 1715
1464 1714
1465 1713
1465 1712
1465 1711
1465 1710
1465 1709
1465 1708
1466 1707
1465 1706
1466 1705
1466 1704
1466 1703
1466 1702
1466 1701
1466 1700
1466 1699
1466 1698
1466 1697
1466 1696
1466 1695
1466 1694
1466 1693
1466 1692
1466 1691
1466 1690
1466 1689
1466 1688
1466 1687
1466 1686
1466 1685
1466 1684
1466 1683
1466 1682
1466 1681
1466 1680
1466 1679
1466 1678
1466 1677
1466 1676
1466 1675
1466 1674
1466 1673
1467 1672
1467 1671
1467 1670
1467 1669
1467 1668
1467 1667
1467 1666
1467 1665
1467 1664
1467 1663
1467 1662
1467 1661
1467 1660
1467 1659
1467 1658
1467 1657
1467 1656
1467 1655
1467 1654
1467 1653
1467 1652
1467 1651
1467 1650
1467 1649
1467 1648
1467 1647
1467 1646
1467 1645
1467 1644
1467 1643
1467 1642
1467 1641
1467 1640
1467 1639
1467 1638
1467 1637
1468 1636
1468 1635
1468 1634
1468 1633
1468 1632
1468 1631
1468 1630
1468 1629
1468 1628
1468 1627
1468 1626
1467 1625
1467 1624
1467 1623
1467 1622
1467 1621
1467 1620
1467 1619
1466 1619
1465 1618
1464 1617
1465 1616
1466 1616
1466 1615
1466 1614
1466 1613
1466 1612
1466 1611
1466 1610
1466 1609
1466 1608
1466 1607
1466 1606
1466 1605
1466 1604
1467 1603
1467 1602
1467 1601
1467 1600
1467 1599
1467 1598
1467 1597
1467 1596
1467 1595
1466 1594
1466 1593
1466 1592
1466 1591
1466 1590
1466 1589
1466 1588
1466 1587
1465 1586
1465 1585
1465 1584
1465 1583
1465 1582
1465 1581
1465 1580
1465 1579
1465 1578
1466 1577
1466 1576
1466 1575
1466 1574
1466 1573
1466 1572
1466 1571
1466 1570
1466 1569
1466 1568
1466 1567
1466 1566
1466 1565
1466 1564
1466 1563
1466 1562
1466 1561
1466 1560
1465 1559
1465 1558
1465 1557
1465 1556
1464 1555
1464 1554
1464 1553
1463 1552
1463 1551
1463 1550
1463 1549
1463 1548
1463 1547
1463 1546
1463 1545
1462 1544
1462 1543
1462 1542
1462 1541
1462 1540
1462 1539
1462 1538
1462 1537
1462 1536
1462 1535
1461 1534
1461 1533
1461 1532
1461 1531
1460 1530
1460 1529
1460 1528
1460 1527
1460 1526
1460 1525
1460 1524
1459 1523
1459 1522
1459 1521
1459 1520
1459 1519
1459 1518
1459 1517
1458 1516
1458 1515
1457 1514
1457 1513
1456 1512
1455 1511
1455 1510
1454 1509
1454 1508
1453 1507
1452 1507
1451 1506
1450 1505
1449 1504
1448 1504
1447 1504
1446 1504
1445 1504
1444 1504
1443 1504
