1446 1145
1445 1146
1444 1146
1443 1146
1442 1146
1441 1146
1440 1146
1439 1146
1438 1146
1437 1146
1436 1147
1435 1147
1434 1147
1433 1147
1432 1147
1431 1147
1430 1147
1429 1147
1428 1148
1427 1148
1426 1148
1425 1148
1424 1149
1423 1149
1422 1149
1421 1149
1420 1149
1419 1149
1418 1150
1417 1150
1416 1150
1415 1150
1414 1150
1413 1151
1412 1151
1411 1151
1410 1152
1409 1152
1408 1152
1407 1153
1406 1153
1405 1153
1404 1153
1403 1154
1402 1154
1401 1154
1400 1155
1399 1155
1398 1155
1397 1156
1396 1156
1395 1156
1394 1157
1393 1157
1392 1158
1391 1158
1390 1158
1389 1159
1388 1159
1387 1159
1386 1160
1385 1160
1384 1161
1383 1161
1382 1162
1381 1162
1380 1163
1379 1163
1378 1164
1377 1164
1376 1165
1375 1165
1374 1166
1373 1167
1372 1167
1371 1168
1370 1169
1370 1170
1369 1171
1369 1172
1368 1173
1367 1174
1367 1175
1366 1176
1366 1177
1366 1178
1365 1179
1365 1180
1364 1181
1364 1182
1363 1183
1363 1184
1363 1185
1363 1186
1363 1187
1363 1188
1363 1189
1363 1190
1362 1191
1362 1192
1362 1193
1362 1194
1363 1195
1363 1196
1363 1197
1363 1198
1363 1199
1363 1200
1364 1201
1364 1202
1364 1203
1364 1204
1365 1205
1365 1206
1365 1207
1365 1208
1365 1209
1365 1210
1365 1211
1366 1212
1366 1213
1366 1214
1366 1215
1366 1216
1366 1217
1366 1218
1367 1219
1367 1220
1367 1221
1367 1222
1367 1223
1367 1224
1368 1225
1368 1226
1368 1227
1368 1228
1369 1229
1369 1230
1369 1231
1369 1232
1369 1233
1369 1234
1369 1235
1370 1236
1370 1237
1370 1238
1370 1239
1370 1240
1370 1241
1371 1242
1371 1243
1371 1244
1372 1245
1372 1246
1372 1247
1372 1248
1372 1249
1372 1250
1372 1251
1373 1252
1373 1253
1373 1254
1373 1255
1374 1256
1374 1257
1374 1258
1374 1259
1374 1260
1375 1261
1375 1262
1375 1263
1375 1264
1375 1265
1375 1266
1375 1267
1375 1268
1376 1269
1376 1270
1376 1271
1376 1272
1376 1273
1377 1274
1377 1275
1377 1276
1377 1277
1377 1278
1377 1279
1378 1280
1378 1281
1378 1282
1378 1283
1378 1284
1378 1285
1378 1286
1379 1287
1379 1288
1379 1289
1379 1290
1379 1291
1379 1292
1379 1293
1380 1294
1380 1295
1380 1296
1380 1297
1380 1298
1381 1299
1381 1300
1381 1301
1381 1302
1381 1303
1381 1304
1381 1305
1382 1306
1382 1307
1382 1308
1382 1309
1382 1310
1382 1311
1382 1312
1382 1313
1382 1314
1383 1315
1383 1316
1383 1317
1383 1318
1382 1319
1383 1320
1383 1321
1383 1322
1383 1323
1383 1324
1383 1325
1383 1326
1383 1327
1383 1328
1383 1329
1383 1330
1383 1331
1384 1332
1384 1333
1384 1334
1384 1335
1384 1336
1384 1337
1384 1338
1384 1339
1384 1340
1385 1341
1385 1342
1385 1343
1385 1344
1385 1345
1385 1346
1385 1347
1385 1348
1385 1349
1386 1350
1386 1351
1386 1352
1386 1353
1386 1354
1386 1355
1386 1356
1387 1357
1387 1358
1387 1359
1387 1360
1387 1361
1387 1362
1387 1363
1388 1364
1388 1365
1388 1366
1388 1367
1388 1368
1388 1369
1388 1370
1388 1371
1389 1372
1389 1373
1389 1374
1389 1375
1389 1376
1390 1377
1390 1378
1390 1379
1390 1380
1390 1381
1391 1382
1391 1383
1391 1384
1391 1385
1392 1386
1392 1387
1392 1388
1393 1389
1394 1390
1394 1391
1395 1392
1396 1393
1396 1394
1397 1395
1398 1396
1399 1397
1400 1398
1401 1398
1402 1399
1403 1400
1404 1401
1405 1402
1406 1402
1407 1403
1408 1403
1409 1404
1410 1405
1411 1405
1412 1405
1413 1406
1414 1406
1415 1406
1416 1407
1417 1407
1418 1408
1419 1408
1420 1408
1421 1408
1422 1409
1423 1409
1424 1410
1425 1410
1426 1410
1427 1411
1428 1411
1429 1411
1430 1411
1431 1411
1432 1412
1433 1412
1434 1412
1435 1412
1436 1413
1437 1413
1438 1413
1439 1413
1440 1413
1441 1413
1442 1414
1443 1414
1444 1414
1445 1415
1446 1415
1447 1415
1448 1415
1449 1415
1450 1414
1451 1414
1452 1414
1453 1414
1454 1414
1455 1414
1456 1413
1457 1413
1458 1413
1459 1413
1460 1412
1461 1412
1462 1411
1463 1410
1464 1410
1465 1409
1466 1409
1467 1408
1468 1408
1468 1407
1469 1406
1470 1405
1471 1404
1472 1403
1473 1402
1473 1401
1474 1400
1474 1399
1474 1398
1475 1397
1475 1396
1475 1395
1476 1394
1476 1393
1476 1392
1477 1391
1477 1390
1477 1389
1477 1388
1477 1387
1478 1386
1478 1385
1478 1384
1478 1383
1479 1382
1479 1381
1479 1380
1479 1379
1479 1378
1479 1377
1480 1376
1480 1375
1480 1374
1480 1373
1480 1372
1480 1371
1480 1370
1480 1369
1480 1368
1480 1367
1480 1366
1480 1365
1480 1364
1480 1363
1480 1362
1480 1361
1480 1360
1480 1359
1480 1358
1480 1357
1480 1356
1480 1355
1480 1354
1480 1353
1481 1352
1481 1351
1481 1350
1481 1349
1481 1348
1481 1347
1481 1346
1481 1345
1481 1344
1481 1343
1481 1342
1481 1341
1481 1340
1481 1339
1481 1338
1481 1337
1481 1336
1481 1335
1481 1334
1482 1333
1482 1332
1482 1331
1482 1330
1481 1329
1481 1328
1482 1327
1482 1326
1482 1325
1482 1324
1482 1323
1482 1322
1482 1321
1482 1320
1482 1319
1482 1318
1482 1317
1483 1316
1483 1315
1483 1314
1482 1313
1482 1312
1482 1311
1483 1310
1483 1309
1483 1308
1483 1307
1483 1306
1483 1305
1483 1304
1483 1303
1483 1302
1483 1301
1483 1300
1483 1299
1483 1298
1483 1297
1483 1296
1483 1295
1483 1294
1483 1293
1483 1292
1483 1291
1483 1290
1483 1289
1483 1288
1483 1287
1483 1286
1483 1285
1483 1284
1483 1283
1483 1282
1483 1281
1483 1280
1483 1279
1483 1278
1483 1277
1483 1276
1483 1275
1483 1274
1484 1273
1483 1272
1483 1271
1483 1270
1483 1269
1483 1268
1483 1267
1483 1266
1484 1265
1483 1264
1483 1263
1483 1262
1483 1261
1483 1260
1483 1259
1483 1258
1483 1257
1483 1256
1483 1255
1483 1254
1483 1253
1483 1252
1483 1251
1483 1250
1483 1249
1483 1248
1483 1247
1483 1246
1483 1245
1483 1244
1483 1243
1483 1242
1483 1241
1483 1240
1483 1239
1483 1238
1483 1237
1483 1236
1483 1235
1483 1234
1483 1233
1483 1232
1483 1231
1483 1230
1483 1229
1483 1228
1483 1227
1483 1226
1483 1225
1483 1224
1483 1223
1483 1222
1483 1221
1483 1220
1482 1219
1482 1218
1482 1217
1482 1216
1482 1215
1483 1214
1483 1213
1482 1212
1482 1211
1482 1210
1482 1209
1482 1208
1482 1207
1482 1206
1483 1205
1482 1204
1482 1203
1482 1202
1482 1201
1482 1200
1482 1199
1482 1198
1482 1197
1482 1196
1482 1195
1482 1194
1482 1193
1482 1192
1482 1191
1482 1190
1482 1189
1482 1188
1482 1187
1482 1186
1482 1185
1482 1184
1482 1183
1482 1182
1482 1181
1482 1180
1482 1179
1482 1178
1482 1177
1482 1176
1482 1175
1482 1174
1482 1173
1482 1172
1482 1171
1482 1170
1481 1169
1481 1168
1481 1167
1481 1166
1481 1165
1481 1164
1481 1163
1480 1162
1480 1161
1479 1160
1478 1159
1478 1158
1477 1157
1476 1156
1476 1155
1475 1154
1474 1153
1474 1152
1473 1151
1472 1150
1472 1149
1471 1148
1470 1148
1469 1148
1468 1147
1467 1147
1466 1146
1465 1146
1464 1145
1463 1145
1462 1145
1461 1145
1460 1145
1459 1145
1458 1145
1457 1145
1456 1145
1455 1145
1454 1145
1453 1145
1452 1146
1451 1146
1450 1145
1449 1145
1448 1145
1447 1145
1446 1145
