1454 711
1453 712
1452 713
1452 714
1451 715
1451 716
1450 717
1450 718
1449 719
1449 720
1448 721
1448 722
1447 723
1447 724
1446 725
1446 726
1445 727
1445 728
1445 729
1444 730
1444 731
1443 732
1443 733
1442 734
1442 735
1442 736
1441 737
1441 738
1440 739
1440 740
1439 741
1439 742
1438 743
1438 744
1437 745
1437 746
1436 747
1436 748
1436 749
1435 750
1435 751
1435 752
1435 753
1434 754
1434 755
1433 756
1433 757
1433 758
1432 759
1432 760
1431 761
1431 762
1431 763
1430 764
1430 765
1429 766
1429 767
1429 768
1428 769
1428 770
1427 771
1427 772
1426 773
1426 774
1425 775
1424 776
1424 777
1424 778
1423 779
1422 780
1422 781
1421 782
1421 783
1420 784
1420 785
1420 786
1419 787
1419 788
1418 789
1417 790
1417 791
1416 792
1416 793
1415 794
1415 795
1414 796
1414 797
1413 798
1413 799
1412 800
1411 801
1411 802
1410 803
1410 804
1409 805
1409 806
1408 807
1407 808
1407 809
1406 810
1406 811
1405 812
1404 813
1404 814
1404 815
1403 816
1403 817
1402 818
1402 819
1402 820
1401 821
1401 822
1400 823
1400 824
1400 825
1399 826
1399 827
1398 828
1398 829
1398 830
1397 831
1397 832
1397 833
1397 834
1397 835
1397 836
1397 837
1397 838
1397 839
1397 840
1397 841
1397 842
1397 843
1397 844
1397 845
1396 846
1396 847
1396 848
1396 849
1396 850
1396 851
1396 852
1396 853
1397 854
1397 855
1397 856
1397 857
1397 858
1398 859
1398 860
1399 861
1399 862
1400 863
1400 864
1401 865
1401 866
1402 867
1402 868
1403 869
1403 870
1403 871
1404 872
1404 873
1404 874
1405 875
1405 876
1406 877
1406 878
1406 879
1407 880
1407 881
1407 882
1408 883
1408 884
1408 885
1409 886
1409 887
1409 888
1409 889
1410 890
1410 891
1410 892
1410 893
1410 894
1410 895
1410 896
1410 897
1411 898
1411 899
1411 900
1411 901
1411 902
1411 903
1411 904
1411 905
1411 906
1411 907
1411 908
1411 909
1411 910
1411 911
1411 912
1412 913
1412 914
1412 915
1412 916
1412 917
1412 918
1412 919
1413 920
1413 921
1413 922
1413 923
1413 924
1413 925
1414 926
1414 927
1414 928
1414 929
1414 930
1414 931
1414 932
1415 933
1415 934
1415 935
1415 936
1415 937
1415 938
1415 939
1415 940
1415 941
1415 942
1415 943
1415 944
1415 945
1415 946
1415 947
1415 948
1415 949
1415 950
1415 951
1416 952
1416 953
1416 954
1416 955
1416 956
1416 957
1416 958
1416 959
1416 960
1416 961
1416 962
1416 963
1416 964
1416 965
1416 966
1416 967
1416 968
1416 969
1416 970
1416 971
1416 972
1416 973
1417 974
1417 975
1417 976
1417 977
1417 978
1417 979
1417 980
1417 981
1417 982
1417 983
1417 984
1417 985
1417 986
1417 987
1417 988
1417 989
1417 990
1418 991
1418 992
1418 993
1418 994
1418 995
1418 996
1418 997
1418 998
1418 999
1418 1000
1418 1001
1418 1002
1418 1003
1419 1004
1419 1005
1419 1006
1419 1007
1419 1008
1419 1009
1419 1010
1419 1011
1420 1012
1420 1013
1420 1014
1420 1015
1420 1016
1421 1017
1421 1018
1421 1019
1421 1020
1422 1021
1422 1022
1422 1023
1422 1024
1422 1025
1423 1026
1423 1027
1423 1028
1423 1029
1423 1030
1423 1031
1424 1032
1424 1033
1424 1034
1424 1035
1424 1036
1425 1037
1425 1038
1425 1039
1426 1040
1427 1041
1428 1042
1429 1043
1430 1043
1431 1044
1432 1045
1433 1046
1434 1046
1435 1047
1436 1048
1437 1048
1438 1049
1439 1049
1440 1050
1441 1050
1442 1050
1443 1051
1444 1051
1445 1052
1446 1052
1447 1053
1448 1053
1449 1052
1450 1052
1451 1052
1452 1051
1453 1051
1454 1051
1455 1051
1456 1051
1457 1050
1457 1049
1458 1048
1458 1047
1458 1046
1459 1045
1459 1044
1460 1043
1460 1042
1461 1041
1461 1040
1462 1039
1462 1038
1463 1037
1463 1036
1464 1035
1464 1034
1464 1033
1465 1032
1465 1031
1466 1030
1466 1029
1466 1028
1466 1027
1467 1026
1467 1025
1467 1024
1467 1023
1467 1022
1467 1021
1467 1020
1468 1019
1468 1018
1468 1017
1468 1016
1468 1015
1468 1014
1468 1013
1468 1012
1468 1011
1468 1010
1468 1009
1468 1008
1468 1007
1468 1006
1468 1005
1468 1004
1468 1003
1468 1002
1468 1001
1468 1000
1468 999
1468 998
1468 997
1468 996
1468 995
1468 994
1468 993
1468 992
1468 991
1468 990
1468 989
1468 988
1469 987
1469 986
1469 985
1469 984
1469 983
1469 982
1469 981
1469 980
1469 979
1469 978
1469 977
1469 976
1469 975
1470 974
1470 973
1470 972
1470 971
1470 970
1470 969
1470 968
1470 967
1470 966
1470 965
1470 964
1470 963
1470 962
1470 961
1470 960
1470 959
1470 958
1470 957
1470 956
1470 955
1470 954
1470 953
1470 952
1470 951
1470 950
1470 949
1470 948
1470 947
1471 946
1471 945
1471 944
1471 943
1471 942
1471 941
1471 940
1471 939
1471 938
1471 937
1472 936
1472 935
1472 934
1472 933
1472 932
1472 931
1472 930
1472 929
1472 928
1472 927
1472 926
1472 925
1473 924
1473 923
1473 922
1473 921
1473 920
1473 919
1473 918
1473 917
1473 916
1473 915
1473 914
1473 913
1473 912
1473 911
1473 910
1473 909
1473 908
1473 907
1473 906
1474 905
1474 904
1474 903
1473 902
1473 901
1473 900
1473 899
1473 898
1473 897
1473 896
1473 895
1473 894
1473 893
1473 892
1474 891
1474 890
1474 889
1474 888
1474 887
1474 886
1475 885
1475 884
1475 883
1475 882
1475 881
1475 880
1476 879
1476 878
1476 877
1476 876
1476 875
1477 874
1477 873
1477 872
1477 871
1477 870
1477 869
1477 868
1477 867
1477 866
1477 865
1477 864
1477 863
1477 862
1477 861
1478 860
1478 859
1478 858
1478 857
1478 856
1478 855
1478 854
1478 853
1479 852
1479 851
1479 850
1479 849
1479 848
1480 847
1480 846
1480 845
1481 844
1481 843
1481 842
1481 841
1481 840
1481 839
1481 838
1481 837
1481 836
1481 835
1481 834
1481 833
1481 832
1481 831
1481 830
1482 829
1482 828
1482 827
1482 826
1482 825
1482 824
1482 823
1482 822
1482 821
1482 820
1482 819
1482 818
1482 817
1482 816
1482 815
1482 814
1482 813
1481 812
1481 811
1481 810
1481 809
1481 808
1481 807
1480 806
1480 805
1480 804
1480 803
1480 802
1480 801
1479 800
1479 799
1479 798
1479 797
1479 796
1479 795
1479 794
1478 793
1478 792
1478 791
1478 790
1478 789
1478 788
1478 787
1478 786
1478 785
1478 784
1478 783
1478 782
1478 781
1477 780
1477 779
1477 778
1477 777
1477 776
1477 775
1477 774
1477 773
1477 772
1477 771
1477 770
1477 769
1476 768
1476 767
1476 766
1476 765
1476 764
1476 763
1476 762
1476 761
1476 760
1476 759
1476 758
1476 757
1476 756
1476 755
1476 754
1475 753
1475 752
1475 751
1475 750
1475 749
1475 748
1475 747
1475 746
1474 745
1474 744
1474 743
1474 742
1474 741
1474 740
1473 739
1473 738
1473 737
1473 736
1473 735
1472 734
1472 733
1472 732
1472 731
1472 730
1471 729
1471 728
1471 727
1471 726
1470 725
1470 724
1470 723
1469 722
1469 721
1468 720
1468 719
1467 718
1467 717
1466 716
1466 715
1465 714
1465 713
1464 712
1464 711
1463 711
1462 711
1461 711
1460 711
1459 711
1458 711
1457 711
1456 711
1455 711
1454 711
