1452 301
1451 302
1450 302
1449 302
1448 303
1447 303
1446 303
1445 303
1444 303
1443 304
1442 304
1441 304
1440 305
1439 305
1438 306
1437 306
1436 307
1435 308
1434 308
1433 309
1432 309
1432 310
1431 311
1430 312
1430 313
1429 314
1428 315
1428 316
1427 317
1426 318
1425 319
1425 320
1424 321
1424 322
1424 323
1424 324
1423 325
1423 326
1423 327
1423 328
1423 329
1422 330
1422 331
1422 332
1422 333
1422 334
1422 335
1422 336
1422 337
1422 338
1422 339
1422 340
1422 341
1422 342
1422 343
1422 344
1421 345
1422 346
1422 347
1422 348
1422 349
1421 350
1421 351
1421 352
1421 353
1421 354
1421 355
1422 356
1422 357
1422 358
1422 359
1422 360
1422 361
1422 362
1422 363
1422 364
1422 365
1422 366
1422 367
1422 368
1422 369
1423 370
1423 371
1423 372
1422 373
1422 374
1422 375
1422 376
1423 377
1423 378
1423 379
1423 380
1423 381
1423 382
1423 383
1423 384
1423 385
1423 386
1423 387
1423 388
1423 389
1424 390
1424 391
1424 392
1423 393
1423 394
1423 395
1423 396
1423 397
1424 398
1424 399
1424 400
1424 401
1424 402
1424 403
1424 404
1424 405
1424 406
1424 407
1424 408
1424 409
1424 410
1424 411
1425 412
1424 413
1424 414
1424 415
1424 416
1424 417
1424 418
1425 419
1425 420
1425 421
1425 422
1425 423
1425 424
1425 425
1424 426
1424 427
1424 428
1424 429
1425 430
1425 431
1425 432
1425 433
1425 434
1425 435
1425 436
1424 437
1424 438
1424 439
1424 440
1424 441
1425 442
1425 443
1425 444
1425 445
1425 446
1425 447
1425 448
1425 449
1425 450
1425 451
1425 452
1425 453
1425 454
1425 455
1425 456
1425 457
1425 458
1425 459
1425 460
1425 461
1425 462
1425 463
1425 464
1425 465
1425 466
1425 467
1425 468
1425 469
1425 470
1425 471
1425 472
1425 473
1425 474
1425 475
1425 476
1425 477
1425 478
1425 479
1425 480
1425 481
1425 482
1425 483
1425 484
1425 485
1426 486
1425 487
1425 488
1425 489
1425 490
1425 491
1425 492
1425 493
1425 494
1425 495
1426 496
1426 497
1425 498
1425 499
1425 500
1425 501
1425 502
1425 503
1425 504
1425 505
1425 506
1425 507
1425 508
1425 509
1425 510
1425 511
1425 512
1425 513
1425 514
1425 515
1425 516
1425 517
1425 518
1425 519
1425 520
1425 521
1425 522
1425 523
1425 524
1425 525
1425 526
1425 527
1425 528
1425 529
1425 530
1425 531
1425 532
1425 533
1425 534
1425 535
1425 536
1425 537
1425 538
1425 539
1425 540
1425 541
1425 542
1425 543
1425 544
1425 545
1425 546
1425 547
1425 548
1425 549
1425 550
1425 551
1425 552
1425 553
1425 554
1425 555
1425 556
1426 557
1426 558
1426 559
1426 560
1426 561
1426 562
1426 563
1426 564
1426 565
1426 566
1426 567
1426 568
1426 569
1426 570
1426 571
1426 572
1426 573
1426 574
1426 575
1425 576
1425 577
1426 578
1426 579
1426 580
1426 581
1426 582
1425 583
1425 584
1425 585
1425 586
1425 587
1425 588
1426 589
1426 590
1426 591
1426 592
1426 593
1426 594
1426 595
1426 596
1425 597
1425 598
1426 599
1426 600
1426 601
1426 602
1426 603
1426 604
1426 605
1426 606
1426 607
1426 608
1426 609
1426 610
1426 611
1426 612
1426 613
1426 614
1426 615
1426 616
1426 617
1426 618
1427 619
1427 620
1428 621
1428 622
1429 623
1429 624
1429 625
1429 626
1430 627
1430 628
1430 629
1431 630
1431 631
1432 632
1432 633
1433 634
1433 635
1434 636
1434 637
1434 638
1435 639
1435 640
1436 641
1436 642
1437 643
1437 644
1438 645
1438 646
1439 647
1440 648
1440 649
1441 650
1441 651
1442 652
1443 653
1443 654
1444 655
1445 656
1446 656
1447 657
1448 658
1449 659
1450 659
1451 660
1452 661
1453 661
1454 660
1455 659
1456 659
1457 659
1458 658
1459 657
1460 657
1461 656
1462 656
1463 656
1464 655
1465 655
1466 654
1467 654
1468 653
1469 653
1470 652
1471 651
1471 650
1472 649
1473 648
1473 647
1474 646
1474 645
1475 644
1476 643
1476 642
1476 641
1477 640
1477 639
1478 638
1478 637
1478 636
1479 635
1479 634
1479 633
1479 632
1480 631
1480 630
1480 629
1480 628
1481 627
1481 626
1481 625
1481 624
1481 623
1481 622
1481 621
1481 620
1481 619
1481 618
1481 617
1481 616
1482 615
1482 614
1482 613
1482 612
1481 611
1481 610
1481 609
1481 608
1481 607
1481 606
1482 605
1482 604
1482 603
1482 602
1482 601
1482 600
1482 599
1481 598
1481 597
1482 596
1482 595
1482 594
1482 593
1482 592
1482 591
1482 590
1482 589
1482 588
1482 587
1482 586
1482 585
1482 584
1482 583
1482 582
1483 581
1483 580
1483 579
1483 578
1483 577
1483 576
1483 575
1483 574
1483 573
1483 572
1483 571
1484 570
1484 569
1483 568
1483 567
1483 566
1483 565
1484 564
1484 563
1484 562
1484 561
1484 560
1484 559
1484 558
1484 557
1484 556
1484 555
1484 554
1484 553
1484 552
1484 551
1484 550
1484 549
1484 548
1484 547
1484 546
1484 545
1484 544
1484 543
1484 542
1484 541
1484 540
1484 539
1484 538
1484 537
1484 536
1484 535
1484 534
1484 533
1484 532
1484 531
1484 530
1484 529
1484 528
1484 527
1484 526
1484 525
1484 524
1484 523
1484 522
1484 521
1484 520
1484 519
1484 518
1484 517
1484 516
1484 515
1484 514
1484 513
1484 512
1484 511
1484 510
1484 509
1484 508
1484 507
1484 506
1483 505
1483 504
1483 503
1483 502
1483 501
1483 500
1483 499
1483 498
1483 497
1483 496
1483 495
1483 494
1483 493
1483 492
1483 491
1483 490
1483 489
1483 488
1483 487
1483 486
1483 485
1483 484
1483 483
1483 482
1482 481
1483 480
1483 479
1483 478
1483 477
1483 476
1483 475
1482 474
1482 473
1482 472
1482 471
1482 470
1482 469
1482 468
1482 467
1482 466
1482 465
1483 464
1482 463
1482 462
1482 461
1482 460
1482 459
1482 458
1482 457
1482 456
1482 455
1482 454
1482 453
1482 452
1482 451
1482 450
1482 449
1482 448
1482 447
1482 446
1482 445
1482 444
1482 443
1481 442
1481 441
1481 440
1481 439
1481 438
1481 437
1481 436
1481 435
1481 434
1481 433
1481 432
1481 431
1481 430
1481 429
1480 428
1481 427
1481 426
1481 425
1481 424
1481 423
1481 422
1481 421
1481 420
1480 419
1480 418
1480 417
1480 416
1480 415
1480 414
1480 413
1480 412
1480 411
1480 410
1480 409
1480 408
1480 407
1480 406
1480 405
1480 404
1480 403
1480 402
1480 401
1480 400
1480 399
1480 398
1480 397
1479 396
1479 395
1479 394
1479 393
1479 392
1479 391
1479 390
1479 389
1479 388
1479 387
1479 386
1479 385
1479 384
1479 383
1479 382
1479 381
1479 380
1479 379
1479 378
1479 377
1478 376
1478 375
1479 374
1479 373
1479 372
1479 371
1479 370
1479 369
1478 368
1478 367
1478 366
1478 365
1478 364
1478 363
1478 362
1478 361
1478 360
1478 359
1478 358
1478 357
1478 356
1478 355
1478 354
1478 353
1478 352
1478 351
1478 350
1478 349
1478 348
1477 347
1477 346
1477 345
1477 344
1477 343
1477 342
1477 341
1477 340
1477 339
1477 338
1477 337
1477 336
1477 335
1477 334
1477 333
1477 332
1477 331
1477 330
1477 329
1477 328
1477 327
1477 326
1476 325
1476 324
1476 323
1476 322
1476 321
1476 320
1476 319
1476 318
1476 317
1475 316
1475 315
1474 314
1474 313
1473 312
1473 311
1473 310
1473 309
1472 308
1472 307
1471 306
1470 305
1469 304
1468 303
1467 302
1466 301
1465 301
1464 301
1463 301
1462 301
1461 301
1460 301
1459 301
1458 301
1457 301
1456 301
1455 301
1454 301
1453 301
1452 301
