1481 30
1480 31
1479 31
1478 31
1477 31
1476 31
1475 32
1474 32
1473 32
1472 32
1471 33
1470 33
1469 33
1468 34
1467 34
1466 35
1465 35
1464 36
1463 37
1462 37
1461 38
1460 39
1459 40
1458 41
1457 42
1456 42
1456 43
1455 44
1454 45
1453 45
1452 46
1451 47
1451 48
1450 49
1449 50
1448 51
1448 52
1447 53
1446 54
1446 55
1445 56
1444 57
1443 58
1443 59
1442 60
1441 61
1441 62
1440 63
1440 64
1439 65
1438 66
1438 67
1437 68
1436 69
1436 70
1435 71
1435 72
1434 73
1433 74
1433 75
1432 76
1431 77
1431 78
1430 79
1430 80
1429 81
1429 82
1428 83
1428 84
1427 85
1427 86
1426 87
1426 88
1425 89
1425 90
1425 91
1424 92
1423 93
1423 94
1423 95
1422 96
1422 97
1422 98
1421 99
1421 100
1420 101
1420 102
1420 103
1420 104
1420 105
1420 106
1421 107
1421 108
1421 109
1421 110
1421 111
1421 112
1421 113
1421 114
1422 115
1422 116
1423 117
1423 118
1423 119
1424 120
1424 121
1424 122
1424 123
1425 124
1425 125
1426 126
1426 127
1426 128
1427 129
1427 130
1427 131
1428 132
1428 133
1429 134
1429 135
1429 136
1430 137
1430 138
1431 139
1431 140
1431 141
1432 142
1432 143
1433 144
1433 145
1433 146
1434 147
1434 148
1435 149
1435 150
1436 151
1436 152
1436 153
1437 154
1437 155
1437 156
1438 157
1438 158
1438 159
1439 160
1439 161
1440 162
1440 163
1440 164
1441 165
1441 166
1442 167
1442 168
1443 169
1443 170
1443 171
1444 172
1444 173
1445 174
1445 175
1445 176
1446 177
1446 178
1446 179
1447 180
1447 181
1448 182
1448 183
1448 184
1449 185
1449 186
1450 187
1450 188
1450 189
1451 190
1452 191
1453 192
1453 193
1454 194
1455 195
1455 196
1456 197
1457 198
1457 199
1458 200
1459 201
1460 202
1460 203
1461 204
1462 205
1463 206
1464 207
1464 208
1465 209
1466 210
1467 211
1468 212
1469 213
1470 214
1471 215
1472 216
1473 216
1474 217
1475 217
1476 218
1477 218
1478 219
1479 220
1480 220
1481 220
1482 220
1483 220
1484 221
1485 221
1486 221
1487 221
1488 222
1489 221
1490 220
1491 219
1492 218
1493 217
1494 216
1494 215
1495 214
1495 213
1496 212
1496 211
1496 210
1497 209
1497 208
1497 207
1497 206
1498 205
1498 204
1498 203
1498 202
1499 201
1499 200
1499 199
1499 198
1499 197
1499 196
1499 195
1500 194
1500 193
1500 192
1500 191
1500 190
1500 189
1501 188
1501 187
1501 186
1501 185
1501 184
1501 183
1501 182
1501 181
1502 180
1501 179
1501 178
1502 177
1502 176
1502 175
1502 174
1502 173
1503 172
1503 171
1503 170
1503 169
1503 168
1503 167
1503 166
1503 165
1504 164
1504 163
1504 162
1504 161
1504 160
1504 159
1504 158
1504 157
1504 156
1504 155
1504 154
1504 153
1504 152
1504 151
1504 150
1504 149
1504 148
1504 147
1504 146
1504 145
1504 144
1504 143
1505 142
1504 141
1504 140
1504 139
1505 138
1505 137
1505 136
1505 135
1505 134
1505 133
1505 132
1505 131
1505 130
1505 129
1505 128
1505 127
1505 126
1505 125
1505 124
1505 123
1505 122
1506 121
1506 120
1505 119
1505 118
1506 117
1506 116
1506 115
1505 114
1506 113
1506 112
1506 111
1506 110
1506 109
1506 108
1506 107
1506 106
1506 105
1506 104
1506 103
1506 102
1506 101
1506 100
1506 99
1505 98
1505 97
1505 96
1505 95
1505 94
1505 93
1505 92
1505 91
1505 90
1505 89
1505 88
1505 87
1505 86
1505 85
1504 84
1505 83
1505 82
1504 81
1504 80
1504 79
1504 78
1504 77
1504 76
1504 75
1504 74
1504 73
1504 72
1504 71
1504 70
1504 69
1504 68
1504 67
1504 66
1504 65
1504 64
1503 63
1503 62
1503 61
1503 60
1503 59
1503 58
1503 57
1502 56
1502 55
1502 54
1502 53
1502 52
1502 51
1501 50
1501 49
1501 48
1501 47
1501 46
1501 45
1501 44
1500 43
1500 42
1500 41
1499 40
1499 39
1499 38
1498 37
1498 36
1497 35
1496 34
1495 34
1494 33
1493 33
1492 32
1491 31
1490 31
1489 31
1488 31
1487 31
1486 31
1485 31
1484 31
1483 31
1482 30
1481 30
