1256 2409
1255 2410
1254 2410
1253 2411
1252 2412
1251 2412
1250 2413
1249 2413
1248 2414
1247 2415
1246 2415
1245 2416
1244 2417
1243 2418
1242 2419
1241 2420
1240 2421
1239 2422
1238 2423
1238 2424
1237 2425
1237 2426
1236 2427
1236 2428
1235 2429
1235 2430
1234 2431
1233 2432
1233 2433
1232 2434
1232 2435
1231 2436
1230 2437
1230 2438
1229 2439
1229 2440
1228 2441
1227 2442
1227 2443
1226 2444
1226 2445
1225 2446
1225 2447
1224 2448
1223 2449
1223 2450
1222 2451
1222 2452
1221 2453
1221 2454
1220 2455
1219 2456
1219 2457
1218 2458
1218 2459
1217 2460
1217 2461
1216 2462
1216 2463
1215 2464
1215 2465
1214 2466
1214 2467
1213 2468
1213 2469
1213 2470
1212 2471
1212 2472
1211 2473
1211 2474
1210 2475
1210 2476
1209 2477
1208 2478
1208 2479
1207 2480
1207 2481
1206 2482
1206 2483
1205 2484
1205 2485
1204 2486
1203 2487
1203 2488
1202 2489
1202 2490
1201 2491
1201 2492
1200 2493
1200 2494
1199 2495
1199 2496
1199 2497
1199 2498
1199 2499
1198 2500
1198 2501
1198 2502
1198 2503
1198 2504
1198 2505
1198 2506
1198 2507
1198 2508
1198 2509
1199 2510
1199 2511
1199 2512
1199 2513
1199 2514
1200 2515
1200 2516
1200 2517
1200 2518
1200 2519
1200 2520
1201 2521
1201 2522
1201 2523
1201 2524
1201 2525
1202 2526
1202 2527
1202 2528
1202 2529
1202 2530
1202 2531
1203 2532
1203 2533
1203 2534
1203 2535
1203 2536
1203 2537
1204 2538
1204 2539
1204 2540
1204 2541
1205 2542
1205 2543
1205 2544
1206 2545
1206 2546
1206 2547
1207 2548
1207 2549
1207 2550
1207 2551
1208 2552
1208 2553
1208 2554
1209 2555
1209 2556
1209 2557
1210 2558
1210 2559
1210 2560
1210 2561
1211 2562
1211 2563
1211 2564
1212 2565
1212 2566
1212 2567
1212 2568
1213 2569
1213 2570
1213 2571
1213 2572
1214 2573
1214 2574
1214 2575
1214 2576
1215 2577
1215 2578
1215 2579
1216 2580
1216 2581
1216 2582
1217 2583
1217 2584
1217 2585
1218 2586
1218 2587
1218 2588
1219 2589
1219 2590
1219 2591
1219 2592
1220 2593
1220 2594
1220 2595
1221 2596
1221 2597
1221 2598
1221 2599
1222 2600
1222 2601
1222 2602
1223 2603
1223 2604
1223 2605
1223 2606
1223 2607
1223 2608
1223 2609
1224 2610
1224 2611
1224 2612
1224 2613
1224 2614
1224 2615
1225 2616
1225 2617
1225 2618
1225 2619
1225 2620
1225 2621
1225 2622
1226 2623
1226 2624
1226 2625
1226 2626
1226 2627
1227 2628
1227 2629
1227 2630
1227 2631
1228 2632
1228 2633
1228 2634
1229 2635
1229 2636
1229 2637
1230 2638
1230 2639
1230 2640
1231 2641
1231 2642
1231 2643
1232 2644
1232 2645
1232 2646
1233 2647
1233 2648
1233 2649
1234 2650
1234 2651
1234 2652
1235 2653
1235 2654
1235 2655
1236 2656
1236 2657
1237 2658
1237 2659
1238 2660
1239 2661
1240 2662
1240 2663
1241 2664
1242 2664
1243 2664
1244 2664
1245 2663
1246 2663
1247 2662
1248 2662
1249 2661
1250 2661
1251 2661
1252 2660
1253 2659
1254 2658
1255 2657
1255 2656
1256 2655
1257 2654
1258 2653
1259 2652
1259 2651
1260 2650
1261 2649
1261 2648
1262 2647
1263 2646
1263 2645
1264 2644
1265 2643
1265 2642
1266 2641
1266 2640
1267 2639
1267 2638
1268 2637
1268 2636
1269 2635
1269 2634
1269 2633
1270 2632
1270 2631
1270 2630
1271 2629
1271 2628
1271 2627
1272 2626
1272 2625
1272 2624
1272 2623
1273 2622
1273 2621
1273 2620
1273 2619
1274 2618
1274 2617
1274 2616
1274 2615
1274 2614
1274 2613
1274 2612
1274 2611
1275 2610
1275 2609
1275 2608
1275 2607
1275 2606
1275 2605
1275 2604
1275 2603
1276 2602
1276 2601
1276 2600
1276 2599
1276 2598
1276 2597
1276 2596
1276 2595
1276 2594
1276 2593
1276 2592
1276 2591
1276 2590
1276 2589
1276 2588
1276 2587
1276 2586
1276 2585
1276 2584
1276 2583
1276 2582
1276 2581
1276 2580
1276 2579
1276 2578
1276 2577
1276 2576
1276 2575
1276 2574
1276 2573
1276 2572
1276 2571
1276 2570
1276 2569
1276 2568
1276 2567
1276 2566
1276 2565
1276 2564
1276 2563
1276 2562
1276 2561
1276 2560
1276 2559
1276 2558
1276 2557
1276 2556
1276 2555
1276 2554
1276 2553
1276 2552
1276 2551
1276 2550
1276 2549
1276 2548
1276 2547
1276 2546
1276 2545
1276 2544
1276 2543
1276 2542
1276 2541
1276 2540
1276 2539
1276 2538
1276 2537
1276 2536
1276 2535
1276 2534
1276 2533
1276 2532
1276 2531
1277 2530
1277 2529
1277 2528
1277 2527
1277 2526
1277 2525
1276 2524
1276 2523
1276 2522
1276 2521
1276 2520
1276 2519
1276 2518
1276 2517
1276 2516
1276 2515
1276 2514
1276 2513
1276 2512
1276 2511
1276 2510
1276 2509
1276 2508
1276 2507
1276 2506
1276 2505
1276 2504
1276 2503
1276 2502
1276 2501
1276 2500
1276 2499
1276 2498
1276 2497
1276 2496
1276 2495
1276 2494
1276 2493
1276 2492
1276 2491
1276 2490
1276 2489
1276 2488
1276 2487
1276 2486
1276 2485
1276 2484
1276 2483
1275 2482
1275 2481
1275 2480
1275 2479
1275 2478
1274 2477
1274 2476
1274 2475
1274 2474
1274 2473
1274 2472
1274 2471
1273 2470
1273 2469
1273 2468
1273 2467
1273 2466
1273 2465
1273 2464
1273 2463
1273 2462
1273 2461
1272 2460
1272 2459
1272 2458
1272 2457
1272 2456
1272 2455
1272 2454
1272 2453
1272 2452
1272 2451
1271 2450
1271 2449
1271 2448
1271 2447
1271 2446
1271 2445
1271 2444
1270 2443
1270 2442
1270 2441
1270 2440
1270 2439
1270 2438
1270 2437
1270 2436
1270 2435
1269 2434
1269 2433
1269 2432
1269 2431
1269 2430
1269 2429
1269 2428
1269 2427
1269 2426
1268 2425
1268 2424
1268 2423
1267 2422
1267 2421
1267 2420
1266 2419
1266 2418
1266 2417
1265 2416
1265 2415
1264 2414
1263 2413
1262 2413
1261 2412
1260 2412
1259 2411
1258 2410
1257 2410
1256 2409
