1262 2048
1261 2049
1260 2050
1259 2050
1258 2051
1257 2052
1256 2053
1255 2054
1254 2055
1253 2055
1252 2056
1251 2057
1250 2058
1249 2059
1248 2060
1248 2061
1247 2062
1247 2063
1246 2064
1246 2065
1245 2066
1245 2067
1244 2068
1244 2069
1243 2070
1243 2071
1243 2072
1242 2073
1242 2074
1241 2075
1241 2076
1241 2077
1241 2078
1240 2079
1240 2080
1239 2081
1239 2082
1239 2083
1238 2084
1238 2085
1237 2086
1237 2087
1237 2088
1237 2089
1236 2090
1236 2091
1235 2092
1235 2093
1234 2094
1234 2095
1234 2096
1234 2097
1233 2098
1233 2099
1233 2100
1232 2101
1232 2102
1231 2103
1230 2104
1230 2105
1230 2106
1229 2107
1229 2108
1228 2109
1228 2110
1227 2111
1227 2112
1226 2113
1226 2114
1226 2115
1225 2116
1225 2117
1225 2118
1224 2119
1224 2120
1223 2121
1223 2122
1223 2123
1223 2124
1222 2125
1222 2126
1222 2127
1222 2128
1222 2129
1221 2130
1221 2131
1220 2132
1220 2133
1220 2134
1219 2135
1219 2136
1218 2137
1218 2138
1218 2139
1217 2140
1216 2141
1216 2142
1216 2143
1215 2144
1215 2145
1215 2146
1214 2147
1214 2148
1213 2149
1213 2150
1212 2151
1212 2152
1211 2153
1210 2154
1209 2155
1209 2156
1208 2157
1207 2158
1206 2159
1205 2160
1204 2161
1204 2162
1203 2163
1202 2164
1202 2165
1202 2166
1201 2167
1201 2168
1200 2169
1200 2170
1200 2171
1199 2172
1199 2173
1199 2174
1198 2175
1198 2176
1197 2177
1197 2178
1196 2179
1196 2180
1196 2181
1195 2182
1195 2183
1194 2184
1194 2185
1194 2186
1194 2187
1193 2188
1193 2189
1193 2190
1193 2191
1193 2192
1193 2193
1192 2194
1192 2195
1192 2196
1191 2197
1191 2198
1191 2199
1190 2200
1190 2201
1190 2202
1190 2203
1189 2204
1189 2205
1189 2206
1188 2207
1188 2208
1188 2209
1188 2210
1188 2211
1188 2212
1188 2213
1188 2214
1187 2215
1187 2216
1186 2217
1186 2218
1186 2219
1185 2220
1185 2221
1185 2222
1185 2223
1184 2224
1184 2225
1183 2226
1183 2227
1182 2228
1182 2229
1182 2230
1182 2231
1181 2232
1181 2233
1180 2234
1180 2235
1179 2236
1179 2237
1179 2238
1179 2239
1178 2240
1178 2241
1178 2242
1177 2243
1177 2244
1176 2245
1176 2246
1176 2247
1175 2248
1175 2249
1175 2250
1175 2251
1174 2252
1174 2253
1174 2254
1173 2255
1174 2256
1174 2257
1174 2258
1174 2259
1174 2260
1175 2261
1175 2262
1175 2263
1175 2264
1175 2265
1175 2266
1176 2267
1176 2268
1176 2269
1177 2270
1177 2271
1177 2272
1178 2273
1178 2274
1178 2275
1178 2276
1179 2277
1179 2278
1180 2279
1180 2280
1180 2281
1181 2282
1181 2283
1182 2284
1182 2285
1183 2286
1183 2287
1184 2288
1184 2289
1184 2290
1184 2291
1185 2292
1185 2293
1185 2294
1185 2295
1186 2296
1186 2297
1186 2298
1187 2299
1187 2300
1187 2301
1187 2302
1188 2303
1188 2304
1188 2305
1188 2306
1189 2307
1189 2308
1190 2309
1190 2310
1191 2311
1191 2312
1191 2313
1192 2314
1192 2315
1193 2316
1193 2317
1194 2318
1194 2319
1195 2320
1195 2321
1195 2322
1196 2323
1196 2324
1197 2325
1197 2326
1198 2327
1198 2328
1199 2329
1199 2330
1200 2331
1200 2332
1200 2333
1201 2334
1201 2335
1202 2336
1202 2337
1202 2338
1202 2339
1203 2340
1203 2341
1204 2342
1204 2343
1205 2344
1205 2345
1206 2346
1206 2347
1207 2348
1207 2349
1207 2350
1208 2351
1208 2352
1209 2353
1209 2354
1210 2355
1210 2356
1211 2357
1212 2358
1212 2359
1213 2360
1213 2361
1214 2362
1214 2363
1215 2364
1216 2365
1216 2366
1217 2367
1218 2368
1218 2369
1219 2370
1219 2371
1220 2372
1221 2373
1222 2374
1223 2375
1224 2376
1225 2377
1226 2378
1227 2379
1228 2380
1229 2380
1230 2380
1231 2380
1232 2381
1233 2381
1234 2381
1235 2381
1236 2382
1237 2382
1238 2383
1239 2383
1240 2383
1241 2383
1242 2382
1243 2382
1244 2381
1245 2381
1246 2381
1247 2381
1248 2380
1249 2380
1250 2379
1251 2379
1252 2378
1253 2378
1254 2377
1255 2376
1256 2376
1257 2375
1258 2374
1259 2373
1260 2372
1261 2371
1262 2370
1263 2369
1264 2368
1265 2367
1266 2366
1267 2365
1268 2364
1269 2364
1270 2363
1270 2362
1271 2361
1272 2360
1272 2359
1273 2358
1274 2357
1275 2356
1275 2355
1276 2354
1276 2353
1277 2352
1277 2351
1277 2350
1278 2349
1278 2348
1279 2347
1279 2346
1280 2345
1280 2344
1280 2343
1280 2342
1280 2341
1280 2340
1281 2339
1281 2338
1281 2337
1282 2336
1282 2335
1282 2334
1282 2333
1282 2332
1283 2331
1283 2330
1283 2329
1284 2328
1284 2327
1284 2326
1284 2325
1284 2324
1284 2323
1284 2322
1284 2321
1284 2320
1284 2319
1284 2318
1285 2317
1285 2316
1285 2315
1285 2314
1285 2313
1285 2312
1285 2311
1285 2310
1285 2309
1285 2308
1285 2307
1285 2306
1285 2305
1285 2304
1285 2303
1285 2302
1286 2301
1286 2300
1286 2299
1286 2298
1286 2297
1286 2296
1286 2295
1286 2294
1286 2293
1286 2292
1286 2291
1286 2290
1286 2289
1286 2288
1286 2287
1286 2286
1286 2285
1286 2284
1286 2283
1286 2282
1286 2281
1286 2280
1287 2279
1287 2278
1287 2277
1287 2276
1287 2275
1287 2274
1287 2273
1288 2272
1288 2271
1288 2270
1288 2269
1288 2268
1288 2267
1288 2266
1289 2265
1289 2264
1289 2263
1289 2262
1289 2261
1290 2260
1290 2259
1290 2258
1290 2257
1290 2256
1290 2255
1290 2254
1291 2253
1291 2252
1291 2251
1291 2250
1291 2249
1291 2248
1291 2247
1291 2246
1291 2245
1291 2244
1292 2243
1291 2242
1292 2241
1292 2240
1292 2239
1292 2238
1292 2237
1292 2236
1292 2235
1292 2234
1292 2233
1292 2232
1292 2231
1292 2230
1292 2229
1292 2228
1292 2227
1292 2226
1292 2225
1293 2224
1293 2223
1293 2222
1293 2221
1293 2220
1293 2219
1293 2218
1292 2217
1292 2216
1292 2215
1292 2214
1292 2213
1292 2212
1292 2211
1292 2210
1292 2209
1291 2208
1291 2207
1291 2206
1291 2205
1291 2204
1291 2203
1291 2202
1291 2201
1290 2200
1290 2199
1290 2198
1290 2197
1290 2196
1290 2195
1290 2194
1290 2193
1290 2192
1291 2191
1291 2190
1291 2189
1291 2188
1291 2187
1291 2186
1291 2185
1291 2184
1291 2183
1291 2182
1291 2181
1291 2180
1291 2179
1291 2178
1291 2177
1291 2176
1291 2175
1291 2174
1291 2173
1290 2172
1290 2171
1290 2170
1290 2169
1290 2168
1290 2167
1290 2166
1290 2165
1290 2164
1290 2163
1290 2162
1290 2161
1290 2160
1290 2159
1290 2158
1290 2157
1290 2156
1290 2155
1290 2154
1290 2153
1290 2152
1290 2151
1290 2150
1290 2149
1290 2148
1290 2147
1290 2146
1290 2145
1290 2144
1290 2143
1289 2142
1289 2141
1289 2140
1289 2139
1289 2138
1289 2137
1289 2136
1289 2135
1289 2134
1288 2133
1288 2132
1288 2131
1288 2130
1288 2129
1289 2128
1289 2127
1289 2126
1289 2125
1289 2124
1289 2123
1289 2122
1289 2121
1289 2120
1289 2119
1289 2118
1289 2117
1290 2116
1290 2115
1290 2114
1289 2113
1289 2112
1289 2111
1289 2110
1289 2109
1289 2108
1289 2107
1289 2106
1289 2105
1289 2104
1289 2103
1289 2102
1289 2101
1289 2100
1289 2099
1289 2098
1289 2097
1289 2096
1288 2095
1288 2094
1288 2093
1288 2092
1288 2091
1288 2090
1288 2089
1288 2088
1288 2087
1288 2086
1288 2085
1287 2084
1287 2083
1287 2082
1287 2081
1287 2080
1287 2079
1287 2078
1287 2077
1287 2076
1287 2075
1286 2074
1286 2073
1286 2072
1286 2071
1286 2070
1285 2069
1285 2068
1285 2067
1284 2066
1284 2065
1283 2064
1282 2063
1281 2062
1280 2061
1279 2060
1278 2059
1277 2058
1277 2057
1276 2056
1275 2055
1274 2054
1273 2053
1272 2052
1271 2051
1270 2051
1269 2051
1268 2050
1267 2050
1266 2049
1265 2049
1264 2048
1263 2048
1262 2048
