1275 1563
1274 1564
1273 1564
1272 1565
1271 1565
1270 1566
1269 1566
1268 1567
1267 1568
1267 1569
1266 1570
1265 1571
1265 1572
1264 1573
1264 1574
1263 1575
1263 1576
1262 1577
1262 1578
1261 1579
1261 1580
1261 1581
1260 1582
1260 1583
1259 1584
1259 1585
1258 1586
1258 1587
1258 1588
1257 1589
1257 1590
1256 1591
1256 1592
1256 1593
1255 1594
1255 1595
1254 1596
1254 1597
1254 1598
1253 1599
1253 1600
1253 1601
1252 1602
1252 1603
1252 1604
1251 1605
1251 1606
1251 1607
1250 1608
1250 1609
1250 1610
1249 1611
1249 1612
1248 1613
1248 1614
1248 1615
1247 1616
1247 1617
1247 1618
1246 1619
1246 1620
1246 1621
1245 1622
1245 1623
1244 1624
1244 1625
1244 1626
1243 1627
1243 1628
1243 1629
1242 1630
1242 1631
1242 1632
1241 1633
1241 1634
1240 1635
1240 1636
1240 1637
1239 1638
1239 1639
1239 1640
1238 1641
1238 1642
1237 1643
1237 1644
1237 1645
1236 1646
1236 1647
1236 1648
1235 1649
1235 1650
1234 1651
1234 1652
1234 1653
1233 1654
1233 1655
1232 1656
1232 1657
1231 1658
1231 1659
1231 1660
1230 1661
1230 1662
1229 1663
1229 1664
1228 1665
1228 1666
1227 1667
1227 1668
1227 1669
1226 1670
1226 1671
1225 1672
1225 1673
1224 1674
1224 1675
1224 1676
1223 1677
1223 1678
1222 1679
1222 1680
1222 1681
1221 1682
1221 1683
1220 1684
1220 1685
1219 1686
1219 1687
1219 1688
1218 1689
1218 1690
1217 1691
1217 1692
1216 1693
1216 1694
1215 1695
1215 1696
1215 1697
1214 1698
1214 1699
1213 1700
1213 1701
1212 1702
1212 1703
1211 1704
1211 1705
1210 1706
1210 1707
1209 1708
1209 1709
1209 1710
1208 1711
1208 1712
1207 1713
1207 1714
1206 1715
1206 1716
1205 1717
1205 1718
1205 1719
1204 1720
1204 1721
1203 1722
1203 1723
1202 1724
1202 1725
1201 1726
1201 1727
1200 1728
1200 1729
1199 1730
1199 1731
1198 1732
1198 1733
1197 1734
1197 1735
1196 1736
1196 1737
1195 1738
1195 1739
1194 1740
1194 1741
1193 1742
1193 1743
1192 1744
1192 1745
1191 1746
1191 1747
1190 1748
1190 1749
1189 1750
1189 1751
1188 1752
1188 1753
1187 1754
1187 1755
1186 1756
1186 1757
1185 1758
1185 1759
1184 1760
1184 1761
1183 1762
1183 1763
1182 1764
1182 1765
1181 1766
1181 1767
1180 1768
1180 1769
1179 1770
1178 1771
1178 1772
1177 1773
1176 1774
1176 1775
1175 1776
1175 1777
1174 1778
1173 1779
1173 1780
1172 1781
1171 1782
1171 1783
1170 1784
1170 1785
1169 1786
1169 1787
1168 1788
1167 1789
1167 1790
1166 1791
1166 1792
1166 1793
1165 1794
1165 1795
1165 1796
1165 1797
1164 1798
1164 1799
1164 1800
1164 1801
1164 1802
1164 1803
1164 1804
1164 1805
1164 1806
1164 1807
1163 1808
1163 1809
1164 1810
1164 1811
1164 1812
1165 1813
1165 1814
1165 1815
1166 1816
1166 1817
1166 1818
1167 1819
1167 1820
1168 1821
1168 1822
1169 1823
1169 1824
1169 1825
1170 1826
1170 1827
1171 1828
1171 1829
1172 1830
1172 1831
1172 1832
1173 1833
1173 1834
1174 1835
1174 1836
1174 1837
1175 1838
1175 1839
1176 1840
1176 1841
1176 1842
1177 1843
1177 1844
1177 1845
1178 1846
1178 1847
1179 1848
1179 1849
1179 1850
1180 1851
1180 1852
1180 1853
1181 1854
1181 1855
1181 1856
1182 1857
1182 1858
1183 1859
1183 1860
1183 1861
1184 1862
1184 1863
1184 1864
1185 1865
1185 1866
1185 1867
1186 1868
1186 1869
1187 1870
1187 1871
1187 1872
1188 1873
1188 1874
1189 1875
1189 1876
1189 1877
1190 1878
1190 1879
1191 1880
1191 1881
1192 1882
1192 1883
1193 1884
1193 1885
1193 1886
1194 1887
1194 1888
1195 1889
1195 1890
1196 1891
1196 1892
1197 1893
1197 1894
1197 1895
1198 1896
1198 1897
1199 1898
1199 1899
1199 1900
1200 1901
1200 1902
1201 1903
1201 1904
1201 1905
1202 1906
1202 1907
1203 1908
1203 1909
1203 1910
1204 1911
1204 1912
1204 1913
1205 1914
1205 1915
1206 1916
1206 1917
1206 1918
1207 1919
1207 1920
1207 1921
1208 1922
1208 1923
1208 1924
1209 1925
1209 1926
1209 1927
1210 1928
1210 1929
1211 1930
1211 1931
1211 1932
1212 1933
1212 1934
1213 1935
1213 1936
1213 1937
1214 1938
1214 1939
1215 1940
1215 1941
1215 1942
1216 1943
1216 1944
1217 1945
1217 1946
1217 1947
1218 1948
1218 1949
1218 1950
1219 1951
1219 1952
1220 1953
1220 1954
1220 1955
1221 1956
1221 1957
1222 1958
1222 1959
1223 1960
1223 1961
1223 1962
1224 1963
1224 1964
1225 1965
1225 1966
1225 1967
1226 1968
1226 1969
1226 1970
1227 1971
1227 1972
1228 1973
1228 1974
1228 1975
1229 1976
1229 1977
1229 1978
1230 1979
1230 1980
1231 1981
1231 1982
1231 1983
1232 1984
1232 1985
1233 1986
1233 1987
1234 1988
1234 1989
1235 1990
1235 1991
1236 1992
1236 1993
1237 1994
1238 1994
1239 1995
1240 1995
1241 1996
1242 1996
1243 1997
1244 1998
1245 1998
1246 1999
1247 1999
1248 2000
1249 2000
1250 2001
1251 2001
1252 2002
1253 2002
1254 2001
1255 2000
1256 1999
1257 1998
1258 1997
1259 1996
1260 1995
1261 1995
1262 1994
1263 1993
1264 1992
1265 1991
1265 1990
1266 1989
1266 1988
1267 1987
1267 1986
1268 1985
1268 1984
1269 1983
1269 1982
1270 1981
1270 1980
1270 1979
1271 1978
1271 1977
1271 1976
1272 1975
1272 1974
1272 1973
1273 1972
1273 1971
1273 1970
1274 1969
1274 1968
1274 1967
1275 1966
1275 1965
1275 1964
1275 1963
1276 1962
1276 1961
1276 1960
1276 1959
1277 1958
1277 1957
1277 1956
1278 1955
1278 1954
1278 1953
1279 1952
1279 1951
1279 1950
1279 1949
1280 1948
1280 1947
1280 1946
1280 1945
1280 1944
1281 1943
1281 1942
1281 1941
1281 1940
1281 1939
1282 1938
1282 1937
1282 1936
1282 1935
1282 1934
1282 1933
1282 1932
1282 1931
1283 1930
1283 1929
1283 1928
1283 1927
1283 1926
1283 1925
1284 1924
1284 1923
1284 1922
1284 1921
1284 1920
1284 1919
1284 1918
1284 1917
1285 1916
1285 1915
1285 1914
1286 1913
1286 1912
1286 1911
1286 1910
1287 1909
1287 1908
1287 1907
1287 1906
1288 1905
1288 1904
1288 1903
1288 1902
1289 1901
1289 1900
1289 1899
1289 1898
1290 1897
1290 1896
1290 1895
1290 1894
1290 1893
1290 1892
1291 1891
1291 1890
1291 1889
1291 1888
1291 1887
1291 1886
1292 1885
1292 1884
1292 1883
1292 1882
1292 1881
1292 1880
1292 1879
1293 1878
1293 1877
1293 1876
1293 1875
1293 1874
1293 1873
1293 1872
1293 1871
1294 1870
1294 1869
1294 1868
1294 1867
1294 1866
1294 1865
1295 1864
1295 1863
1295 1862
1295 1861
1295 1860
1295 1859
1295 1858
1295 1857
1296 1856
1296 1855
1296 1854
1296 1853
1296 1852
1296 1851
1296 1850
1296 1849
1296 1848
1296 1847
1296 1846
1297 1845
1297 1844
1297 1843
1297 1842
1297 1841
1297 1840
1297 1839
1297 1838
1297 1837
1298 1836
1298 1835
1298 1834
1298 1833
1298 1832
1298 1831
1299 1830
1299 1829
1299 1828
1299 1827
1299 1826
1299 1825
1299 1824
1299 1823
1300 1822
1300 1821
1300 1820
1300 1819
1300 1818
1300 1817
1300 1816
1300 1815
1300 1814
1300 1813
1300 1812
1300 1811
1300 1810
1300 1809
1300 1808
1300 1807
1300 1806
1300 1805
1300 1804
1300 1803
1300 1802
1300 1801
1300 1800
1301 1799
1301 1798
1301 1797
1301 1796
1301 1795
1301 1794
1301 1793
1301 1792
1301 1791
1301 1790
1301 1789
1301 1788
1301 1787
1301 1786
1301 1785
1301 1784
1301 1783
1301 1782
1301 1781
1301 1780
1301 1779
1301 1778
1301 1777
1301 1776
1301 1775
1301 1774
1301 1773
1301 1772
1301 1771
1301 1770
1301 1769
1301 1768
1301 1767
1301 1766
1301 1765
1301 1764
1301 1763
1301 1762
1301 1761
1301 1760
1301 1759
1301 1758
1301 1757
1301 1756
1301 1755
1301 1754
1301 1753
1301 1752
1301 1751
1301 1750
1301 1749
1301 1748
1301 1747
1301 1746
1301 1745
1301 1744
1301 1743
1301 1742
1301 1741
1301 1740
1301 1739
1301 1738
1301 1737
1301 1736
1301 1735
1301 1734
1302 1733
1302 1732
1302 1731
1302 1730
1302 1729
1302 1728
1302 1727
1302 1726
1302 1725
1302 1724
1302 1723
1302 1722
1302 1721
1302 1720
1302 1719
1302 1718
1302 1717
1302 1716
1302 1715
1301 1714
1301 1713
1301 1712
1301 1711
1301 1710
1301 1709
1301 1708
1301 1707
1301 1706
1301 1705
1301 1704
1300 1703
1300 1702
1300 1701
1300 1700
1300 1699
1300 1698
1300 1697
1300 1696
1300 1695
1300 1694
1300 1693
1300 1692
1300 1691
1300 1690
1300 1689
1300 1688
1300 1687
1300 1686
1300 1685
1299 1684
1299 1683
1299 1682
1299 1681
1299 1680
1299 1679
1299 1678
1299 1677
1299 1676
1299 1675
1299 1674
1299 1673
1299 1672
1299 1671
1299 1670
1299 1669
1298 1668
1298 1667
1298 1666
1298 1665
1298 1664
1298 1663
1298 1662
1298 1661
1298 1660
1298 1659
1298 1658
1298 1657
1298 1656
1298 1655
1298 1654
1297 1653
1297 1652
1297 1651
1297 1650
1297 1649
1297 1648
1297 1647
1297 1646
1297 1645
1297 1644
1297 1643
1297 1642
1297 1641
1297 1640
1296 1639
1296 1638
1296 1637
1296 1636
1296 1635
1296 1634
1296 1633
1296 1632
1296 1631
1296 1630
1296 1629
1296 1628
1295 1627
1295 1626
1295 1625
1295 1624
1295 1623
1295 1622
1295 1621
1295 1620
1294 1619
1294 1618
1294 1617
1294 1616
1294 1615
1294 1614
1293 1613
1293 1612
1293 1611
1293 1610
1293 1609
1293 1608
1293 1607
1293 1606
1292 1605
1292 1604
1292 1603
1292 1602
1292 1601
1292 1600
1292 1599
1292 1598
1291 1597
1291 1596
1291 1595
1291 1594
1291 1593
1291 1592
1291 1591
1291 1590
1291 1589
1291 1588
1290 1587
1290 1586
1290 1585
1290 1584
1289 1583
1289 1582
1289 1581
1289 1580
1288 1579
1288 1578
1288 1577
1287 1576
1287 1575
1287 1574
1287 1573
1287 1572
1286 1571
1286 1570
1285 1569
1285 1568
1284 1567
1283 1566
1282 1565
1282 1564
1281 1564
1280 1564
1279 1564
1278 1563
1277 1563
1276 1563
1275 1563
