1259 1152
1258 1153
1257 1153
1256 1153
1255 1154
1254 1155
1253 1155
1252 1156
1251 1157
1250 1158
1249 1159
1248 1160
1247 1161
1246 1162
1246 1163
1245 1164
1244 1165
1243 1166
1243 1167
1242 1168
1241 1169
1240 1170
1240 1171
1239 1172
1238 1173
1238 1174
1237 1175
1237 1176
1236 1177
1236 1178
1235 1179
1234 1180
1234 1181
1233 1182
1233 1183
1232 1184
1231 1185
1231 1186
1230 1187
1229 1188
1229 1189
1228 1190
1228 1191
1227 1192
1227 1193
1226 1194
1226 1195
1225 1196
1225 1197
1224 1198
1224 1199
1224 1200
1223 1201
1223 1202
1222 1203
1222 1204
1222 1205
1221 1206
1221 1207
1221 1208
1220 1209
1220 1210
1220 1211
1219 1212
1219 1213
1219 1214
1218 1215
1218 1216
1218 1217
1218 1218
1217 1219
1217 1220
1217 1221
1217 1222
1216 1223
1216 1224
1216 1225
1216 1226
1216 1227
1215 1228
1215 1229
1215 1230
1215 1231
1215 1232
1215 1233
1215 1234
1215 1235
1215 1236
1215 1237
1215 1238
1215 1239
1215 1240
1215 1241
1215 1242
1215 1243
1215 1244
1215 1245
1215 1246
1215 1247
1215 1248
1215 1249
1215 1250
1215 1251
1215 1252
1215 1253
1215 1254
1215 1255
1215 1256
1215 1257
1215 1258
1216 1259
1216 1260
1216 1261
1216 1262
1217 1263
1217 1264
1217 1265
1217 1266
1217 1267
1218 1268
1218 1269
1218 1270
1218 1271
1218 1272
1218 1273
1219 1274
1219 1275
1219 1276
1219 1277
1219 1278
1220 1279
1220 1280
1220 1281
1220 1282
1220 1283
1220 1284
1221 1285
1221 1286
1221 1287
1221 1288
1222 1289
1222 1290
1222 1291
1222 1292
1222 1293
1222 1294
1222 1295
1223 1296
1223 1297
1223 1298
1223 1299
1223 1300
1223 1301
1223 1302
1224 1303
1224 1304
1224 1305
1224 1306
1224 1307
1224 1308
1224 1309
1225 1310
1225 1311
1225 1312
1225 1313
1225 1314
1225 1315
1225 1316
1226 1317
1226 1318
1226 1319
1226 1320
1226 1321
1226 1322
1226 1323
1227 1324
1227 1325
1227 1326
1227 1327
1227 1328
1228 1329
1228 1330
1228 1331
1228 1332
1228 1333
1228 1334
1229 1335
1229 1336
1229 1337
1229 1338
1229 1339
1229 1340
1229 1341
1229 1342
1230 1343
1230 1344
1230 1345
1230 1346
1230 1347
1230 1348
1230 1349
1230 1350
1230 1351
1231 1352
1231 1353
1231 1354
1231 1355
1231 1356
1231 1357
1231 1358
1232 1359
1232 1360
1232 1361
1232 1362
1232 1363
1232 1364
1232 1365
1233 1366
1233 1367
1233 1368
1233 1369
1233 1370
1233 1371
1234 1372
1234 1373
1234 1374
1234 1375
1234 1376
1234 1377
1234 1378
1234 1379
1235 1380
1235 1381
1235 1382
1235 1383
1235 1384
1235 1385
1235 1386
1235 1387
1235 1388
1235 1389
1235 1390
1235 1391
1236 1392
1236 1393
1236 1394
1236 1395
1236 1396
1236 1397
1236 1398
1236 1399
1236 1400
1236 1401
1237 1402
1237 1403
1237 1404
1237 1405
1237 1406
1237 1407
1237 1408
1237 1409
1237 1410
1237 1411
1238 1412
1238 1413
1238 1414
1238 1415
1238 1416
1238 1417
1238 1418
1238 1419
1238 1420
1238 1421
1238 1422
1238 1423
1239 1424
1239 1425
1239 1426
1239 1427
1239 1428
1239 1429
1239 1430
1239 1431
1239 1432
1239 1433
1239 1434
1239 1435
1239 1436
1239 1437
1239 1438
1239 1439
1239 1440
1240 1441
1240 1442
1240 1443
1240 1444
1240 1445
1240 1446
1240 1447
1240 1448
1240 1449
1240 1450
1240 1451
1240 1452
1240 1453
1241 1454
1241 1455
1241 1456
1241 1457
1241 1458
1241 1459
1241 1460
1241 1461
1241 1462
1241 1463
1241 1464
1241 1465
1241 1466
1241 1467
1241 1468
1241 1469
1241 1470
1241 1471
1241 1472
1241 1473
1241 1474
1241 1475
1241 1476
1241 1477
1241 1478
1241 1479
1241 1480
1241 1481
1240 1482
1240 1483
1240 1484
1240 1485
1240 1486
1240 1487
1240 1488
1240 1489
1240 1490
1240 1491
1240 1492
1240 1493
1240 1494
1240 1495
1240 1496
1240 1497
1240 1498
1240 1499
1240 1500
1240 1501
1240 1502
1239 1503
1239 1504
1239 1505
1239 1506
1239 1507
1239 1508
1239 1509
1239 1510
1239 1511
1240 1512
1240 1513
1241 1514
1241 1515
1241 1516
1242 1517
1243 1518
1244 1518
1245 1519
1246 1519
1247 1520
1248 1521
1249 1521
1250 1521
1251 1521
1252 1521
1253 1521
1254 1521
1255 1521
1256 1521
1257 1521
1258 1521
1259 1521
1260 1520
1261 1520
1262 1520
1263 1519
1264 1519
1265 1519
1266 1518
1267 1517
1268 1517
1269 1516
1270 1515
1271 1515
1272 1514
1273 1513
1274 1512
1275 1512
1276 1511
1277 1511
1278 1510
1279 1509
1280 1509
1281 1508
1282 1507
1283 1506
1284 1505
1284 1504
1285 1503
1286 1502
1287 1501
1287 1500
1288 1499
1288 1498
1288 1497
1288 1496
1288 1495
1289 1494
1289 1493
1289 1492
1289 1491
1289 1490
1289 1489
1289 1488
1289 1487
1289 1486
1289 1485
1289 1484
1289 1483
1289 1482
1289 1481
1289 1480
1289 1479
1290 1478
1290 1477
1290 1476
1290 1475
1290 1474
1290 1473
1290 1472
1290 1471
1290 1470
1290 1469
1290 1468
1290 1467
1290 1466
1290 1465
1290 1464
1290 1463
1290 1462
1290 1461
1290 1460
1290 1459
1290 1458
1290 1457
1290 1456
1290 1455
1290 1454
1290 1453
1290 1452
1290 1451
1290 1450
1290 1449
1290 1448
1290 1447
1290 1446
1290 1445
1290 1444
1290 1443
1290 1442
1290 1441
1290 1440
1290 1439
1290 1438
1290 1437
1290 1436
1290 1435
1290 1434
1290 1433
1290 1432
1290 1431
1290 1430
1290 1429
1290 1428
1290 1427
1290 1426
1290 1425
1290 1424
1290 1423
1290 1422
1290 1421
1290 1420
1290 1419
1290 1418
1290 1417
1290 1416
1290 1415
1290 1414
1290 1413
1290 1412
1290 1411
1290 1410
1290 1409
1290 1408
1290 1407
1290 1406
1290 1405
1290 1404
1290 1403
1290 1402
1290 1401
1290 1400
1290 1399
1290 1398
1290 1397
1290 1396
1290 1395
1290 1394
1290 1393
1290 1392
1290 1391
1290 1390
1290 1389
1290 1388
1290 1387
1290 1386
1290 1385
1290 1384
1290 1383
1290 1382
1290 1381
1290 1380
1290 1379
1291 1378
1291 1377
1291 1376
1291 1375
1291 1374
1291 1373
1291 1372
1291 1371
1291 1370
1291 1369
1291 1368
1291 1367
1291 1366
1291 1365
1291 1364
1291 1363
1291 1362
1291 1361
1291 1360
1291 1359
1291 1358
1291 1357
1291 1356
1292 1355
1292 1354
1292 1353
1292 1352
1292 1351
1292 1350
1292 1349
1292 1348
1292 1347
1292 1346
1292 1345
1292 1344
1292 1343
1292 1342
1291 1341
1291 1340
1291 1339
1291 1338
1291 1337
1292 1336
1292 1335
1292 1334
1292 1333
1292 1332
1292 1331
1292 1330
1292 1329
1292 1328
1292 1327
1292 1326
1292 1325
1292 1324
1292 1323
1292 1322
1292 1321
1292 1320
1292 1319
1292 1318
1292 1317
1292 1316
1292 1315
1292 1314
1292 1313
1292 1312
1292 1311
1292 1310
1292 1309
1292 1308
1292 1307
1292 1306
1292 1305
1292 1304
1292 1303
1292 1302
1292 1301
1292 1300
1292 1299
1292 1298
1292 1297
1292 1296
1292 1295
1292 1294
1292 1293
1292 1292
1292 1291
1292 1290
1291 1289
1291 1288
1291 1287
1291 1286
1291 1285
1291 1284
1290 1283
1290 1282
1290 1281
1290 1280
1290 1279
1290 1278
1290 1277
1289 1276
1289 1275
1289 1274
1289 1273
1289 1272
1289 1271
1289 1270
1289 1269
1289 1268
1289 1267
1289 1266
1289 1265
1289 1264
1289 1263
1289 1262
1289 1261
1289 1260
1289 1259
1289 1258
1289 1257
1289 1256
1289 1255
1289 1254
1289 1253
1289 1252
1289 1251
1289 1250
1288 1249
1288 1248
1288 1247
1288 1246
1288 1245
1288 1244
1288 1243
1288 1242
1288 1241
1288 1240
1287 1239
1287 1238
1287 1237
1287 1236
1287 1235
1287 1234
1287 1233
1287 1232
1287 1231
1287 1230
1286 1229
1286 1228
1286 1227
1286 1226
1286 1225
1286 1224
1285 1223
1285 1222
1285 1221
1285 1220
1284 1219
1284 1218
1284 1217
1283 1216
1283 1215
1283 1214
1283 1213
1282 1212
1282 1211
1282 1210
1282 1209
1281 1208
1281 1207
1281 1206
1281 1205
1281 1204
1281 1203
1280 1202
1280 1201
1280 1200
1280 1199
1280 1198
1280 1197
1280 1196
1280 1195
1280 1194
1280 1193
1280 1192
1279 1191
1279 1190
1279 1189
1279 1188
1279 1187
1279 1186
1279 1185
1279 1184
1279 1183
1279 1182
1279 1181
1278 1180
1278 1179
1278 1178
1278 1177
1278 1176
1278 1175
1277 1174
1277 1173
1277 1172
1276 1171
1276 1170
1276 1169
1276 1168
1275 1167
1275 1166
1275 1165
1275 1164
1274 1163
1274 1162
1274 1161
1273 1160
1273 1159
1273 1158
1272 1157
1272 1156
1272 1155
1271 1155
1270 1155
1269 1155
1268 1154
1267 1154
1266 1154
1265 1154
1264 1153
1263 1153
1262 1153
1261 1153
1260 1153
1259 1152
