1283 761
1282 762
1281 763
1280 764
1279 765
1278 766
1277 767
1276 768
1276 769
1275 770
1274 771
1273 772
1272 773
1272 774
1271 775
1271 776
1270 777
1270 778
1269 779
1268 780
1268 781
1267 782
1267 783
1266 784
1266 785
1266 786
1265 787
1265 788
1264 789
1264 790
1264 791
1263 792
1263 793
1262 794
1262 795
1262 796
1262 797
1261 798
1261 799
1261 800
1261 801
1260 802
1260 803
1260 804
1259 805
1259 806
1259 807
1258 808
1258 809
1258 810
1257 811
1257 812
1257 813
1257 814
1256 815
1256 816
1256 817
1255 818
1255 819
1255 820
1255 821
1254 822
1254 823
1254 824
1253 825
1253 826
1253 827
1253 828
1252 829
1252 830
1251 831
1251 832
1251 833
1250 834
1250 835
1250 836
1249 837
1249 838
1248 839
1248 840
1248 841
1248 842
1248 843
1247 844
1247 845
1246 846
1246 847
1246 848
1245 849
1245 850
1245 851
1244 852
1244 853
1244 854
1243 855
1243 856
1243 857
1242 858
1242 859
1242 860
1241 861
1241 862
1241 863
1241 864
1240 865
1240 866
1240 867
1239 868
1239 869
1239 870
1239 871
1239 872
1238 873
1238 874
1237 875
1237 876
1237 877
1237 878
1237 879
1236 880
1236 881
1235 882
1235 883
1236 884
1236 885
1236 886
1236 887
1236 888
1236 889
1235 890
1236 891
1236 892
1236 893
1236 894
1236 895
1236 896
1236 897
1236 898
1236 899
1236 900
1237 901
1237 902
1237 903
1237 904
1237 905
1237 906
1238 907
1238 908
1238 909
1238 910
1238 911
1238 912
1239 913
1239 914
1239 915
1239 916
1240 917
1240 918
1240 919
1240 920
1240 921
1240 922
1241 923
1241 924
1241 925
1241 926
1241 927
1241 928
1242 929
1242 930
1242 931
1242 932
1242 933
1242 934
1242 935
1243 936
1243 937
1243 938
1243 939
1243 940
1243 941
1244 942
1244 943
1244 944
1244 945
1244 946
1244 947
1244 948
1245 949
1245 950
1245 951
1245 952
1245 953
1245 954
1245 955
1246 956
1246 957
1246 958
1246 959
1246 960
1246 961
1246 962
1246 963
1247 964
1247 965
1247 966
1247 967
1247 968
1247 969
1247 970
1247 971
1248 972
1248 973
1248 974
1248 975
1248 976
1248 977
1248 978
1248 979
1248 980
1249 981
1249 982
1249 983
1249 984
1249 985
1249 986
1249 987
1249 988
1249 989
1249 990
1249 991
1249 992
1249 993
1250 994
1250 995
1250 996
1250 997
1250 998
1250 999
1250 1000
1250 1001
1250 1002
1250 1003
1251 1004
1251 1005
1250 1006
1251 1007
1251 1008
1251 1009
1251 1010
1251 1011
1251 1012
1251 1013
1251 1014
1251 1015
1251 1016
1252 1017
1252 1018
1252 1019
1252 1020
1252 1021
1252 1022
1252 1023
1252 1024
1252 1025
1252 1026
1252 1027
1252 1028
1252 1029
1253 1030
1253 1031
1253 1032
1253 1033
1253 1034
1253 1035
1253 1036
1253 1037
1253 1038
1253 1039
1253 1040
1253 1041
1254 1042
1253 1043
1254 1044
1254 1045
1254 1046
1254 1047
1254 1048
1254 1049
1254 1050
1254 1051
1254 1052
1254 1053
1254 1054
1254 1055
1254 1056
1254 1057
1254 1058
1255 1059
1255 1060
1255 1061
1255 1062
1255 1063
1255 1064
1255 1065
1255 1066
1256 1067
1256 1068
1256 1069
1256 1070
1256 1071
1256 1072
1257 1073
1257 1074
1257 1075
1258 1076
1258 1077
1258 1078
1258 1079
1258 1080
1259 1081
1259 1082
1259 1083
1260 1084
1260 1085
1260 1086
1261 1087
1262 1087
1263 1088
1264 1088
1265 1088
1266 1089
1267 1090
1268 1090
1269 1089
1270 1089
1271 1088
1272 1087
1273 1086
1274 1086
1275 1085
1275 1084
1276 1083
1277 1082
1278 1081
1279 1080
1280 1079
1281 1078
1281 1077
1282 1076
1282 1075
1283 1074
1284 1073
1284 1072
1285 1071
1285 1070
1286 1069
1286 1068
1287 1067
1287 1066
1287 1065
1287 1064
1288 1063
1288 1062
1289 1061
1289 1060
1289 1059
1289 1058
1290 1057
1290 1056
1290 1055
1290 1054
1291 1053
1291 1052
1291 1051
1291 1050
1291 1049
1291 1048
1291 1047
1292 1046
1292 1045
1292 1044
1292 1043
1293 1042
1293 1041
1293 1040
1293 1039
1294 1038
1294 1037
1294 1036
1294 1035
1294 1034
1294 1033
1295 1032
1295 1031
1295 1030
1295 1029
1295 1028
1295 1027
1295 1026
1295 1025
1296 1024
1296 1023
1296 1022
1296 1021
1295 1020
1295 1019
1295 1018
1296 1017
1296 1016
1296 1015
1296 1014
1296 1013
1296 1012
1296 1011
1297 1010
1297 1009
1297 1008
1297 1007
1297 1006
1297 1005
1297 1004
1298 1003
1298 1002
1298 1001
1298 1000
1298 999
1298 998
1298 997
1298 996
1298 995
1298 994
1298 993
1298 992
1298 991
1299 990
1299 989
1299 988
1299 987
1299 986
1299 985
1299 984
1300 983
1300 982
1300 981
1300 980
1300 979
1300 978
1300 977
1300 976
1300 975
1301 974
1301 973
1301 972
1301 971
1301 970
1301 969
1301 968
1301 967
1302 966
1302 965
1302 964
1302 963
1302 962
1302 961
1302 960
1303 959
1303 958
1303 957
1303 956
1303 955
1303 954
1303 953
1303 952
1304 951
1303 950
1303 949
1303 948
1303 947
1304 946
1304 945
1304 944
1304 943
1304 942
1304 941
1303 940
1304 939
1304 938
1304 937
1304 936
1304 935
1304 934
1304 933
1304 932
1304 931
1304 930
1304 929
1304 928
1304 927
1304 926
1304 925
1304 924
1304 923
1304 922
1304 921
1304 920
1304 919
1304 918
1304 917
1305 916
1305 915
1305 914
1305 913
1305 912
1305 911
1305 910
1305 909
1305 908
1305 907
1305 906
1305 905
1305 904
1305 903
1305 902
1305 901
1305 900
1305 899
1305 898
1305 897
1305 896
1305 895
1305 894
1305 893
1305 892
1305 891
1305 890
1305 889
1305 888
1305 887
1305 886
1305 885
1305 884
1305 883
1305 882
1305 881
1305 880
1305 879
1305 878
1305 877
1305 876
1305 875
1305 874
1305 873
1305 872
1306 871
1306 870
1305 869
1305 868
1305 867
1306 866
1306 865
1306 864
1305 863
1305 862
1305 861
1305 860
1305 859
1305 858
1305 857
1305 856
1305 855
1305 854
1305 853
1305 852
1305 851
1305 850
1305 849
1305 848
1305 847
1305 846
1305 845
1305 844
1305 843
1305 842
1305 841
1305 840
1304 839
1304 838
1304 837
1304 836
1305 835
1304 834
1304 833
1304 832
1304 831
1304 830
1304 829
1304 828
1304 827
1304 826
1304 825
1304 824
1304 823
1304 822
1304 821
1304 820
1303 819
1303 818
1303 817
1303 816
1303 815
1303 814
1303 813
1303 812
1303 811
1303 810
1302 809
1302 808
1302 807
1302 806
1302 805
1302 804
1302 803
1302 802
1302 801
1302 800
1302 799
1302 798
1302 797
1301 796
1301 795
1301 794
1301 793
1301 792
1301 791
1301 790
1301 789
1301 788
1300 787
1300 786
1300 785
1300 784
1300 783
1300 782
1300 781
1300 780
1299 779
1299 778
1299 777
1299 776
1299 775
1299 774
1298 773
1298 772
1298 771
1298 770
1297 769
1297 768
1296 767
1296 766
1295 765
1295 764
1294 764
1293 763
1292 763
1291 763
1290 762
1289 762
1288 762
1287 762
1286 761
1285 761
1284 761
1283 761
