1286 505
1285 506
1284 506
1283 506
1282 506
1281 506
1280 506
1279 507
1278 507
1277 507
1276 508
1275 508
1274 508
1273 508
1272 509
1271 510
1270 510
1269 510
1268 511
1267 511
1266 512
1265 512
1264 513
1263 513
1262 514
1261 514
1260 515
1259 515
1258 516
1257 516
1256 517
1255 517
1254 518
1253 519
1252 519
1251 520
1250 521
1249 522
1248 523
1247 524
1247 525
1246 526
1245 527
1245 528
1244 529
1243 530
1243 531
1243 532
1242 533
1242 534
1241 535
1241 536
1241 537
1240 538
1240 539
1240 540
1239 541
1239 542
1238 543
1238 544
1238 545
1237 546
1237 547
1237 548
1236 549
1236 550
1236 551
1235 552
1235 553
1235 554
1234 555
1234 556
1234 557
1233 558
1233 559
1233 560
1232 561
1232 562
1232 563
1231 564
1231 565
1230 566
1230 567
1230 568
1230 569
1229 570
1229 571
1229 572
1228 573
1228 574
1227 575
1227 576
1227 577
1227 578
1226 579
1226 580
1226 581
1225 582
1225 583
1224 584
1224 585
1224 586
1224 587
1224 588
1224 589
1224 590
1223 591
1223 592
1223 593
1223 594
1222 595
1222 596
1222 597
1223 598
1223 599
1223 600
1223 601
1223 602
1223 603
1223 604
1223 605
1223 606
1224 607
1224 608
1224 609
1224 610
1225 611
1225 612
1225 613
1226 614
1226 615
1226 616
1227 617
1227 618
1228 619
1228 620
1228 621
1229 622
1229 623
1229 624
1229 625
1230 626
1230 627
1230 628
1231 629
1231 630
1231 631
1232 632
1232 633
1233 634
1233 635
1233 636
1234 637
1234 638
1235 639
1235 640
1236 641
1236 642
1236 643
1237 644
1237 645
1238 646
1238 647
1238 648
1238 649
1239 650
1239 651
1239 652
1240 653
1240 654
1240 655
1240 656
1240 657
1241 658
1241 659
1241 660
1241 661
1242 662
1242 663
1242 664
1243 665
1243 666
1243 667
1244 668
1244 669
1244 670
1245 671
1246 672
1246 673
1247 674
1247 675
1248 676
1248 677
1249 678
1250 679
1251 680
1251 681
1252 682
1253 683
1254 684
1254 685
1255 686
1256 687
1257 688
1258 689
1259 690
1260 691
1261 692
1262 693
1263 694
1264 695
1265 696
1266 697
1267 698
1268 698
1269 699
1270 700
1271 700
1272 701
1273 701
1274 702
1275 702
1276 703
1277 703
1278 704
1279 704
1280 705
1281 705
1282 706
1283 706
1284 707
1285 707
1286 707
1287 707
1288 707
1289 707
1290 707
1291 707
1292 707
1293 706
1294 706
1295 706
1296 706
1297 705
1298 704
1299 704
1300 703
1301 702
1302 701
1303 700
1304 699
1304 698
1304 697
1305 696
1305 695
1306 694
1306 693
1306 692
1307 691
1307 690
1307 689
1307 688
1307 687
1308 686
1308 685
1308 684
1308 683
1309 682
1309 681
1309 680
1309 679
1309 678
1309 677
1310 676
1310 675
1310 674
1310 673
1310 672
1311 671
1311 670
1311 669
1311 668
1311 667
1311 666
1311 665
1311 664
1311 663
1311 662
1311 661
1311 660
1311 659
1311 658
1311 657
1311 656
1311 655
1311 654
1311 653
1311 652
1311 651
1311 650
1311 649
1311 648
1311 647
1312 646
1312 645
1312 644
1312 643
1312 642
1312 641
1312 640
1312 639
1312 638
1312 637
1312 636
1312 635
1312 634
1313 633
1313 632
1313 631
1313 630
1313 629
1313 628
1313 627
1313 626
1313 625
1314 624
1314 623
1314 622
1314 621
1314 620
1314 619
1314 618
1314 617
1314 616
1315 615
1315 614
1315 613
1315 612
1315 611
1315 610
1315 609
1315 608
1314 607
1314 606
1315 605
1315 604
1315 603
1315 602
1315 601
1315 600
1315 599
1315 598
1315 597
1315 596
1315 595
1315 594
1315 593
1315 592
1315 591
1315 590
1314 589
1314 588
1314 587
1314 586
1314 585
1314 584
1314 583
1314 582
1314 581
1314 580
1314 579
1314 578
1314 577
1314 576
1314 575
1314 574
1314 573
1314 572
1314 571
1314 570
1314 569
1314 568
1314 567
1314 566
1314 565
1314 564
1314 563
1314 562
1314 561
1314 560
1314 559
1314 558
1314 557
1314 556
1314 555
1314 554
1314 553
1314 552
1314 551
1314 550
1314 549
1314 548
1314 547
1313 546
1313 545
1313 544
1313 543
1313 542
1313 541
1313 540
1313 539
1313 538
1313 537
1313 536
1313 535
1312 534
1312 533
1312 532
1312 531
1312 530
1312 529
1312 528
1312 527
1311 526
1311 525
1310 524
1310 523
1310 522
1310 521
1309 520
1309 519
1309 518
1308 517
1308 516
1307 515
1306 514
1305 513
1304 512
1303 511
1302 510
1301 509
1300 508
1299 508
1298 508
1297 508
1296 507
1295 507
1294 506
1293 506
1292 506
1291 506
1290 505
1289 505
1288 505
1287 505
1286 505
