1272 238
1271 239
1270 239
1269 239
1268 239
1267 239
1266 239
1265 239
1264 240
1263 240
1262 241
1261 241
1260 241
1259 241
1258 242
1257 242
1256 243
1255 243
1254 243
1253 244
1252 244
1251 245
1250 245
1249 245
1248 246
1247 246
1246 247
1245 247
1244 248
1243 249
1242 249
1241 250
1240 250
1239 251
1238 251
1237 252
1236 253
1235 254
1234 255
1233 255
1232 256
1231 257
1231 258
1230 259
1229 260
1229 261
1228 262
1227 263
1227 264
1226 265
1226 266
1226 267
1226 268
1226 269
1226 270
1227 271
1227 272
1227 273
1227 274
1227 275
1227 276
1227 277
1227 278
1227 279
1228 280
1228 281
1228 282
1228 283
1228 284
1228 285
1228 286
1228 287
1228 288
1228 289
1228 290
1228 291
1229 292
1229 293
1229 294
1229 295
1229 296
1229 297
1229 298
1230 299
1230 300
1230 301
1230 302
1230 303
1230 304
1230 305
1231 306
1231 307
1231 308
1231 309
1231 310
1231 311
1232 312
1232 313
1232 314
1232 315
1232 316
1232 317
1232 318
1232 319
1232 320
1232 321
1232 322
1232 323
1233 324
1233 325
1233 326
1233 327
1234 328
1234 329
1234 330
1234 331
1235 332
1235 333
1235 334
1235 335
1235 336
1236 337
1236 338
1236 339
1236 340
1236 341
1236 342
1236 343
1237 344
1237 345
1237 346
1237 347
1237 348
1237 349
1237 350
1237 351
1238 352
1238 353
1238 354
1238 355
1238 356
1238 357
1238 358
1238 359
1238 360
1238 361
1238 362
1238 363
1238 364
1238 365
1238 366
1238 367
1238 368
1238 369
1238 370
1238 371
1238 372
1238 373
1238 374
1238 375
1238 376
1239 377
1239 378
1239 379
1239 380
1239 381
1239 382
1239 383
1239 384
1239 385
1239 386
1239 387
1239 388
1239 389
1240 390
1240 391
1240 392
1240 393
1240 394
1241 395
1241 396
1242 397
1242 398
1242 399
1243 400
1243 401
1243 402
1244 403
1244 404
1245 405
1245 406
1245 407
1245 408
1246 409
1246 410
1247 411
1247 412
1247 413
1248 414
1248 415
1249 416
1249 417
1249 418
1250 419
1250 420
1251 421
1251 422
1252 423
1253 424
1254 425
1254 426
1255 427
1256 428
1257 429
1258 430
1259 430
1260 431
1261 432
1262 433
1263 434
1264 434
1265 435
1266 436
1267 437
1268 437
1269 438
1270 438
1271 439
1272 439
1273 440
1274 440
1275 440
1276 441
1277 441
1278 441
1279 442
1280 442
1281 442
1282 442
1283 442
1284 442
1285 441
1286 441
1287 442
1288 442
1289 442
1290 441
1291 441
1292 441
1293 441
1294 442
1295 442
1296 442
1297 442
1298 442
1299 442
1300 442
1301 442
1302 443
1303 443
1304 443
1305 443
1306 442
1307 442
1308 442
1309 442
1310 442
1311 442
1312 442
1313 442
1314 442
1315 442
1316 441
1317 441
1318 440
1319 439
1320 438
1321 438
1322 437
1323 436
1323 435
1324 434
1324 433
1325 432
1325 431
1326 430
1326 429
1327 428
1327 427
1327 426
1327 425
1327 424
1327 423
1327 422
1327 421
1328 420
1328 419
1328 418
1328 417
1328 416
1328 415
1328 414
1328 413
1328 412
1328 411
1328 410
1328 409
1328 408
1329 407
1329 406
1329 405
1328 404
1329 403
1329 402
1329 401
1329 400
1329 399
1329 398
1329 397
1329 396
1329 395
1329 394
1329 393
1329 392
1329 391
1329 390
1329 389
1329 388
1329 387
1329 386
1329 385
1329 384
1329 383
1329 382
1329 381
1329 380
1329 379
1329 378
1329 377
1329 376
1329 375
1329 374
1329 373
1329 372
1329 371
1329 370
1329 369
1329 368
1330 367
1330 366
1329 365
1329 364
1329 363
1329 362
1330 361
1330 360
1330 359
1330 358
1329 357
1330 356
1330 355
1330 354
1330 353
1330 352
1330 351
1330 350
1330 349
1330 348
1330 347
1330 346
1330 345
1330 344
1330 343
1330 342
1330 341
1330 340
1330 339
1330 338
1330 337
1330 336
1330 335
1330 334
1331 333
1330 332
1330 331
1330 330
1330 329
1331 328
1331 327
1331 326
1331 325
1330 324
1330 323
1331 322
1331 321
1331 320
1331 319
1331 318
1331 317
1331 316
1331 315
1331 314
1331 313
1331 312
1331 311
1331 310
1331 309
1331 308
1331 307
1331 306
1331 305
1330 304
1331 303
1331 302
1331 301
1331 300
1331 299
1330 298
1330 297
1330 296
1331 295
1331 294
1330 293
1330 292
1330 291
1330 290
1331 289
1331 288
1331 287
1331 286
1330 285
1330 284
1330 283
1331 282
1331 281
1331 280
1330 279
1330 278
1330 277
1330 276
1330 275
1330 274
1330 273
1330 272
1330 271
1330 270
1330 269
1330 268
1330 267
1329 266
1329 265
1329 264
1328 263
1328 262
1328 261
1328 260
1328 259
1327 258
1327 257
1326 256
1325 255
1325 254
1324 253
1323 252
1322 251
1321 250
1320 249
1319 249
1318 248
1317 248
1316 247
1315 246
1314 246
1313 245
1312 245
1311 244
1310 244
1309 244
1308 243
1307 243
1306 242
1305 242
1304 242
1303 242
1302 241
1301 241
1300 241
1299 241
1298 240
1297 240
1296 240
1295 240
1294 240
1293 239
1292 239
1291 239
1290 239
1289 239
1288 238
1287 238
1286 238
1285 238
1284 238
1283 238
1282 238
1281 238
1280 238
1279 238
1278 238
1277 238
1276 239
1275 239
1274 239
1273 238
1272 238
