1320 22
1319 23
1318 23
1317 24
1316 24
1315 24
1314 24
1313 25
1312 25
1311 25
1310 25
1309 26
1308 26
1307 26
1306 27
1305 27
1304 27
1303 28
1302 28
1301 29
1300 29
1299 29
1298 30
1297 30
1296 31
1295 31
1294 31
1293 32
1292 32
1291 32
1290 33
1289 33
1288 33
1287 34
1286 34
1285 35
1284 35
1283 35
1282 35
1281 36
1280 36
1279 37
1278 38
1277 38
1276 39
1275 39
1274 40
1273 40
1272 41
1271 42
1270 42
1269 43
1268 44
1267 45
1266 46
1265 47
1264 48
1263 49
1262 50
1261 51
1261 52
1260 53
1259 54
1258 55
1258 56
1257 57
1256 58
1255 59
1255 60
1254 61
1254 62
1253 63
1253 64
1252 65
1252 66
1251 67
1250 68
1250 69
1249 70
1249 71
1248 72
1248 73
1247 74
1246 75
1246 76
1245 77
1245 78
1244 79
1243 80
1243 81
1242 82
1242 83
1242 84
1242 85
1243 86
1243 87
1243 88
1243 89
1243 90
1244 91
1244 92
1245 93
1246 94
1246 95
1247 96
1248 97
1249 98
1250 99
1250 100
1251 101
1252 102
1253 103
1253 104
1254 105
1255 106
1256 107
1257 108
1257 109
1258 110
1259 111
1260 112
1261 113
1262 114
1263 115
1264 116
1264 117
1265 118
1266 119
1267 120
1268 121
1269 122
1270 123
1271 124
1272 125
1273 126
1274 127
1274 128
1275 129
1276 130
1277 131
1278 132
1278 133
1279 134
1280 135
1281 136
1282 137
1283 138
1284 139
1284 140
1285 141
1286 142
1287 143
1288 144
1288 145
1289 146
1290 147
1291 148
1291 149
1292 150
1293 151
1294 152
1295 153
1295 154
1296 155
1297 156
1298 157
1299 158
1300 159
1300 160
1301 161
1302 162
1303 163
1303 164
1304 165
1305 166
1305 167
1306 168
1307 169
1308 170
1308 171
1309 172
1310 173
1311 174
1312 175
1313 176
1313 177
1314 178
1315 179
1316 180
1317 181
1318 182
1319 182
1320 183
1321 184
1322 184
1323 184
1324 184
1325 184
1326 184
1327 184
1328 184
1329 184
1330 184
1331 183
1332 182
1332 181
1333 180
1334 179
1334 178
1335 177
1335 176
1335 175
1335 174
1336 173
1336 172
1336 171
1336 170
1337 169
1337 168
1337 167
1337 166
1337 165
1337 164
1338 163
1338 162
1338 161
1338 160
1338 159
1338 158
1339 157
1339 156
1339 155
1339 154
1339 153
1339 152
1339 151
1340 150
1340 149
1340 148
1340 147
1340 146
1340 145
1340 144
1340 143
1340 142
1340 141
1340 140
1340 139
1340 138
1340 137
1340 136
1340 135
1340 134
1340 133
1340 132
1340 131
1340 130
1340 129
1341 128
1341 127
1341 126
1341 125
1341 124
1341 123
1341 122
1341 121
1341 120
1341 119
1341 118
1341 117
1342 116
1342 115
1342 114
1342 113
1342 112
1342 111
1342 110
1342 109
1342 108
1342 107
1342 106
1342 105
1342 104
1343 103
1342 102
1342 101
1342 100
1343 99
1343 98
1343 97
1343 96
1343 95
1343 94
1343 93
1343 92
1343 91
1343 90
1343 89
1343 88
1343 87
1343 86
1343 85
1343 84
1343 83
1343 82
1343 81
1343 80
1343 79
1342 78
1342 77
1343 76
1343 75
1343 74
1342 73
1342 72
1342 71
1342 70
1343 69
1342 68
1342 67
1342 66
1342 65
1342 64
1342 63
1342 62
1342 61
1342 60
1342 59
1342 58
1342 57
1342 56
1342 55
1342 54
1342 53
1342 52
1342 51
1342 50
1341 49
1341 48
1341 47
1341 46
1341 45
1341 44
1341 43
1341 42
1341 41
1340 40
1340 39
1340 38
1340 37
1340 36
1340 35
1339 34
1339 33
1338 32
1338 31
1338 30
1337 29
1336 28
1335 27
1334 26
1334 25
1333 24
1332 23
1331 23
1330 23
1329 22
1328 22
1327 22
1326 22
1325 22
1324 22
1323 22
1322 22
1321 22
1320 22
