1033 2184
1032 2185
1031 2186
1031 2187
1030 2188
1029 2189
1028 2190
1028 2191
1027 2192
1026 2193
1026 2194
1025 2195
1024 2196
1023 2197
1023 2198
1022 2199
1021 2200
1021 2201
1020 2202
1020 2203
1020 2204
1019 2205
1019 2206
1019 2207
1018 2208
1018 2209
1018 2210
1017 2211
1017 2212
1017 2213
1016 2214
1016 2215
1016 2216
1015 2217
1015 2218
1015 2219
1015 2220
1014 2221
1014 2222
1013 2223
1013 2224
1013 2225
1012 2226
1012 2227
1012 2228
1011 2229
1011 2230
1011 2231
1010 2232
1010 2233
1010 2234
1009 2235
1009 2236
1009 2237
1008 2238
1008 2239
1007 2240
1007 2241
1007 2242
1007 2243
1006 2244
1006 2245
1006 2246
1005 2247
1005 2248
1004 2249
1004 2250
1004 2251
1003 2252
1003 2253
1003 2254
1002 2255
1002 2256
1002 2257
1002 2258
1001 2259
1001 2260
1000 2261
1000 2262
1000 2263
999 2264
999 2265
999 2266
998 2267
998 2268
998 2269
998 2270
997 2271
997 2272
996 2273
996 2274
995 2275
995 2276
995 2277
994 2278
994 2279
994 2280
993 2281
993 2282
993 2283
992 2284
992 2285
991 2286
991 2287
990 2288
990 2289
990 2290
989 2291
989 2292
989 2293
988 2294
988 2295
988 2296
987 2297
987 2298
986 2299
986 2300
985 2301
985 2302
985 2303
984 2304
984 2305
983 2306
983 2307
983 2308
982 2309
982 2310
982 2311
981 2312
981 2313
980 2314
980 2315
979 2316
979 2317
978 2318
978 2319
978 2320
977 2321
977 2322
976 2323
976 2324
975 2325
975 2326
974 2327
974 2328
974 2329
973 2330
973 2331
972 2332
972 2333
972 2334
971 2335
971 2336
970 2337
970 2338
969 2339
969 2340
969 2341
968 2342
968 2343
968 2344
967 2345
967 2346
967 2347
966 2348
966 2349
965 2350
965 2351
965 2352
964 2353
964 2354
963 2355
963 2356
963 2357
963 2358
962 2359
962 2360
961 2361
961 2362
960 2363
960 2364
960 2365
959 2366
959 2367
958 2368
958 2369
958 2370
958 2371
958 2372
957 2373
957 2374
957 2375
957 2376
956 2377
956 2378
956 2379
956 2380
957 2381
957 2382
957 2383
957 2384
958 2385
958 2386
958 2387
959 2388
959 2389
959 2390
960 2391
961 2392
961 2393
962 2394
962 2395
963 2396
963 2397
964 2398
964 2399
965 2400
965 2401
965 2402
966 2403
966 2404
967 2405
967 2406
968 2407
968 2408
969 2409
969 2410
970 2411
970 2412
971 2413
971 2414
971 2415
972 2416
972 2417
973 2418
973 2419
974 2420
974 2421
974 2422
975 2423
975 2424
976 2425
976 2426
977 2427
977 2428
977 2429
978 2430
978 2431
979 2432
979 2433
980 2434
980 2435
981 2436
981 2437
981 2438
982 2439
982 2440
983 2441
983 2442
983 2443
984 2444
984 2445
985 2446
985 2447
985 2448
986 2449
986 2450
986 2451
987 2452
987 2453
987 2454
988 2455
988 2456
989 2457
989 2458
989 2459
990 2460
990 2461
990 2462
991 2463
991 2464
991 2465
992 2466
992 2467
993 2468
993 2469
993 2470
994 2471
994 2472
994 2473
995 2474
995 2475
995 2476
995 2477
996 2478
996 2479
997 2480
997 2481
998 2482
998 2483
998 2484
998 2485
999 2486
999 2487
999 2488
1000 2489
1000 2490
1001 2491
1001 2492
1001 2493
1002 2494
1002 2495
1002 2496
1003 2497
1003 2498
1003 2499
1004 2500
1004 2501
1004 2502
1005 2503
1005 2504
1006 2505
1006 2506
1006 2507
1007 2508
1007 2509
1007 2510
1008 2511
1008 2512
1008 2513
1009 2514
1009 2515
1010 2516
1010 2517
1010 2518
1011 2519
1011 2520
1011 2521
1012 2522
1012 2523
1012 2524
1013 2525
1013 2526
1013 2527
1014 2528
1014 2529
1014 2530
1015 2531
1015 2532
1015 2533
1016 2534
1016 2535
1016 2536
1016 2537
1017 2538
1017 2539
1017 2540
1018 2541
1018 2542
1018 2543
1019 2544
1019 2545
1019 2546
1019 2547
1020 2548
1020 2549
1020 2550
1020 2551
1021 2552
1021 2553
1022 2554
1022 2555
1022 2556
1023 2557
1023 2558
1023 2559
1023 2560
1024 2561
1024 2562
1024 2563
1025 2564
1025 2565
1025 2566
1026 2567
1026 2568
1027 2569
1027 2570
1027 2571
1028 2572
1028 2573
1028 2574
1029 2575
1029 2576
1029 2577
1030 2578
1030 2579
1031 2580
1031 2581
1032 2582
1032 2583
1033 2584
1033 2585
1034 2586
1034 2587
1035 2588
1035 2589
1036 2590
1037 2591
1038 2591
1039 2592
1040 2593
1041 2593
1042 2594
1043 2594
1044 2594
1045 2593
1046 2592
1047 2591
1048 2590
1049 2589
1050 2588
1051 2587
1051 2586
1052 2585
1052 2584
1053 2583
1053 2582
1053 2581
1054 2580
1054 2579
1054 2578
1054 2577
1054 2576
1055 2575
1055 2574
1055 2573
1055 2572
1056 2571
1056 2570
1056 2569
1056 2568
1056 2567
1056 2566
1056 2565
1056 2564
1057 2563
1057 2562
1057 2561
1057 2560
1058 2559
1058 2558
1058 2557
1058 2556
1058 2555
1058 2554
1058 2553
1058 2552
1058 2551
1059 2550
1059 2549
1059 2548
1059 2547
1059 2546
1060 2545
1060 2544
1060 2543
1060 2542
1060 2541
1060 2540
1060 2539
1060 2538
1061 2537
1061 2536
1061 2535
1061 2534
1061 2533
1062 2532
1062 2531
1062 2530
1062 2529
1062 2528
1062 2527
1062 2526
1063 2525
1063 2524
1063 2523
1063 2522
1063 2521
1063 2520
1063 2519
1064 2518
1064 2517
1064 2516
1064 2515
1064 2514
1064 2513
1064 2512
1064 2511
1065 2510
1065 2509
1065 2508
1065 2507
1065 2506
1065 2505
1065 2504
1065 2503
1065 2502
1065 2501
1065 2500
1065 2499
1066 2498
1066 2497
1066 2496
1066 2495
1066 2494
1066 2493
1066 2492
1066 2491
1066 2490
1066 2489
1066 2488
1066 2487
1067 2486
1067 2485
1067 2484
1067 2483
1067 2482
1067 2481
1067 2480
1067 2479
1067 2478
1067 2477
1067 2476
1067 2475
1067 2474
1068 2473
1068 2472
1068 2471
1068 2470
1068 2469
1068 2468
1068 2467
1068 2466
1068 2465
1068 2464
1068 2463
1068 2462
1068 2461
1068 2460
1068 2459
1068 2458
1068 2457
1068 2456
1068 2455
1068 2454
1068 2453
1068 2452
1068 2451
1069 2450
1069 2449
1069 2448
1069 2447
1069 2446
1069 2445
1069 2444
1069 2443
1069 2442
1069 2441
1068 2440
1069 2439
1069 2438
1069 2437
1069 2436
1069 2435
1069 2434
1069 2433
1069 2432
1069 2431
1069 2430
1069 2429
1069 2428
1069 2427
1069 2426
1069 2425
1069 2424
1069 2423
1069 2422
1069 2421
1069 2420
1069 2419
1069 2418
1069 2417
1069 2416
1069 2415
1069 2414
1069 2413
1070 2412
1070 2411
1070 2410
1070 2409
1070 2408
1070 2407
1070 2406
1070 2405
1070 2404
1070 2403
1070 2402
1070 2401
1070 2400
1070 2399
1070 2398
1070 2397
1070 2396
1070 2395
1070 2394
1070 2393
1070 2392
1070 2391
1070 2390
1070 2389
1070 2388
1070 2387
1070 2386
1070 2385
1070 2384
1070 2383
1070 2382
1070 2381
1070 2380
1070 2379
1070 2378
1070 2377
1070 2376
1070 2375
1070 2374
1070 2373
1070 2372
1070 2371
1070 2370
1070 2369
1070 2368
1070 2367
1069 2366
1070 2365
1070 2364
1070 2363
1070 2362
1070 2361
1070 2360
1070 2359
1070 2358
1070 2357
1070 2356
1070 2355
1069 2354
1069 2353
1069 2352
1069 2351
1069 2350
1069 2349
1069 2348
1069 2347
1069 2346
1069 2345
1069 2344
1069 2343
1069 2342
1068 2341
1068 2340
1068 2339
1068 2338
1068 2337
1068 2336
1068 2335
1068 2334
1068 2333
1068 2332
1068 2331
1068 2330
1067 2329
1067 2328
1067 2327
1067 2326
1067 2325
1067 2324
1067 2323
1067 2322
1067 2321
1067 2320
1067 2319
1067 2318
1067 2317
1067 2316
1067 2315
1067 2314
1067 2313
1067 2312
1067 2311
1067 2310
1067 2309
1066 2308
1066 2307
1066 2306
1066 2305
1066 2304
1065 2303
1065 2302
1065 2301
1065 2300
1065 2299
1065 2298
1065 2297
1065 2296
1065 2295
1064 2294
1064 2293
1064 2292
1064 2291
1064 2290
1064 2289
1064 2288
1064 2287
1064 2286
1064 2285
1064 2284
1063 2283
1063 2282
1063 2281
1063 2280
1062 2279
1062 2278
1062 2277
1062 2276
1062 2275
1062 2274
1062 2273
1062 2272
1061 2271
1061 2270
1061 2269
1061 2268
1060 2267
1060 2266
1060 2265
1060 2264
1060 2263
1060 2262
1060 2261
1060 2260
1059 2259
1059 2258
1059 2257
1059 2256
1059 2255
1058 2254
1058 2253
1058 2252
1058 2251
1058 2250
1058 2249
1058 2248
1058 2247
1058 2246
1058 2245
1058 2244
1057 2243
1057 2242
1057 2241
1057 2240
1057 2239
1057 2238
1057 2237
1057 2236
1057 2235
1057 2234
1056 2233
1056 2232
1056 2231
1056 2230
1056 2229
1056 2228
1056 2227
1056 2226
1055 2225
1055 2224
1055 2223
1055 2222
1054 2221
1054 2220
1054 2219
1053 2218
1053 2217
1053 2216
1053 2215
1052 2214
1052 2213
1051 2212
1051 2211
1051 2210
1050 2209
1050 2208
1049 2207
1049 2206
1048 2205
1048 2204
1048 2203
1047 2202
1047 2201
1046 2200
1046 2199
1046 2198
1045 2197
1045 2196
1044 2195
1044 2194
1043 2193
1043 2192
1043 2191
1042 2190
1042 2189
1042 2188
1041 2187
1040 2186
1039 2186
1038 2185
1037 2185
1036 2185
1035 2184
1034 2184
1033 2184
