1045 1908
1044 1909
1043 1909
1042 1909
1041 1910
1040 1911
1039 1912
1038 1913
1037 1914
1036 1915
1035 1916
1034 1917
1033 1918
1032 1919
1031 1920
1030 1921
1029 1922
1029 1923
1028 1924
1027 1925
1026 1926
1026 1927
1025 1928
1025 1929
1024 1930
1023 1931
1023 1932
1022 1933
1022 1934
1021 1935
1021 1936
1020 1937
1020 1938
1019 1939
1019 1940
1018 1941
1018 1942
1018 1943
1017 1944
1017 1945
1017 1946
1016 1947
1016 1948
1016 1949
1015 1950
1015 1951
1015 1952
1014 1953
1014 1954
1014 1955
1013 1956
1013 1957
1013 1958
1012 1959
1012 1960
1012 1961
1011 1962
1011 1963
1011 1964
1010 1965
1010 1966
1010 1967
1010 1968
1010 1969
1010 1970
1010 1971
1010 1972
1010 1973
1010 1974
1010 1975
1010 1976
1010 1977
1011 1978
1011 1979
1011 1980
1011 1981
1011 1982
1011 1983
1012 1984
1012 1985
1012 1986
1012 1987
1012 1988
1013 1989
1013 1990
1013 1991
1013 1992
1014 1993
1014 1994
1014 1995
1015 1996
1015 1997
1015 1998
1015 1999
1016 2000
1016 2001
1016 2002
1016 2003
1017 2004
1017 2005
1017 2006
1018 2007
1018 2008
1018 2009
1018 2010
1019 2011
1019 2012
1019 2013
1020 2014
1020 2015
1020 2016
1020 2017
1021 2018
1021 2019
1021 2020
1021 2021
1022 2022
1022 2023
1022 2024
1022 2025
1023 2026
1023 2027
1023 2028
1023 2029
1024 2030
1024 2031
1024 2032
1024 2033
1025 2034
1025 2035
1025 2036
1025 2037
1026 2038
1026 2039
1026 2040
1026 2041
1027 2042
1027 2043
1027 2044
1027 2045
1027 2046
1028 2047
1028 2048
1028 2049
1028 2050
1029 2051
1029 2052
1029 2053
1029 2054
1030 2055
1030 2056
1030 2057
1030 2058
1030 2059
1031 2060
1031 2061
1031 2062
1031 2063
1032 2064
1032 2065
1032 2066
1032 2067
1032 2068
1033 2069
1033 2070
1033 2071
1033 2072
1034 2073
1034 2074
1034 2075
1034 2076
1034 2077
1035 2078
1035 2079
1035 2080
1035 2081
1035 2082
1036 2083
1036 2084
1036 2085
1036 2086
1036 2087
1037 2088
1037 2089
1037 2090
1037 2091
1037 2092
1038 2093
1038 2094
1038 2095
1038 2096
1038 2097
1039 2098
1039 2099
1039 2100
1039 2101
1040 2102
1040 2103
1040 2104
1040 2105
1041 2106
1041 2107
1041 2108
1041 2109
1042 2110
1042 2111
1042 2112
1043 2113
1043 2114
1043 2115
1043 2116
1044 2117
1044 2118
1045 2119
1045 2120
1046 2121
1046 2122
1047 2123
1047 2124
1048 2125
1048 2126
1049 2127
1050 2127
1051 2127
1052 2127
1053 2127
1054 2127
1055 2127
1056 2127
1057 2127
1058 2127
1059 2127
1060 2126
1060 2125
1061 2124
1062 2123
1063 2122
1064 2121
1065 2120
1065 2119
1066 2118
1066 2117
1067 2116
1067 2115
1068 2114
1068 2113
1069 2112
1069 2111
1069 2110
1069 2109
1069 2108
1069 2107
1070 2106
1070 2105
1070 2104
1070 2103
1070 2102
1070 2101
1070 2100
1071 2099
1071 2098
1071 2097
1071 2096
1071 2095
1071 2094
1071 2093
1072 2092
1072 2091
1072 2090
1072 2089
1072 2088
1072 2087
1072 2086
1072 2085
1072 2084
1073 2083
1073 2082
1073 2081
1073 2080
1073 2079
1073 2078
1073 2077
1073 2076
1073 2075
1073 2074
1073 2073
1073 2072
1073 2071
1073 2070
1073 2069
1073 2068
1073 2067
1073 2066
1073 2065
1073 2064
1073 2063
1073 2062
1073 2061
1073 2060
1073 2059
1073 2058
1073 2057
1074 2056
1074 2055
1074 2054
1074 2053
1074 2052
1074 2051
1074 2050
1074 2049
1074 2048
1074 2047
1074 2046
1074 2045
1074 2044
1074 2043
1074 2042
1074 2041
1074 2040
1074 2039
1074 2038
1074 2037
1074 2036
1074 2035
1074 2034
1074 2033
1074 2032
1074 2031
1074 2030
1074 2029
1074 2028
1074 2027
1074 2026
1074 2025
1073 2024
1073 2023
1073 2022
1073 2021
1073 2020
1073 2019
1073 2018
1073 2017
1073 2016
1073 2015
1073 2014
1073 2013
1073 2012
1073 2011
1073 2010
1073 2009
1073 2008
1073 2007
1073 2006
1073 2005
1074 2004
1074 2003
1074 2002
1074 2001
1073 2000
1073 1999
1073 1998
1073 1997
1073 1996
1073 1995
1073 1994
1073 1993
1073 1992
1073 1991
1073 1990
1073 1989
1073 1988
1072 1987
1072 1986
1072 1985
1072 1984
1072 1983
1072 1982
1072 1981
1072 1980
1072 1979
1072 1978
1071 1977
1071 1976
1071 1975
1071 1974
1071 1973
1071 1972
1071 1971
1071 1970
1070 1969
1070 1968
1070 1967
1070 1966
1070 1965
1070 1964
1070 1963
1070 1962
1070 1961
1069 1960
1069 1959
1069 1958
1069 1957
1069 1956
1069 1955
1069 1954
1069 1953
1068 1952
1068 1951
1068 1950
1068 1949
1068 1948
1068 1947
1067 1946
1067 1945
1067 1944
1067 1943
1067 1942
1067 1941
1066 1940
1066 1939
1066 1938
1066 1937
1066 1936
1065 1935
1065 1934
1065 1933
1065 1932
1064 1931
1064 1930
1064 1929
1064 1928
1063 1927
1063 1926
1063 1925
1063 1924
1062 1923
1062 1922
1061 1921
1060 1920
1060 1919
1059 1918
1058 1917
1057 1916
1057 1915
1056 1914
1055 1913
1054 1912
1054 1911
1053 1910
1052 1909
1052 1908
1051 1908
1050 1908
1049 1908
1048 1908
1047 1908
1046 1908
1045 1908
