1065 1593
1064 1594
1063 1594
1062 1595
1061 1595
1060 1596
1059 1596
1058 1596
1057 1597
1056 1597
1055 1598
1054 1598
1053 1599
1052 1600
1051 1601
1050 1601
1049 1602
1048 1602
1047 1603
1046 1604
1045 1605
1044 1606
1043 1606
1042 1607
1041 1608
1040 1609
1039 1610
1038 1611
1038 1612
1037 1613
1036 1614
1035 1615
1035 1616
1035 1617
1034 1618
1034 1619
1034 1620
1034 1621
1033 1622
1033 1623
1033 1624
1033 1625
1032 1626
1032 1627
1032 1628
1031 1629
1031 1630
1031 1631
1031 1632
1031 1633
1030 1634
1030 1635
1030 1636
1030 1637
1029 1638
1029 1639
1029 1640
1029 1641
1029 1642
1029 1643
1028 1644
1028 1645
1028 1646
1028 1647
1028 1648
1027 1649
1027 1650
1026 1651
1026 1652
1026 1653
1026 1654
1025 1655
1025 1656
1025 1657
1025 1658
1025 1659
1024 1660
1024 1661
1024 1662
1024 1663
1024 1664
1023 1665
1023 1666
1023 1667
1022 1668
1022 1669
1022 1670
1022 1671
1022 1672
1021 1673
1021 1674
1021 1675
1021 1676
1021 1677
1020 1678
1020 1679
1020 1680
1020 1681
1021 1682
1020 1683
1020 1684
1020 1685
1020 1686
1021 1687
1021 1688
1020 1689
1020 1690
1020 1691
1020 1692
1021 1693
1021 1694
1021 1695
1021 1696
1021 1697
1022 1698
1022 1699
1022 1700
1022 1701
1022 1702
1023 1703
1023 1704
1023 1705
1023 1706
1023 1707
1024 1708
1024 1709
1024 1710
1024 1711
1024 1712
1025 1713
1025 1714
1025 1715
1026 1716
1026 1717
1026 1718
1026 1719
1026 1720
1027 1721
1027 1722
1027 1723
1027 1724
1028 1725
1028 1726
1028 1727
1028 1728
1028 1729
1028 1730
1029 1731
1029 1732
1029 1733
1029 1734
1029 1735
1029 1736
1030 1737
1030 1738
1030 1739
1030 1740
1030 1741
1030 1742
1031 1743
1031 1744
1031 1745
1031 1746
1031 1747
1031 1748
1032 1749
1032 1750
1032 1751
1032 1752
1032 1753
1033 1754
1033 1755
1033 1756
1033 1757
1033 1758
1034 1759
1034 1760
1034 1761
1034 1762
1034 1763
1035 1764
1035 1765
1035 1766
1035 1767
1036 1768
1036 1769
1036 1770
1036 1771
1036 1772
1036 1773
1037 1774
1037 1775
1037 1776
1037 1777
1037 1778
1037 1779
1038 1780
1038 1781
1038 1782
1039 1783
1039 1784
1039 1785
1040 1786
1040 1787
1040 1788
1040 1789
1041 1790
1041 1791
1041 1792
1041 1793
1041 1794
1041 1795
1042 1796
1042 1797
1042 1798
1042 1799
1042 1800
1042 1801
1043 1802
1043 1803
1043 1804
1043 1805
1043 1806
1043 1807
1043 1808
1043 1809
1043 1810
1042 1811
1042 1812
1043 1813
1043 1814
1044 1815
1045 1816
1046 1817
1047 1818
1047 1819
1048 1819
1049 1820
1050 1820
1051 1820
1052 1820
1053 1821
1054 1821
1055 1822
1056 1822
1057 1822
1058 1821
1059 1820
1059 1819
1060 1818
1061 1817
1061 1816
1062 1815
1063 1814
1063 1813
1064 1812
1065 1811
1065 1810
1066 1809
1067 1808
1067 1807
1068 1806
1068 1805
1069 1804
1070 1803
1070 1802
1071 1801
1071 1800
1072 1799
1072 1798
1073 1797
1073 1796
1073 1795
1073 1794
1073 1793
1074 1792
1074 1791
1074 1790
1074 1789
1074 1788
1075 1787
1075 1786
1075 1785
1075 1784
1075 1783
1075 1782
1076 1781
1076 1780
1076 1779
1076 1778
1076 1777
1077 1776
1077 1775
1077 1774
1077 1773
1077 1772
1077 1771
1077 1770
1077 1769
1077 1768
1077 1767
1078 1766
1078 1765
1078 1764
1078 1763
1078 1762
1078 1761
1078 1760
1079 1759
1079 1758
1079 1757
1079 1756
1079 1755
1079 1754
1080 1753
1080 1752
1080 1751
1080 1750
1080 1749
1080 1748
1080 1747
1080 1746
1080 1745
1080 1744
1080 1743
1080 1742
1080 1741
1080 1740
1080 1739
1081 1738
1081 1737
1081 1736
1081 1735
1081 1734
1081 1733
1081 1732
1081 1731
1081 1730
1081 1729
1081 1728
1081 1727
1081 1726
1081 1725
1081 1724
1081 1723
1081 1722
1082 1721
1082 1720
1082 1719
1082 1718
1082 1717
1082 1716
1082 1715
1082 1714
1082 1713
1082 1712
1082 1711
1082 1710
1083 1709
1083 1708
1083 1707
1083 1706
1083 1705
1083 1704
1083 1703
1083 1702
1083 1701
1083 1700
1083 1699
1084 1698
1084 1697
1084 1696
1084 1695
1084 1694
1084 1693
1084 1692
1084 1691
1084 1690
1084 1689
1084 1688
1084 1687
1085 1686
1085 1685
1084 1684
1084 1683
1084 1682
1085 1681
1085 1680
1085 1679
1085 1678
1084 1677
1085 1676
1085 1675
1085 1674
1084 1673
1084 1672
1084 1671
1084 1670
1084 1669
1084 1668
1084 1667
1084 1666
1084 1665
1084 1664
1084 1663
1084 1662
1084 1661
1084 1660
1084 1659
1084 1658
1084 1657
1084 1656
1084 1655
1083 1654
1084 1653
1084 1652
1084 1651
1084 1650
1084 1649
1084 1648
1084 1647
1084 1646
1084 1645
1084 1644
1084 1643
1084 1642
1084 1641
1084 1640
1084 1639
1084 1638
1084 1637
1084 1636
1084 1635
1084 1634
1084 1633
1083 1632
1083 1631
1083 1630
1084 1629
1083 1628
1083 1627
1083 1626
1083 1625
1083 1624
1083 1623
1083 1622
1083 1621
1083 1620
1083 1619
1083 1618
1083 1617
1082 1616
1082 1615
1082 1614
1082 1613
1082 1612
1082 1611
1081 1610
1081 1609
1081 1608
1081 1607
1081 1606
1080 1605
1080 1604
1080 1603
1079 1602
1079 1601
1078 1600
1078 1599
1077 1598
1077 1597
1076 1596
1075 1596
1074 1596
1073 1595
1072 1595
1071 1595
1070 1595
1069 1594
1068 1594
1067 1594
1066 1594
1065 1593
