1088 1236
1087 1237
1086 1237
1085 1237
1084 1238
1083 1238
1082 1238
1081 1239
1080 1239
1079 1239
1078 1240
1077 1240
1076 1241
1075 1241
1074 1241
1073 1242
1072 1242
1071 1243
1070 1244
1069 1244
1068 1245
1067 1246
1066 1247
1065 1248
1064 1249
1063 1250
1062 1250
1061 1251
1060 1252
1059 1253
1058 1254
1057 1255
1056 1256
1055 1257
1054 1258
1053 1258
1052 1259
1051 1260
1050 1261
1049 1262
1048 1263
1047 1263
1046 1264
1045 1265
1044 1266
1043 1266
1042 1267
1041 1268
1040 1269
1039 1269
1038 1270
1037 1271
1036 1272
1035 1273
1035 1274
1034 1275
1034 1276
1033 1277
1033 1278
1032 1279
1031 1280
1031 1281
1031 1282
1031 1283
1031 1284
1031 1285
1030 1286
1030 1287
1030 1288
1030 1289
1030 1290
1030 1291
1030 1292
1030 1293
1030 1294
1030 1295
1030 1296
1030 1297
1030 1298
1030 1299
1030 1300
1030 1301
1029 1302
1029 1303
1029 1304
1029 1305
1029 1306
1029 1307
1029 1308
1029 1309
1029 1310
1029 1311
1029 1312
1028 1313
1028 1314
1028 1315
1028 1316
1028 1317
1028 1318
1028 1319
1028 1320
1028 1321
1028 1322
1028 1323
1028 1324
1028 1325
1028 1326
1028 1327
1028 1328
1028 1329
1028 1330
1028 1331
1028 1332
1028 1333
1028 1334
1028 1335
1029 1336
1029 1337
1029 1338
1029 1339
1029 1340
1029 1341
1029 1342
1029 1343
1029 1344
1030 1345
1030 1346
1030 1347
1030 1348
1030 1349
1030 1350
1030 1351
1030 1352
1030 1353
1030 1354
1030 1355
1030 1356
1030 1357
1030 1358
1031 1359
1031 1360
1031 1361
1031 1362
1031 1363
1031 1364
1032 1365
1032 1366
1032 1367
1032 1368
1032 1369
1032 1370
1032 1371
1032 1372
1032 1373
1032 1374
1032 1375
1032 1376
1032 1377
1032 1378
1032 1379
1032 1380
1032 1381
1032 1382
1032 1383
1032 1384
1032 1385
1032 1386
1032 1387
1032 1388
1032 1389
1032 1390
1032 1391
1032 1392
1032 1393
1031 1394
1031 1395
1031 1396
1031 1397
1031 1398
1031 1399
1031 1400
1031 1401
1031 1402
1031 1403
1031 1404
1031 1405
1031 1406
1031 1407
1031 1408
1031 1409
1031 1410
1031 1411
1031 1412
1031 1413
1031 1414
1031 1415
1031 1416
1031 1417
1031 1418
1031 1419
1031 1420
1031 1421
1031 1422
1031 1423
1032 1424
1032 1425
1032 1426
1032 1427
1032 1428
1032 1429
1032 1430
1032 1431
1032 1432
1032 1433
1032 1434
1032 1435
1032 1436
1032 1437
1032 1438
1032 1439
1032 1440
1032 1441
1032 1442
1032 1443
1032 1444
1032 1445
1032 1446
1032 1447
1032 1448
1032 1449
1032 1450
1032 1451
1032 1452
1032 1453
1032 1454
1032 1455
1032 1456
1032 1457
1032 1458
1032 1459
1032 1460
1032 1461
1032 1462
1032 1463
1032 1464
1032 1465
1032 1466
1032 1467
1032 1468
1032 1469
1032 1470
1032 1471
1032 1472
1032 1473
1032 1474
1032 1475
1032 1476
1032 1477
1032 1478
1032 1479
1032 1480
1032 1481
1032 1482
1032 1483
1032 1484
1032 1485
1032 1486
1032 1487
1032 1488
1032 1489
1032 1490
1031 1491
1031 1492
1031 1493
1031 1494
1031 1495
1031 1496
1031 1497
1031 1498
1031 1499
1031 1500
1031 1501
1030 1502
1030 1503
1030 1504
1030 1505
1030 1506
1030 1507
1030 1508
1030 1509
1029 1510
1029 1511
1029 1512
1029 1513
1029 1514
1029 1515
1029 1516
1029 1517
1029 1518
1029 1519
1029 1520
1029 1521
1029 1522
1029 1523
1029 1524
1029 1525
1029 1526
1029 1527
1029 1528
1029 1529
1029 1530
1029 1531
1029 1532
1029 1533
1029 1534
1030 1535
1030 1536
1030 1537
1030 1538
1031 1539
1031 1540
1031 1541
1032 1542
1032 1543
1032 1544
1033 1545
1033 1546
1034 1547
1035 1548
1036 1549
1037 1549
1038 1550
1039 1551
1040 1551
1041 1551
1042 1551
1043 1551
1044 1551
1045 1551
1046 1551
1047 1551
1048 1551
1049 1550
1050 1550
1051 1550
1052 1549
1053 1549
1054 1549
1055 1548
1056 1548
1057 1547
1058 1547
1059 1546
1060 1546
1061 1545
1062 1545
1063 1544
1064 1543
1065 1543
1066 1542
1067 1542
1068 1541
1069 1540
1070 1540
1071 1539
1072 1539
1073 1538
1074 1537
1075 1536
1076 1535
1077 1534
1078 1533
1079 1532
1079 1531
1080 1530
1081 1529
1081 1528
1082 1527
1083 1526
1083 1525
1084 1524
1085 1523
1085 1522
1086 1521
1086 1520
1087 1519
1087 1518
1088 1517
1089 1516
1089 1515
1089 1514
1090 1513
1090 1512
1091 1511
1091 1510
1091 1509
1092 1508
1092 1507
1093 1506
1093 1505
1094 1504
1094 1503
1095 1502
1096 1501
1096 1500
1096 1499
1097 1498
1097 1497
1098 1496
1098 1495
1098 1494
1099 1493
1099 1492
1099 1491
1100 1490
1100 1489
1101 1488
1101 1487
1102 1486
1102 1485
1103 1484
1103 1483
1104 1482
1104 1481
1104 1480
1105 1479
1105 1478
1105 1477
1106 1476
1106 1475
1106 1474
1107 1473
1107 1472
1107 1471
1108 1470
1108 1469
1108 1468
1108 1467
1108 1466
1108 1465
1108 1464
1108 1463
1108 1462
1108 1461
1108 1460
1108 1459
1108 1458
1108 1457
1108 1456
1108 1455
1108 1454
1108 1453
1108 1452
1107 1451
1107 1450
1107 1449
1107 1448
1107 1447
1107 1446
1107 1445
1107 1444
1107 1443
1107 1442
1107 1441
1107 1440
1107 1439
1107 1438
1107 1437
1107 1436
1107 1435
1107 1434
1108 1433
1108 1432
1108 1431
1108 1430
1108 1429
1108 1428
1107 1427
1107 1426
1107 1425
1107 1424
1107 1423
1107 1422
1107 1421
1107 1420
1107 1419
1107 1418
1107 1417
1107 1416
1107 1415
1107 1414
1107 1413
1107 1412
1107 1411
1108 1410
1108 1409
1108 1408
1108 1407
1108 1406
1108 1405
1108 1404
1108 1403
1108 1402
1108 1401
1108 1400
1108 1399
1108 1398
1108 1397
1108 1396
1108 1395
1108 1394
1108 1393
1108 1392
1108 1391
1108 1390
1108 1389
1108 1388
1108 1387
1108 1386
1108 1385
1108 1384
1108 1383
1108 1382
1109 1381
1109 1380
1109 1379
1108 1378
1108 1377
1108 1376
1109 1375
1109 1374
1109 1373
1109 1372
1109 1371
1109 1370
1109 1369
1109 1368
1109 1367
1109 1366
1109 1365
1109 1364
1109 1363
1109 1362
1109 1361
1109 1360
1109 1359
1109 1358
1109 1357
1109 1356
1109 1355
1109 1354
1109 1353
1109 1352
1109 1351
1109 1350
1109 1349
1109 1348
1109 1347
1109 1346
1109 1345
1109 1344
1109 1343
1109 1342
1109 1341
1109 1340
1109 1339
1109 1338
1108 1337
1108 1336
1108 1335
1108 1334
1107 1333
1107 1332
1107 1331
1107 1330
1107 1329
1107 1328
1106 1327
1106 1326
1106 1325
1106 1324
1106 1323
1106 1322
1106 1321
1106 1320
1106 1319
1105 1318
1105 1317
1105 1316
1105 1315
1105 1314
1105 1313
1105 1312
1105 1311
1105 1310
1105 1309
1105 1308
1105 1307
1104 1306
1104 1305
1104 1304
1104 1303
1104 1302
1103 1301
1103 1300
1103 1299
1103 1298
1103 1297
1103 1296
1103 1295
1103 1294
1103 1293
1103 1292
1102 1291
1102 1290
1102 1289
1102 1288
1102 1287
1102 1286
1102 1285
1101 1284
1101 1283
1101 1282
1101 1281
1101 1280
1101 1279
1101 1278
1101 1277
1101 1276
1101 1275
1101 1274
1101 1273
1101 1272
1101 1271
1101 1270
1101 1269
1101 1268
1101 1267
1101 1266
1101 1265
1101 1264
1101 1263
1101 1262
1101 1261
1101 1260
1101 1259
1101 1258
1101 1257
1101 1256
1101 1255
1100 1254
1100 1253
1100 1252
1100 1251
1100 1250
1100 1249
1099 1248
1099 1247
1099 1246
1098 1245
1097 1244
1096 1243
1095 1242
1094 1241
1093 1240
1092 1239
1091 1238
1090 1237
1089 1236
1088 1236
