1091 952
1090 953
1089 953
1088 954
1087 954
1086 954
1085 955
1084 956
1083 957
1082 957
1081 958
1080 959
1079 960
1078 961
1078 962
1077 963
1077 964
1076 965
1075 966
1075 967
1074 968
1073 969
1073 970
1072 971
1072 972
1071 973
1070 974
1070 975
1069 976
1068 977
1068 978
1067 979
1067 980
1066 981
1066 982
1065 983
1064 984
1064 985
1063 986
1063 987
1062 988
1061 989
1061 990
1060 991
1060 992
1059 993
1059 994
1058 995
1058 996
1057 997
1056 998
1056 999
1055 1000
1054 1001
1054 1002
1053 1003
1053 1004
1052 1005
1051 1006
1051 1007
1050 1008
1050 1009
1049 1010
1049 1011
1048 1012
1047 1013
1047 1014
1046 1015
1046 1016
1045 1017
1045 1018
1044 1019
1043 1020
1043 1021
1042 1022
1041 1023
1041 1024
1040 1025
1040 1026
1039 1027
1039 1028
1038 1029
1038 1030
1037 1031
1036 1032
1036 1033
1035 1034
1035 1035
1034 1036
1034 1037
1034 1038
1034 1039
1033 1040
1033 1041
1033 1042
1032 1043
1032 1044
1032 1045
1031 1046
1031 1047
1031 1048
1030 1049
1030 1050
1030 1051
1030 1052
1029 1053
1029 1054
1029 1055
1028 1056
1028 1057
1028 1058
1027 1059
1027 1060
1027 1061
1027 1062
1027 1063
1027 1064
1026 1065
1026 1066
1026 1067
1026 1068
1026 1069
1025 1070
1025 1071
1025 1072
1025 1073
1025 1074
1025 1075
1025 1076
1025 1077
1025 1078
1025 1079
1025 1080
1024 1081
1024 1082
1024 1083
1024 1084
1024 1085
1024 1086
1024 1087
1024 1088
1023 1089
1023 1090
1023 1091
1023 1092
1023 1093
1023 1094
1022 1095
1022 1096
1022 1097
1022 1098
1022 1099
1022 1100
1022 1101
1022 1102
1022 1103
1021 1104
1021 1105
1021 1106
1021 1107
1021 1108
1021 1109
1022 1110
1022 1111
1022 1112
1022 1113
1023 1114
1023 1115
1023 1116
1023 1117
1023 1118
1024 1119
1024 1120
1025 1121
1025 1122
1026 1123
1026 1124
1027 1125
1027 1126
1028 1127
1029 1128
1029 1129
1030 1130
1030 1131
1031 1132
1031 1133
1032 1134
1033 1135
1033 1136
1034 1137
1035 1138
1035 1139
1036 1140
1037 1141
1038 1142
1038 1143
1039 1144
1040 1145
1041 1146
1041 1147
1042 1148
1043 1149
1044 1150
1045 1151
1045 1152
1046 1153
1047 1154
1048 1155
1049 1156
1050 1157
1051 1158
1052 1159
1053 1160
1054 1161
1055 1162
1056 1163
1057 1164
1058 1164
1059 1165
1060 1166
1061 1167
1062 1168
1063 1168
1064 1168
1065 1168
1066 1169
1067 1169
1068 1169
1069 1169
1070 1169
1071 1169
1072 1169
1073 1170
1074 1170
1075 1170
1076 1170
1077 1171
1078 1171
1079 1171
1080 1171
1081 1171
1082 1171
1083 1171
1084 1171
1085 1172
1086 1172
1087 1172
1088 1173
1089 1173
1090 1173
1091 1173
1092 1173
1093 1173
1094 1173
1095 1173
1096 1173
1097 1173
1098 1172
1099 1172
1100 1172
1101 1172
1102 1172
1103 1171
1104 1171
1105 1170
1106 1169
1107 1169
1108 1168
1109 1167
1110 1167
1111 1166
1111 1165
1112 1164
1113 1163
1113 1162
1114 1161
1115 1160
1115 1159
1116 1158
1116 1157
1116 1156
1116 1155
1116 1154
1116 1153
1117 1152
1117 1151
1117 1150
1117 1149
1118 1148
1118 1147
1118 1146
1118 1145
1118 1144
1118 1143
1118 1142
1118 1141
1118 1140
1118 1139
1118 1138
1118 1137
1119 1136
1118 1135
1118 1134
1118 1133
1118 1132
1118 1131
1118 1130
1118 1129
1118 1128
1118 1127
1118 1126
1119 1125
1119 1124
1119 1123
1119 1122
1119 1121
1119 1120
1119 1119
1118 1118
1118 1117
1119 1116
1119 1115
1119 1114
1119 1113
1119 1112
1119 1111
1119 1110
1119 1109
1119 1108
1119 1107
1119 1106
1119 1105
1119 1104
1119 1103
1119 1102
1119 1101
1119 1100
1119 1099
1119 1098
1119 1097
1119 1096
1119 1095
1119 1094
1119 1093
1119 1092
1119 1091
1119 1090
1119 1089
1119 1088
1119 1087
1119 1086
1119 1085
1119 1084
1119 1083
1119 1082
1119 1081
1119 1080
1119 1079
1119 1078
1119 1077
1119 1076
1119 1075
1119 1074
1119 1073
1119 1072
1119 1071
1119 1070
1119 1069
1119 1068
1119 1067
1119 1066
1119 1065
1119 1064
1119 1063
1119 1062
1118 1061
1118 1060
1118 1059
1118 1058
1118 1057
1118 1056
1118 1055
1119 1054
1119 1053
1118 1052
1118 1051
1118 1050
1118 1049
1118 1048
1118 1047
1118 1046
1118 1045
1118 1044
1118 1043
1118 1042
1118 1041
1118 1040
1118 1039
1118 1038
1118 1037
1118 1036
1118 1035
1118 1034
1118 1033
1118 1032
1118 1031
1118 1030
1118 1029
1118 1028
1117 1027
1117 1026
1117 1025
1117 1024
1117 1023
1117 1022
1117 1021
1117 1020
1117 1019
1117 1018
1117 1017
1116 1016
1116 1015
1116 1014
1116 1013
1116 1012
1116 1011
1116 1010
1116 1009
1116 1008
1116 1007
1116 1006
1116 1005
1115 1004
1115 1003
1115 1002
1115 1001
1115 1000
1115 999
1115 998
1115 997
1115 996
1114 995
1114 994
1114 993
1114 992
1114 991
1113 990
1113 989
1113 988
1113 987
1113 986
1113 985
1113 984
1113 983
1113 982
1112 981
1112 980
1112 979
1112 978
1111 977
1111 976
1111 975
1111 974
1111 973
1111 972
1111 971
1110 970
1110 969
1110 968
1109 967
1109 966
1109 965
1109 964
1108 963
1108 962
1108 961
1107 960
1107 959
1106 958
1105 957
1105 956
1104 955
1103 954
1102 954
1101 953
1100 953
1099 953
1098 953
1097 952
1096 952
1095 952
1094 952
1093 952
1092 952
1091 952
