1092 545
1091 546
1090 546
1089 546
1088 546
1087 546
1086 546
1085 546
1084 546
1083 547
1082 547
1081 547
1080 547
1079 548
1078 548
1077 548
1076 549
1075 549
1074 549
1073 550
1072 550
1071 551
1070 552
1069 552
1068 553
1067 554
1066 554
1065 555
1064 556
1063 557
1062 558
1061 558
1060 559
1059 560
1058 561
1058 562
1057 563
1056 564
1055 565
1055 566
1054 567
1053 568
1052 569
1052 570
1051 571
1050 572
1049 573
1049 574
1048 575
1048 576
1047 577
1046 578
1046 579
1045 580
1045 581
1044 582
1043 583
1043 584
1042 585
1042 586
1041 587
1041 588
1040 589
1039 590
1039 591
1039 592
1038 593
1038 594
1038 595
1037 596
1037 597
1037 598
1036 599
1036 600
1036 601
1035 602
1035 603
1035 604
1035 605
1035 606
1035 607
1034 608
1034 609
1034 610
1034 611
1034 612
1034 613
1033 614
1033 615
1033 616
1033 617
1033 618
1033 619
1033 620
1032 621
1032 622
1032 623
1032 624
1032 625
1032 626
1032 627
1032 628
1031 629
1031 630
1031 631
1031 632
1031 633
1031 634
1031 635
1031 636
1030 637
1030 638
1030 639
1030 640
1030 641
1030 642
1030 643
1029 644
1029 645
1029 646
1029 647
1029 648
1028 649
1028 650
1028 651
1028 652
1027 653
1027 654
1027 655
1026 656
1026 657
1026 658
1026 659
1026 660
1026 661
1026 662
1026 663
1025 664
1025 665
1025 666
1025 667
1025 668
1025 669
1025 670
1025 671
1025 672
1025 673
1025 674
1025 675
1026 676
1026 677
1026 678
1027 679
1027 680
1027 681
1028 682
1028 683
1028 684
1029 685
1029 686
1029 687
1029 688
1030 689
1030 690
1030 691
1031 692
1031 693
1031 694
1032 695
1032 696
1032 697
1033 698
1033 699
1033 700
1034 701
1034 702
1034 703
1035 704
1035 705
1035 706
1035 707
1036 708
1036 709
1036 710
1036 711
1037 712
1037 713
1037 714
1037 715
1038 716
1038 717
1038 718
1039 719
1039 720
1040 721
1040 722
1040 723
1041 724
1041 725
1041 726
1041 727
1042 728
1042 729
1042 730
1042 731
1043 732
1043 733
1043 734
1043 735
1044 736
1044 737
1044 738
1044 739
1045 740
1045 741
1045 742
1045 743
1046 744
1046 745
1046 746
1046 747
1047 748
1047 749
1047 750
1047 751
1048 752
1048 753
1049 754
1049 755
1049 756
1049 757
1050 758
1050 759
1050 760
1051 761
1051 762
1051 763
1052 764
1052 765
1052 766
1053 767
1053 768
1053 769
1054 770
1054 771
1054 772
1055 773
1055 774
1056 775
1056 776
1057 777
1057 778
1058 779
1058 780
1058 781
1059 782
1059 783
1060 784
1060 785
1060 786
1060 787
1060 788
1061 789
1061 790
1061 791
1062 792
1062 793
1062 794
1063 795
1063 796
1063 797
1064 798
1064 799
1065 800
1065 801
1065 802
1065 803
1066 804
1066 805
1066 806
1066 807
1067 808
1067 809
1067 810
1067 811
1068 812
1068 813
1068 814
1069 815
1069 816
1069 817
1069 818
1070 819
1071 820
1072 820
1073 821
1074 822
1075 822
1076 823
1077 823
1078 824
1079 825
1080 825
1081 826
1082 826
1083 827
1084 828
1085 828
1086 829
1087 829
1088 830
1089 831
1090 831
1091 832
1092 832
1093 833
1094 833
1095 833
1096 833
1097 833
1098 833
1099 833
1100 833
1101 833
1102 833
1103 833
1104 833
1105 832
1106 832
1107 832
1108 832
1109 832
1110 832
1111 832
1112 831
1113 831
1114 831
1115 831
1116 831
1116 830
1116 829
1117 828
1117 827
1118 826
1118 825
1119 824
1119 823
1119 822
1120 821
1120 820
1120 819
1120 818
1120 817
1121 816
1121 815
1121 814
1121 813
1121 812
1121 811
1121 810
1121 809
1121 808
1122 807
1122 806
1122 805
1122 804
1122 803
1122 802
1122 801
1122 800
1122 799
1122 798
1122 797
1122 796
1122 795
1122 794
1122 793
1122 792
1123 791
1123 790
1123 789
1123 788
1123 787
1123 786
1123 785
1123 784
1123 783
1123 782
1123 781
1124 780
1124 779
1124 778
1124 777
1124 776
1124 775
1124 774
1124 773
1124 772
1124 771
1124 770
1124 769
1124 768
1125 767
1125 766
1125 765
1125 764
1125 763
1125 762
1125 761
1125 760
1125 759
1125 758
1125 757
1125 756
1125 755
1125 754
1125 753
1125 752
1125 751
1125 750
1125 749
1125 748
1125 747
1125 746
1125 745
1125 744
1125 743
1125 742
1125 741
1125 740
1125 739
1125 738
1125 737
1125 736
1125 735
1125 734
1125 733
1125 732
1125 731
1125 730
1125 729
1125 728
1125 727
1125 726
1125 725
1125 724
1125 723
1125 722
1125 721
1125 720
1125 719
1125 718
1125 717
1125 716
1125 715
1125 714
1125 713
1125 712
1125 711
1125 710
1125 709
1125 708
1125 707
1125 706
1125 705
1125 704
1125 703
1125 702
1125 701
1125 700
1125 699
1126 698
1126 697
1126 696
1126 695
1126 694
1126 693
1126 692
1126 691
1126 690
1126 689
1126 688
1126 687
1126 686
1126 685
1126 684
1126 683
1126 682
1126 681
1125 680
1125 679
1125 678
1125 677
1125 676
1125 675
1125 674
1125 673
1125 672
1125 671
1125 670
1125 669
1125 668
1125 667
1125 666
1125 665
1125 664
1125 663
1125 662
1125 661
1125 660
1125 659
1125 658
1125 657
1125 656
1125 655
1125 654
1125 653
1125 652
1125 651
1125 650
1125 649
1125 648
1125 647
1125 646
1124 645
1124 644
1124 643
1124 642
1124 641
1124 640
1124 639
1124 638
1124 637
1124 636
1124 635
1124 634
1124 633
1124 632
1124 631
1124 630
1124 629
1124 628
1124 627
1124 626
1124 625
1124 624
1124 623
1124 622
1124 621
1124 620
1124 619
1124 618
1124 617
1124 616
1124 615
1123 614
1123 613
1123 612
1123 611
1123 610
1123 609
1123 608
1123 607
1123 606
1123 605
1123 604
1123 603
1123 602
1123 601
1123 600
1123 599
1123 598
1122 597
1122 596
1122 595
1122 594
1122 593
1122 592
1122 591
1122 590
1122 589
1122 588
1122 587
1122 586
1122 585
1122 584
1122 583
1122 582
1122 581
1121 580
1121 579
1121 578
1121 577
1121 576
1121 575
1121 574
1121 573
1120 572
1120 571
1120 570
1119 569
1119 568
1119 567
1118 566
1118 565
1118 564
1118 563
1117 562
1117 561
1116 560
1115 559
1115 558
1114 557
1114 556
1113 555
1112 554
1111 553
1110 552
1109 551
1108 550
1107 549
1106 548
1105 547
1104 547
1103 547
1102 547
1101 546
1100 546
1099 546
1098 546
1097 545
1096 545
1095 545
1094 545
1093 545
1092 545
