1138 28
1137 29
1136 29
1135 29
1134 29
1133 29
1132 29
1131 29
1130 29
1129 30
1128 30
1127 31
1126 32
1125 33
1124 34
1123 35
1122 36
1121 37
1120 38
1120 39
1119 40
1119 41
1118 42
1117 43
1117 44
1116 45
1115 46
1115 47
1114 48
1114 49
1113 50
1113 51
1112 52
1111 53
1111 54
1110 55
1110 56
1109 57
1108 58
1108 59
1107 60
1107 61
1106 62
1105 63
1105 64
1104 65
1103 66
1103 67
1102 68
1102 69
1101 70
1100 71
1100 72
1099 73
1098 74
1098 75
1097 76
1096 77
1096 78
1095 79
1094 80
1094 81
1093 82
1092 83
1091 84
1091 85
1090 86
1090 87
1089 88
1088 89
1088 90
1087 91
1087 92
1086 93
1085 94
1084 95
1084 96
1083 97
1083 98
1082 99
1082 100
1081 101
1080 102
1080 103
1079 104
1078 105
1078 106
1077 107
1077 108
1076 109
1075 110
1074 111
1073 112
1073 113
1072 114
1071 115
1071 116
1070 117
1069 118
1068 119
1068 120
1067 121
1066 122
1065 123
1065 124
1064 125
1063 126
1062 127
1062 128
1061 129
1060 130
1059 131
1059 132
1058 133
1057 134
1056 135
1056 136
1055 137
1054 138
1053 139
1053 140
1052 141
1051 142
1050 143
1049 144
1049 145
1048 146
1047 147
1046 148
1046 149
1045 150
1044 151
1043 152
1042 153
1042 154
1041 155
1040 156
1039 157
1039 158
1038 159
1037 160
1036 161
1035 162
1034 163
1033 164
1032 165
1032 166
1031 167
1030 168
1029 169
1028 170
1027 171
1026 172
1025 173
1024 174
1024 175
1023 176
1022 177
1021 178
1020 179
1019 180
1018 181
1017 182
1016 183
1015 184
1014 185
1013 186
1012 187
1011 188
1010 189
1010 190
1009 191
1008 192
1007 193
1006 194
1005 195
1005 196
1004 197
1003 198
1002 199
1002 200
1001 201
1001 202
1000 203
1000 204
999 205
999 206
998 207
997 208
997 209
996 210
996 211
996 212
995 213
994 214
994 215
993 216
993 217
992 218
992 219
993 220
993 221
993 222
994 223
994 224
995 225
995 226
995 227
996 228
996 229
997 230
997 231
998 232
998 233
999 234
999 235
1000 236
1000 237
1000 238
1001 239
1002 240
1002 241
1002 242
1003 243
1003 244
1004 245
1004 246
1005 247
1005 248
1006 249
1006 250
1007 251
1007 252
1008 253
1008 254
1009 255
1009 256
1010 257
1010 258
1011 259
1012 260
1012 261
1013 262
1013 263
1014 264
1014 265
1015 266
1015 267
1016 268
1016 269
1017 270
1017 271
1018 272
1018 273
1019 274
1020 275
1020 276
1020 277
1021 278
1021 279
1022 280
1022 281
1023 282
1024 283
1024 284
1025 285
1025 286
1026 287
1026 288
1026 289
1027 290
1028 291
1028 292
1029 293
1029 294
1030 295
1030 296
1031 297
1031 298
1032 299
1032 300
1033 301
1033 302
1034 303
1035 304
1035 305
1036 306
1037 307
1037 308
1038 309
1038 310
1039 311
1039 312
1040 313
1040 314
1041 315
1041 316
1042 317
1042 318
1043 319
1043 320
1044 321
1044 322
1045 323
1045 324
1046 325
1046 326
1047 327
1047 328
1048 329
1048 330
1049 331
1049 332
1050 333
1050 334
1051 335
1051 336
1052 337
1052 338
1053 339
1053 340
1054 341
1054 342
1055 343
1055 344
1056 345
1056 346
1057 347
1057 348
1058 349
1058 350
1059 351
1059 352
1060 353
1060 354
1061 355
1061 356
1062 357
1062 358
1062 359
1063 360
1063 361
1064 362
1065 363
1065 364
1065 365
1066 366
1067 367
1067 368
1067 369
1068 370
1068 371
1069 372
1069 373
1070 374
1070 375
1071 376
1071 377
1072 378
1072 379
1072 380
1073 381
1073 382
1074 383
1074 384
1075 385
1076 386
1076 387
1076 388
1077 389
1077 390
1078 391
1078 392
1079 393
1079 394
1080 395
1080 396
1081 397
1081 398
1081 399
1082 400
1082 401
1083 402
1083 403
1084 404
1084 405
1085 406
1085 407
1086 408
1086 409
1086 410
1087 411
1087 412
1088 413
1088 414
1088 415
1089 416
1089 417
1089 418
1090 419
1090 420
1090 421
1091 422
1091 423
1092 424
1092 425
1093 426
1093 427
1093 428
1093 429
1094 430
1094 431
1095 432
1095 433
1095 434
1096 435
1096 436
1097 437
1097 438
1097 439
1098 440
1098 441
1099 442
1099 443
1100 444
1101 445
1101 446
1102 447
1102 448
1102 449
1103 450
1103 451
1104 452
1104 453
1105 454
1105 455
1106 456
1106 457
1107 458
1107 459
1107 460
1108 461
1108 462
1109 463
1110 464
1111 465
1111 466
1112 467
1113 468
1114 469
1115 470
1116 471
1117 472
1118 473
1119 474
1120 474
1121 474
1122 475
1123 475
1124 475
1125 476
1126 476
1127 476
1128 477
1129 477
1130 478
1131 478
1132 478
1133 477
1134 477
1135 477
1136 477
1137 477
1138 477
1139 477
1140 477
1141 477
1142 477
1143 476
1144 475
1145 474
1146 474
1147 473
1147 472
1148 471
1148 470
1149 469
1149 468
1150 467
1150 466
1150 465
1151 464
1151 463
1152 462
1152 461
1152 460
1152 459
1153 458
1153 457
1153 456
1153 455
1153 454
1154 453
1154 452
1154 451
1154 450
1154 449
1155 448
1155 447
1155 446
1156 445
1156 444
1156 443
1156 442
1156 441
1156 440
1157 439
1157 438
1157 437
1157 436
1157 435
1157 434
1157 433
1157 432
1157 431
1158 430
1158 429
1158 428
1158 427
1159 426
1159 425
1159 424
1159 423
1159 422
1159 421
1159 420
1159 419
1159 418
1160 417
1160 416
1160 415
1160 414
1160 413
1160 412
1160 411
1161 410
1161 409
1161 408
1162 407
1162 406
1162 405
1162 404
1162 403
1162 402
1162 401
1163 400
1163 399
1163 398
1163 397
1163 396
1164 395
1164 394
1164 393
1164 392
1164 391
1164 390
1164 389
1165 388
1165 387
1165 386
1165 385
1165 384
1165 383
1165 382
1165 381
1165 380
1166 379
1166 378
1166 377
1166 376
1166 375
1166 374
1166 373
1166 372
1166 371
1166 370
1166 369
1166 368
1167 367
1167 366
1167 365
1166 364
1166 363
1166 362
1167 361
1167 360
1167 359
1167 358
1167 357
1167 356
1167 355
1167 354
1167 353
1167 352
1167 351
1167 350
1167 349
1167 348
1167 347
1167 346
1167 345
1167 344
1168 343
1168 342
1168 341
1168 340
1169 339
1169 338
1169 337
1169 336
1169 335
1169 334
1169 333
1169 332
1169 331
1169 330
1169 329
1169 328
1169 327
1169 326
1169 325
1169 324
1169 323
1170 322
1170 321
1170 320
1170 319
1170 318
1170 317
1170 316
1170 315
1170 314
1170 313
1170 312
1170 311
1170 310
1171 309
1170 308
1170 307
1170 306
1170 305
1170 304
1170 303
1170 302
1171 301
1171 300
1171 299
1171 298
1171 297
1171 296
1170 295
1170 294
1170 293
1170 292
1170 291
1171 290
1171 289
1171 288
1170 287
1170 286
1170 285
1170 284
1170 283
1170 282
1170 281
1170 280
1170 279
1170 278
1170 277
1170 276
1170 275
1170 274
1170 273
1170 272
1170 271
1170 270
1170 269
1170 268
1170 267
1170 266
1170 265
1170 264
1170 263
1170 262
1170 261
1170 260
1170 259
1170 258
1170 257
1170 256
1170 255
1170 254
1170 253
1170 252
1170 251
1170 250
1170 249
1170 248
1170 247
1170 246
1170 245
1170 244
1170 243
1170 242
1170 241
1170 240
1170 239
1170 238
1170 237
1170 236
1170 235
1170 234
1170 233
1170 232
1170 231
1170 230
1170 229
1170 228
1170 227
1169 226
1169 225
1169 224
1169 223
1169 222
1169 221
1169 220
1169 219
1169 218
1169 217
1169 216
1169 215
1169 214
1169 213
1169 212
1169 211
1169 210
1169 209
1169 208
1169 207
1169 206
1169 205
1169 204
1169 203
1169 202
1169 201
1169 200
1168 199
1168 198
1168 197
1168 196
1168 195
1168 194
1168 193
1168 192
1168 191
1168 190
1168 189
1168 188
1168 187
1168 186
1167 185
1167 184
1167 183
1167 182
1168 181
1167 180
1167 179
1167 178
1167 177
1167 176
1167 175
1167 174
1167 173
1167 172
1167 171
1167 170
1167 169
1167 168
1166 167
1166 166
1166 165
1166 164
1166 163
1166 162
1166 161
1166 160
1166 159
1166 158
1166 157
1165 156
1165 155
1165 154
1165 153
1165 152
1165 151
1165 150
1165 149
1165 148
1165 147
1165 146
1165 145
1165 144
1165 143
1165 142
1165 141
1164 140
1164 139
1164 138
1164 137
1164 136
1164 135
1164 134
1164 133
1164 132
1164 131
1163 130
1163 129
1163 128
1163 127
1163 126
1163 125
1163 124
1163 123
1163 122
1163 121
1162 120
1162 119
1162 118
1162 117
1161 116
1161 115
1161 114
1161 113
1161 112
1161 111
1161 110
1161 109
1160 108
1160 107
1160 106
1160 105
1160 104
1160 103
1160 102
1160 101
1159 100
1159 99
1159 98
1159 97
1159 96
1158 95
1158 94
1158 93
1158 92
1158 91
1158 90
1158 89
1157 88
1157 87
1157 86
1157 85
1157 84
1157 83
1156 82
1156 81
1156 80
1156 79
1156 78
1155 77
1155 76
1155 75
1155 74
1155 73
1155 72
1155 71
1155 70
1155 69
1154 68
1154 67
1154 66
1154 65
1154 64
1154 63
1153 62
1153 61
1153 60
1153 59
1153 58
1152 57
1152 56
1152 55
1152 54
1152 53
1151 52
1151 51
1151 50
1151 49
1150 48
1150 47
1150 46
1149 45
1149 44
1149 43
1149 42
1148 41
1148 40
1147 39
1147 38
1146 37
1146 36
1145 35
1144 34
1143 33
1142 32
1141 31
1140 30
1139 29
1138 28
