832 1946
831 1947
830 1948
829 1948
828 1949
827 1950
826 1951
825 1952
824 1953
823 1954
822 1955
821 1956
821 1957
820 1958
819 1959
818 1960
817 1961
817 1962
816 1963
815 1964
815 1965
814 1966
814 1967
813 1968
813 1969
812 1970
812 1971
811 1972
811 1973
810 1974
810 1975
809 1976
809 1977
808 1978
808 1979
808 1980
807 1981
807 1982
807 1983
807 1984
806 1985
806 1986
806 1987
806 1988
805 1989
805 1990
805 1991
805 1992
805 1993
804 1994
804 1995
804 1996
804 1997
804 1998
803 1999
803 2000
803 2001
803 2002
803 2003
802 2004
802 2005
802 2006
802 2007
802 2008
801 2009
801 2010
801 2011
801 2012
801 2013
800 2014
800 2015
800 2016
800 2017
799 2018
799 2019
799 2020
798 2021
798 2022
798 2023
798 2024
797 2025
797 2026
797 2027
796 2028
796 2029
796 2030
796 2031
795 2032
795 2033
795 2034
794 2035
794 2036
794 2037
793 2038
793 2039
793 2040
792 2041
792 2042
792 2043
792 2044
791 2045
791 2046
791 2047
790 2048
790 2049
790 2050
790 2051
790 2052
789 2053
789 2054
789 2055
789 2056
789 2057
788 2058
788 2059
788 2060
788 2061
788 2062
787 2063
787 2064
787 2065
787 2066
787 2067
786 2068
786 2069
786 2070
786 2071
786 2072
786 2073
785 2074
785 2075
785 2076
785 2077
785 2078
785 2079
784 2080
784 2081
784 2082
784 2083
784 2084
784 2085
784 2086
784 2087
784 2088
783 2089
783 2090
783 2091
783 2092
783 2093
783 2094
783 2095
783 2096
783 2097
783 2098
783 2099
783 2100
783 2101
783 2102
783 2103
783 2104
783 2105
783 2106
783 2107
783 2108
783 2109
783 2110
783 2111
783 2112
782 2113
782 2114
782 2115
782 2116
782 2117
782 2118
782 2119
782 2120
782 2121
782 2122
782 2123
782 2124
782 2125
782 2126
782 2127
782 2128
782 2129
782 2130
782 2131
782 2132
782 2133
782 2134
782 2135
782 2136
782 2137
782 2138
782 2139
782 2140
782 2141
782 2142
782 2143
782 2144
782 2145
782 2146
782 2147
782 2148
782 2149
782 2150
781 2151
781 2152
781 2153
781 2154
781 2155
781 2156
781 2157
781 2158
781 2159
781 2160
781 2161
781 2162
781 2163
781 2164
781 2165
781 2166
781 2167
781 2168
780 2169
780 2170
780 2171
780 2172
780 2173
780 2174
780 2175
780 2176
780 2177
780 2178
780 2179
780 2180
780 2181
779 2182
779 2183
779 2184
779 2185
779 2186
779 2187
779 2188
779 2189
779 2190
778 2191
778 2192
778 2193
778 2194
778 2195
778 2196
778 2197
778 2198
777 2199
777 2200
777 2201
777 2202
777 2203
776 2204
776 2205
776 2206
776 2207
776 2208
776 2209
775 2210
775 2211
775 2212
775 2213
775 2214
774 2215
774 2216
774 2217
774 2218
774 2219
774 2220
773 2221
773 2222
773 2223
773 2224
773 2225
773 2226
773 2227
773 2228
773 2229
773 2230
773 2231
773 2232
774 2233
774 2234
775 2235
776 2236
776 2237
777 2238
777 2239
778 2240
779 2241
779 2242
780 2242
781 2243
782 2243
783 2244
784 2244
785 2245
786 2246
787 2246
788 2247
789 2247
790 2247
791 2247
792 2247
793 2247
794 2247
795 2248
796 2248
797 2248
798 2247
799 2247
800 2246
801 2246
802 2245
803 2245
804 2244
805 2244
806 2244
807 2243
808 2243
809 2242
810 2241
811 2241
812 2240
813 2239
814 2239
815 2238
816 2237
817 2237
818 2236
819 2235
820 2234
821 2233
822 2233
823 2232
824 2231
825 2230
826 2229
827 2228
828 2227
829 2226
830 2225
831 2224
832 2223
833 2222
834 2221
834 2220
835 2219
836 2218
837 2217
838 2216
839 2215
839 2214
840 2213
841 2212
842 2211
842 2210
842 2209
843 2208
843 2207
843 2206
844 2205
844 2204
844 2203
844 2202
844 2201
845 2200
845 2199
845 2198
845 2197
845 2196
845 2195
845 2194
845 2193
845 2192
846 2191
846 2190
846 2189
846 2188
846 2187
846 2186
846 2185
846 2184
846 2183
846 2182
846 2181
846 2180
847 2179
847 2178
847 2177
847 2176
847 2175
847 2174
847 2173
847 2172
847 2171
847 2170
848 2169
848 2168
848 2167
848 2166
848 2165
848 2164
848 2163
848 2162
848 2161
848 2160
848 2159
848 2158
848 2157
848 2156
849 2155
849 2154
849 2153
849 2152
849 2151
849 2150
849 2149
849 2148
849 2147
849 2146
849 2145
849 2144
849 2143
849 2142
849 2141
850 2140
850 2139
850 2138
850 2137
850 2136
850 2135
850 2134
850 2133
850 2132
850 2131
850 2130
850 2129
850 2128
850 2127
850 2126
850 2125
850 2124
850 2123
850 2122
850 2121
850 2120
850 2119
850 2118
850 2117
850 2116
850 2115
850 2114
851 2113
851 2112
851 2111
851 2110
851 2109
851 2108
851 2107
851 2106
851 2105
851 2104
851 2103
851 2102
851 2101
851 2100
851 2099
851 2098
851 2097
851 2096
851 2095
851 2094
852 2093
852 2092
852 2091
852 2090
852 2089
852 2088
852 2087
852 2086
852 2085
852 2084
852 2083
852 2082
852 2081
852 2080
852 2079
852 2078
852 2077
852 2076
852 2075
852 2074
852 2073
852 2072
852 2071
852 2070
852 2069
852 2068
852 2067
852 2066
852 2065
852 2064
852 2063
852 2062
852 2061
852 2060
852 2059
852 2058
852 2057
852 2056
852 2055
852 2054
852 2053
853 2052
853 2051
853 2050
853 2049
853 2048
853 2047
853 2046
853 2045
853 2044
853 2043
853 2042
853 2041
853 2040
853 2039
853 2038
853 2037
853 2036
853 2035
853 2034
853 2033
853 2032
853 2031
853 2030
852 2029
852 2028
852 2027
852 2026
852 2025
852 2024
852 2023
852 2022
852 2021
852 2020
852 2019
852 2018
852 2017
852 2016
852 2015
851 2014
851 2013
851 2012
851 2011
851 2010
851 2009
851 2008
851 2007
851 2006
851 2005
851 2004
850 2003
850 2002
850 2001
850 2000
850 1999
850 1998
850 1997
850 1996
850 1995
850 1994
850 1993
850 1992
850 1991
850 1990
850 1989
849 1988
849 1987
849 1986
849 1985
849 1984
849 1983
849 1982
849 1981
848 1980
848 1979
848 1978
848 1977
848 1976
847 1975
847 1974
847 1973
847 1972
847 1971
847 1970
847 1969
846 1968
846 1967
846 1966
846 1965
846 1964
846 1963
845 1962
845 1961
845 1960
845 1959
845 1958
845 1957
844 1956
844 1955
844 1954
843 1953
843 1952
842 1951
841 1950
841 1949
840 1948
840 1947
839 1947
838 1946
837 1946
836 1946
835 1946
834 1946
833 1946
832 1946
