833 1716
832 1717
831 1717
830 1718
829 1718
828 1719
827 1719
826 1720
825 1721
824 1722
823 1723
823 1724
822 1725
821 1726
821 1727
820 1728
820 1729
819 1730
819 1731
819 1732
818 1733
818 1734
818 1735
817 1736
817 1737
817 1738
817 1739
816 1740
816 1741
816 1742
815 1743
815 1744
815 1745
815 1746
814 1747
814 1748
814 1749
813 1750
813 1751
813 1752
812 1753
812 1754
812 1755
811 1756
811 1757
810 1758
810 1759
809 1760
809 1761
809 1762
808 1763
808 1764
807 1765
807 1766
806 1767
806 1768
806 1769
805 1770
805 1771
804 1772
804 1773
804 1774
803 1775
803 1776
803 1777
802 1778
802 1779
802 1780
802 1781
801 1782
801 1783
801 1784
801 1785
800 1786
800 1787
799 1788
799 1789
798 1790
798 1791
797 1792
797 1793
797 1794
796 1795
796 1796
795 1797
795 1798
795 1799
794 1800
794 1801
794 1802
793 1803
793 1804
793 1805
793 1806
793 1807
792 1808
792 1809
792 1810
792 1811
792 1812
792 1813
792 1814
792 1815
792 1816
792 1817
792 1818
792 1819
792 1820
792 1821
793 1822
793 1823
793 1824
793 1825
794 1826
794 1827
794 1828
795 1829
795 1830
796 1831
796 1832
797 1833
797 1834
798 1835
798 1836
799 1837
799 1838
800 1839
800 1840
801 1841
802 1842
802 1843
803 1844
803 1845
804 1846
804 1847
805 1848
805 1849
806 1850
806 1851
807 1852
807 1853
808 1854
809 1855
810 1856
810 1857
811 1858
812 1859
812 1860
813 1861
814 1862
814 1863
815 1864
816 1865
817 1866
817 1867
818 1868
819 1869
820 1870
821 1871
822 1872
823 1873
824 1874
825 1875
826 1875
827 1876
828 1876
829 1877
830 1877
831 1877
832 1878
833 1878
834 1879
835 1879
836 1879
837 1880
838 1880
839 1880
840 1881
841 1881
842 1882
843 1882
844 1883
845 1883
846 1882
847 1881
848 1881
849 1880
850 1880
851 1879
852 1878
853 1878
853 1877
854 1876
854 1875
855 1874
856 1873
856 1872
857 1871
857 1870
857 1869
858 1868
858 1867
858 1866
858 1865
859 1864
859 1863
859 1862
860 1861
860 1860
860 1859
860 1858
860 1857
860 1856
860 1855
860 1854
860 1853
860 1852
861 1851
861 1850
861 1849
861 1848
861 1847
861 1846
861 1845
861 1844
862 1843
862 1842
862 1841
862 1840
862 1839
862 1838
862 1837
862 1836
862 1835
862 1834
862 1833
862 1832
863 1831
863 1830
863 1829
863 1828
863 1827
863 1826
863 1825
863 1824
863 1823
863 1822
863 1821
863 1820
863 1819
864 1818
864 1817
864 1816
864 1815
864 1814
864 1813
864 1812
864 1811
864 1810
864 1809
864 1808
864 1807
864 1806
865 1805
865 1804
865 1803
865 1802
865 1801
865 1800
865 1799
865 1798
865 1797
864 1796
864 1795
864 1794
864 1793
864 1792
864 1791
863 1790
863 1789
863 1788
863 1787
863 1786
862 1785
862 1784
862 1783
862 1782
861 1781
861 1780
861 1779
861 1778
860 1777
860 1776
860 1775
860 1774
859 1773
859 1772
859 1771
859 1770
858 1769
858 1768
858 1767
858 1766
857 1765
857 1764
857 1763
857 1762
856 1761
856 1760
856 1759
856 1758
855 1757
855 1756
855 1755
855 1754
854 1753
854 1752
854 1751
854 1750
853 1749
853 1748
853 1747
852 1746
852 1745
852 1744
851 1743
851 1742
851 1741
850 1740
850 1739
850 1738
849 1737
849 1736
849 1735
848 1734
848 1733
848 1732
848 1731
847 1730
847 1729
847 1728
847 1727
846 1726
846 1725
846 1724
846 1723
846 1722
845 1721
845 1720
845 1719
845 1718
844 1718
843 1718
842 1717
841 1717
840 1717
839 1716
838 1716
837 1716
836 1716
835 1716
834 1716
833 1716
