853 1251
852 1252
852 1253
851 1254
850 1255
849 1256
849 1257
848 1258
847 1259
846 1260
845 1261
845 1262
844 1263
843 1264
843 1265
843 1266
843 1267
843 1268
842 1269
842 1270
842 1271
842 1272
842 1273
842 1274
842 1275
841 1276
841 1277
841 1278
841 1279
841 1280
841 1281
841 1282
840 1283
840 1284
840 1285
840 1286
840 1287
840 1288
839 1289
839 1290
839 1291
839 1292
839 1293
839 1294
839 1295
838 1296
838 1297
838 1298
838 1299
838 1300
838 1301
838 1302
838 1303
838 1304
838 1305
838 1306
837 1307
837 1308
837 1309
837 1310
837 1311
837 1312
837 1313
837 1314
837 1315
837 1316
837 1317
836 1318
836 1319
836 1320
836 1321
836 1322
836 1323
836 1324
836 1325
835 1326
835 1327
835 1328
835 1329
835 1330
835 1331
835 1332
834 1333
834 1334
834 1335
834 1336
834 1337
834 1338
834 1339
833 1340
833 1341
833 1342
833 1343
833 1344
833 1345
833 1346
833 1347
833 1348
832 1349
832 1350
832 1351
832 1352
832 1353
832 1354
832 1355
832 1356
832 1357
832 1358
832 1359
832 1360
831 1361
831 1362
831 1363
831 1364
831 1365
831 1366
831 1367
831 1368
831 1369
831 1370
831 1371
831 1372
831 1373
831 1374
831 1375
831 1376
830 1377
830 1378
830 1379
830 1380
830 1381
830 1382
830 1383
830 1384
830 1385
830 1386
830 1387
829 1388
829 1389
829 1390
829 1391
829 1392
829 1393
829 1394
829 1395
829 1396
829 1397
828 1398
828 1399
828 1400
828 1401
828 1402
828 1403
828 1404
828 1405
827 1406
827 1407
827 1408
827 1409
827 1410
827 1411
827 1412
827 1413
827 1414
827 1415
827 1416
827 1417
826 1418
826 1419
826 1420
826 1421
826 1422
826 1423
826 1424
826 1425
826 1426
826 1427
826 1428
826 1429
826 1430
826 1431
826 1432
826 1433
826 1434
826 1435
826 1436
826 1437
826 1438
826 1439
826 1440
825 1441
825 1442
825 1443
825 1444
825 1445
825 1446
825 1447
825 1448
825 1449
825 1450
824 1451
824 1452
824 1453
824 1454
824 1455
824 1456
824 1457
824 1458
824 1459
824 1460
824 1461
824 1462
824 1463
824 1464
824 1465
823 1466
823 1467
823 1468
823 1469
823 1470
823 1471
823 1472
823 1473
823 1474
823 1475
824 1476
824 1477
824 1478
824 1479
824 1480
824 1481
824 1482
824 1483
824 1484
824 1485
824 1486
824 1487
824 1488
824 1489
824 1490
824 1491
824 1492
824 1493
824 1494
825 1495
825 1496
825 1497
825 1498
825 1499
825 1500
825 1501
825 1502
825 1503
825 1504
825 1505
825 1506
825 1507
825 1508
825 1509
826 1510
826 1511
826 1512
826 1513
826 1514
826 1515
826 1516
826 1517
826 1518
826 1519
826 1520
826 1521
826 1522
826 1523
826 1524
827 1525
827 1526
827 1527
827 1528
827 1529
827 1530
827 1531
827 1532
827 1533
827 1534
827 1535
827 1536
828 1537
828 1538
828 1539
828 1540
828 1541
828 1542
828 1543
828 1544
829 1545
829 1546
829 1547
829 1548
829 1549
829 1550
830 1551
830 1552
830 1553
830 1554
830 1555
830 1556
831 1557
831 1558
831 1559
831 1560
832 1561
832 1562
832 1563
832 1564
833 1565
833 1566
833 1567
834 1568
834 1569
834 1570
835 1571
835 1572
835 1573
835 1574
836 1575
836 1576
836 1577
837 1578
837 1579
837 1580
837 1581
838 1582
838 1583
838 1584
839 1585
839 1586
839 1587
840 1588
840 1589
840 1590
840 1591
841 1592
841 1593
841 1594
842 1595
842 1596
842 1597
842 1598
843 1599
843 1600
843 1601
844 1602
844 1603
845 1604
845 1605
845 1606
846 1607
846 1608
847 1609
847 1610
848 1611
848 1612
849 1613
850 1614
851 1615
852 1616
853 1617
854 1618
855 1618
856 1619
857 1618
858 1618
859 1617
860 1616
861 1616
862 1615
863 1615
864 1614
864 1613
865 1612
866 1611
866 1610
867 1609
868 1608
868 1607
869 1606
869 1605
870 1604
870 1603
870 1602
871 1601
871 1600
871 1599
872 1598
872 1597
872 1596
872 1595
873 1594
873 1593
873 1592
874 1591
874 1590
874 1589
874 1588
875 1587
875 1586
875 1585
875 1584
875 1583
875 1582
875 1581
875 1580
875 1579
876 1578
876 1577
876 1576
876 1575
876 1574
876 1573
876 1572
876 1571
876 1570
877 1569
877 1568
877 1567
877 1566
877 1565
877 1564
877 1563
877 1562
878 1561
878 1560
878 1559
878 1558
878 1557
878 1556
878 1555
878 1554
878 1553
879 1552
879 1551
879 1550
879 1549
879 1548
879 1547
879 1546
879 1545
879 1544
879 1543
879 1542
880 1541
880 1540
880 1539
880 1538
880 1537
880 1536
880 1535
880 1534
880 1533
880 1532
880 1531
880 1530
880 1529
880 1528
880 1527
881 1526
881 1525
881 1524
881 1523
881 1522
881 1521
881 1520
881 1519
881 1518
881 1517
881 1516
881 1515
881 1514
881 1513
882 1512
882 1511
882 1510
882 1509
882 1508
882 1507
882 1506
882 1505
882 1504
882 1503
882 1502
883 1501
883 1500
883 1499
883 1498
883 1497
883 1496
883 1495
883 1494
883 1493
884 1492
884 1491
884 1490
884 1489
884 1488
884 1487
884 1486
884 1485
884 1484
884 1483
884 1482
884 1481
884 1480
884 1479
884 1478
884 1477
884 1476
884 1475
884 1474
884 1473
884 1472
884 1471
884 1470
884 1469
884 1468
884 1467
884 1466
884 1465
884 1464
884 1463
884 1462
884 1461
884 1460
884 1459
884 1458
884 1457
884 1456
884 1455
884 1454
884 1453
884 1452
884 1451
884 1450
884 1449
884 1448
884 1447
884 1446
884 1445
884 1444
883 1443
883 1442
883 1441
884 1440
883 1439
883 1438
883 1437
883 1436
883 1435
883 1434
883 1433
883 1432
883 1431
883 1430
883 1429
883 1428
883 1427
883 1426
883 1425
883 1424
883 1423
883 1422
883 1421
883 1420
883 1419
883 1418
883 1417
883 1416
883 1415
883 1414
883 1413
883 1412
883 1411
883 1410
883 1409
882 1408
882 1407
882 1406
882 1405
882 1404
882 1403
882 1402
882 1401
882 1400
882 1399
882 1398
882 1397
882 1396
882 1395
882 1394
882 1393
882 1392
882 1391
882 1390
882 1389
882 1388
882 1387
882 1386
882 1385
882 1384
882 1383
882 1382
882 1381
882 1380
882 1379
882 1378
881 1377
881 1376
881 1375
881 1374
881 1373
881 1372
881 1371
881 1370
881 1369
881 1368
881 1367
881 1366
881 1365
881 1364
881 1363
881 1362
881 1361
881 1360
880 1359
880 1358
880 1357
880 1356
880 1355
880 1354
880 1353
880 1352
880 1351
879 1350
879 1349
879 1348
879 1347
879 1346
879 1345
879 1344
879 1343
879 1342
878 1341
878 1340
878 1339
878 1338
878 1337
878 1336
877 1335
877 1334
877 1333
877 1332
877 1331
876 1330
876 1329
876 1328
876 1327
876 1326
876 1325
875 1324
875 1323
875 1322
875 1321
875 1320
875 1319
875 1318
874 1317
874 1316
874 1315
874 1314
874 1313
874 1312
874 1311
874 1310
873 1309
873 1308
873 1307
873 1306
873 1305
873 1304
873 1303
873 1302
872 1301
872 1300
872 1299
872 1298
872 1297
872 1296
872 1295
871 1294
871 1293
871 1292
871 1291
871 1290
871 1289
870 1288
870 1287
870 1286
869 1285
869 1284
869 1283
869 1282
868 1281
868 1280
868 1279
867 1278
867 1277
867 1276
866 1275
866 1274
866 1273
866 1272
865 1271
865 1270
864 1269
863 1268
863 1267
862 1266
861 1265
861 1264
860 1263
859 1262
859 1261
858 1260
858 1259
857 1258
856 1257
856 1256
855 1255
855 1254
854 1253
853 1252
853 1251
