868 981
867 982
866 982
865 982
864 982
863 983
862 983
861 984
860 984
859 985
858 985
857 985
856 986
855 987
854 988
853 989
852 990
851 991
850 992
849 993
848 993
847 994
846 995
846 996
845 997
844 998
844 999
843 1000
842 1001
842 1002
841 1003
841 1004
840 1005
840 1006
839 1007
839 1008
838 1009
838 1010
837 1011
837 1012
837 1013
836 1014
836 1015
836 1016
835 1017
835 1018
834 1019
834 1020
834 1021
833 1022
833 1023
833 1024
832 1025
832 1026
832 1027
831 1028
831 1029
831 1030
830 1031
830 1032
830 1033
829 1034
829 1035
829 1036
829 1037
828 1038
828 1039
828 1040
827 1041
827 1042
827 1043
827 1044
826 1045
826 1046
826 1047
825 1048
825 1049
825 1050
825 1051
824 1052
824 1053
824 1054
823 1055
823 1056
823 1057
823 1058
822 1059
822 1060
822 1061
821 1062
821 1063
821 1064
820 1065
820 1066
820 1067
820 1068
819 1069
819 1070
819 1071
818 1072
818 1073
818 1074
818 1075
817 1076
817 1077
817 1078
817 1079
816 1080
816 1081
816 1082
816 1083
815 1084
815 1085
815 1086
815 1087
814 1088
814 1089
814 1090
814 1091
814 1092
814 1093
814 1094
814 1095
814 1096
813 1097
813 1098
813 1099
813 1100
814 1101
814 1102
814 1103
815 1104
815 1105
816 1106
816 1107
816 1108
817 1109
817 1110
818 1111
818 1112
818 1113
818 1114
818 1115
819 1116
819 1117
819 1118
819 1119
819 1120
820 1121
820 1122
820 1123
821 1124
821 1125
821 1126
822 1127
822 1128
822 1129
823 1130
823 1131
823 1132
824 1133
824 1134
825 1135
825 1136
825 1137
826 1138
826 1139
827 1140
827 1141
828 1142
828 1143
829 1144
830 1145
831 1146
832 1147
833 1148
834 1148
835 1149
836 1150
837 1151
838 1151
839 1152
840 1153
841 1154
842 1155
843 1155
844 1156
845 1157
846 1158
847 1159
848 1160
849 1160
850 1161
851 1162
852 1163
853 1164
854 1165
855 1165
856 1166
857 1166
858 1165
859 1165
860 1165
861 1165
862 1165
863 1165
864 1165
865 1165
866 1165
867 1165
868 1165
869 1165
870 1165
871 1165
872 1165
873 1165
874 1165
875 1165
876 1164
876 1163
877 1162
877 1161
878 1160
879 1159
879 1158
880 1157
880 1156
881 1155
881 1154
881 1153
882 1152
882 1151
882 1150
882 1149
883 1148
883 1147
883 1146
884 1145
884 1144
884 1143
884 1142
885 1141
885 1140
885 1139
885 1138
886 1137
886 1136
886 1135
886 1134
886 1133
886 1132
887 1131
887 1130
887 1129
887 1128
887 1127
887 1126
887 1125
887 1124
887 1123
887 1122
888 1121
888 1120
888 1119
888 1118
888 1117
889 1116
889 1115
889 1114
889 1113
889 1112
890 1111
890 1110
890 1109
890 1108
890 1107
891 1106
891 1105
891 1104
891 1103
891 1102
891 1101
891 1100
891 1099
891 1098
891 1097
891 1096
891 1095
891 1094
891 1093
891 1092
891 1091
891 1090
892 1089
892 1088
892 1087
892 1086
892 1085
892 1084
892 1083
892 1082
892 1081
892 1080
892 1079
892 1078
892 1077
892 1076
892 1075
892 1074
892 1073
892 1072
892 1071
892 1070
892 1069
892 1068
892 1067
893 1066
893 1065
893 1064
893 1063
893 1062
893 1061
893 1060
893 1059
893 1058
893 1057
893 1056
893 1055
893 1054
893 1053
893 1052
893 1051
893 1050
893 1049
893 1048
893 1047
893 1046
893 1045
894 1044
894 1043
894 1042
894 1041
894 1040
894 1039
894 1038
895 1037
895 1036
894 1035
894 1034
894 1033
894 1032
893 1031
893 1030
893 1029
893 1028
893 1027
893 1026
893 1025
893 1024
894 1023
894 1022
894 1021
894 1020
894 1019
894 1018
894 1017
894 1016
894 1015
894 1014
893 1013
893 1012
893 1011
893 1010
893 1009
893 1008
893 1007
893 1006
893 1005
893 1004
893 1003
893 1002
893 1001
893 1000
893 999
893 998
893 997
893 996
892 995
892 994
892 993
892 992
892 991
891 990
891 989
890 988
889 987
888 986
887 985
886 984
885 983
884 982
883 982
882 982
881 982
880 982
879 981
878 981
877 981
876 981
875 981
874 981
873 981
872 981
871 981
870 981
869 981
868 981
