870 748
869 749
868 749
867 749
866 749
865 749
864 749
863 749
862 749
861 749
860 749
859 749
858 749
857 749
856 749
855 749
854 750
853 751
852 752
851 753
850 754
849 755
848 756
847 757
846 757
845 758
844 759
843 760
842 761
841 762
841 763
840 764
839 765
838 766
837 767
836 768
835 769
834 770
834 771
833 772
833 773
832 774
832 775
831 776
830 777
830 778
829 779
829 780
829 781
829 782
829 783
829 784
829 785
829 786
829 787
829 788
829 789
829 790
829 791
829 792
829 793
829 794
829 795
830 796
830 797
830 798
830 799
830 800
830 801
830 802
831 803
831 804
831 805
831 806
832 807
832 808
832 809
832 810
833 811
833 812
833 813
834 814
834 815
834 816
834 817
835 818
835 819
835 820
836 821
836 822
836 823
836 824
837 825
837 826
837 827
837 828
837 829
838 830
838 831
838 832
838 833
839 834
839 835
839 836
839 837
840 838
840 839
840 840
840 841
840 842
840 843
840 844
841 845
841 846
841 847
841 848
841 849
842 850
842 851
842 852
843 853
843 854
843 855
844 856
844 857
844 858
845 859
845 860
845 861
846 862
846 863
846 864
847 865
847 866
847 867
848 868
848 869
849 870
849 871
849 872
850 873
850 874
851 875
851 876
852 877
852 878
852 879
853 880
853 881
854 882
854 883
855 884
855 885
855 886
856 887
856 888
856 889
857 890
857 891
858 892
858 893
858 894
859 895
859 896
859 897
860 898
860 899
861 900
861 901
861 902
862 903
862 904
863 905
863 906
863 907
863 908
864 909
864 910
864 911
864 912
864 913
865 914
865 915
866 916
867 917
867 918
868 919
869 920
870 921
871 922
872 923
872 924
873 924
874 924
875 924
876 923
877 923
878 923
879 923
880 923
881 923
881 922
882 921
883 920
883 919
884 918
884 917
885 916
886 915
886 914
886 913
886 912
886 911
887 910
887 909
887 908
887 907
888 906
888 905
888 904
888 903
889 902
889 901
889 900
889 899
889 898
890 897
890 896
890 895
890 894
890 893
890 892
890 891
890 890
890 889
890 888
891 887
891 886
891 885
891 884
891 883
891 882
891 881
891 880
891 879
891 878
891 877
891 876
891 875
891 874
891 873
891 872
891 871
891 870
891 869
891 868
892 867
892 866
891 865
891 864
891 863
891 862
891 861
891 860
891 859
891 858
891 857
891 856
891 855
891 854
891 853
891 852
891 851
891 850
891 849
891 848
891 847
891 846
891 845
891 844
891 843
891 842
891 841
891 840
891 839
891 838
891 837
891 836
890 835
890 834
890 833
890 832
890 831
890 830
889 829
889 828
889 827
889 826
889 825
890 824
890 823
890 822
890 821
890 820
890 819
890 818
890 817
890 816
889 815
889 814
889 813
889 812
889 811
889 810
889 809
889 808
889 807
889 806
889 805
889 804
889 803
889 802
889 801
889 800
889 799
889 798
889 797
889 796
889 795
889 794
889 793
889 792
889 791
889 790
889 789
889 788
889 787
889 786
888 785
888 784
888 783
888 782
888 781
888 780
888 779
888 778
888 777
888 776
887 775
887 774
887 773
887 772
887 771
887 770
886 769
886 768
886 767
886 766
886 765
886 764
886 763
886 762
885 761
885 760
884 759
884 758
883 757
882 756
882 755
881 754
881 753
880 752
879 752
878 751
877 751
876 750
875 750
874 749
873 749
872 748
871 748
870 748
