877 456
876 457
875 457
874 457
873 457
872 457
871 457
870 457
869 457
868 457
867 458
866 458
865 458
864 458
863 458
862 458
861 458
860 458
859 459
858 459
857 459
856 459
855 460
854 460
853 460
852 461
851 461
850 462
849 462
848 462
847 463
846 463
845 464
844 464
843 465
842 465
841 466
840 466
839 467
838 467
837 468
836 468
835 469
834 469
833 470
832 470
831 471
830 471
829 472
828 472
827 473
826 474
825 475
824 476
823 477
822 477
821 478
820 479
820 480
819 481
818 482
818 483
817 484
816 485
816 486
815 487
815 488
815 489
815 490
815 491
815 492
815 493
814 494
814 495
814 496
815 497
815 498
815 499
815 500
816 501
816 502
816 503
816 504
816 505
817 506
817 507
817 508
818 509
818 510
818 511
818 512
819 513
819 514
819 515
820 516
820 517
820 518
821 519
821 520
821 521
822 522
822 523
822 524
822 525
823 526
823 527
823 528
824 529
824 530
825 531
825 532
825 533
826 534
826 535
827 536
827 537
827 538
828 539
828 540
829 541
829 542
829 543
830 544
830 545
830 546
831 547
831 548
831 549
832 550
832 551
832 552
832 553
833 554
833 555
834 556
834 557
834 558
835 559
835 560
835 561
836 562
836 563
836 564
837 565
837 566
837 567
838 568
838 569
838 570
839 571
839 572
839 573
840 574
840 575
840 576
841 577
841 578
842 579
842 580
842 581
843 582
843 583
844 584
844 585
844 586
845 587
845 588
846 589
846 590
846 591
847 592
847 593
848 594
848 595
848 596
849 597
849 598
849 599
850 600
850 601
850 602
851 603
851 604
851 605
852 606
852 607
852 608
853 609
853 610
853 611
853 612
854 613
854 614
855 615
855 616
855 617
856 618
856 619
856 620
857 621
857 622
858 623
858 624
858 625
859 626
859 627
859 628
860 629
860 630
860 631
861 632
861 633
861 634
862 635
862 636
862 637
863 638
863 639
864 640
864 641
864 642
865 643
865 644
865 645
866 646
866 647
867 648
867 649
868 650
868 651
869 652
870 653
871 654
871 655
872 656
873 657
874 658
874 659
875 660
876 661
877 662
878 662
879 662
880 662
881 662
882 662
883 662
884 662
885 662
886 662
887 662
888 662
889 662
889 661
890 660
891 659
892 658
893 657
893 656
894 655
894 654
895 653
895 652
896 651
896 650
897 649
898 648
898 647
898 646
899 645
899 644
899 643
900 642
900 641
900 640
900 639
901 638
901 637
901 636
901 635
901 634
901 633
902 632
902 631
902 630
902 629
903 628
903 627
903 626
903 625
903 624
904 623
904 622
904 621
904 620
904 619
905 618
905 617
905 616
905 615
906 614
906 613
906 612
906 611
906 610
906 609
906 608
907 607
907 606
907 605
907 604
907 603
907 602
907 601
908 600
908 599
908 598
908 597
908 596
909 595
909 594
909 593
909 592
909 591
909 590
909 589
910 588
910 587
910 586
910 585
910 584
911 583
910 582
910 581
911 580
911 579
911 578
911 577
911 576
911 575
911 574
911 573
911 572
911 571
911 570
911 569
911 568
911 567
911 566
911 565
912 564
912 563
912 562
912 561
912 560
912 559
912 558
912 557
912 556
912 555
912 554
912 553
912 552
913 551
912 550
912 549
913 548
913 547
913 546
913 545
913 544
913 543
913 542
913 541
914 540
914 539
914 538
914 537
914 536
914 535
914 534
914 533
914 532
914 531
914 530
914 529
914 528
915 527
914 526
914 525
915 524
915 523
915 522
915 521
915 520
915 519
915 518
915 517
915 516
915 515
914 514
914 513
914 512
914 511
914 510
914 509
913 508
914 507
913 506
913 505
914 504
914 503
914 502
913 501
914 500
914 499
914 498
913 497
914 496
914 495
914 494
913 493
913 492
914 491
913 490
913 489
913 488
913 487
913 486
913 485
913 484
913 483
913 482
912 481
912 480
912 479
912 478
912 477
911 476
911 475
911 474
910 473
910 472
910 471
909 470
909 469
908 468
908 467
908 466
907 465
907 464
906 463
905 462
904 461
903 461
902 460
901 459
900 459
899 458
898 458
897 457
896 457
895 457
894 457
893 457
892 457
891 457
890 456
889 456
888 456
887 456
886 456
885 456
884 456
883 456
882 456
881 456
880 456
879 456
878 456
877 456
