865 28
864 29
863 29
862 29
861 29
860 30
859 30
858 30
857 31
856 32
855 32
854 33
853 34
852 34
851 35
850 36
849 37
848 38
847 39
846 39
845 40
844 41
843 42
842 43
841 44
841 45
840 46
840 47
839 48
839 49
838 50
838 51
837 52
837 53
836 54
836 55
836 56
835 57
835 58
835 59
835 60
834 61
834 62
834 63
833 64
833 65
833 66
833 67
832 68
832 69
832 70
832 71
831 72
831 73
831 74
831 75
831 76
830 77
830 78
830 79
830 80
829 81
829 82
829 83
829 84
828 85
828 86
828 87
828 88
827 89
827 90
827 91
827 92
827 93
826 94
826 95
826 96
826 97
826 98
825 99
825 100
825 101
825 102
825 103
824 104
824 105
824 106
824 107
823 108
823 109
823 110
823 111
823 112
823 113
823 114
823 115
823 116
822 117
822 118
822 119
822 120
822 121
822 122
823 123
823 124
823 125
823 126
823 127
824 128
824 129
824 130
824 131
824 132
824 133
825 134
825 135
825 136
825 137
825 138
825 139
826 140
826 141
826 142
826 143
826 144
826 145
826 146
827 147
827 148
827 149
827 150
827 151
827 152
827 153
828 154
828 155
828 156
828 157
828 158
828 159
828 160
829 161
829 162
829 163
829 164
829 165
829 166
830 167
830 168
830 169
830 170
830 171
830 172
830 173
830 174
831 175
831 176
831 177
831 178
831 179
831 180
831 181
832 182
832 183
832 184
832 185
832 186
833 187
833 188
833 189
833 190
833 191
834 192
834 193
834 194
834 195
834 196
835 197
835 198
835 199
835 200
835 201
836 202
836 203
836 204
836 205
836 206
836 207
836 208
837 209
837 210
837 211
837 212
837 213
837 214
838 215
838 216
838 217
838 218
838 219
838 220
838 221
839 222
839 223
839 224
839 225
839 226
839 227
839 228
839 229
839 230
839 231
839 232
839 233
839 234
840 235
840 236
840 237
840 238
840 239
840 240
840 241
840 242
840 243
840 244
840 245
840 246
840 247
840 248
840 249
840 250
840 251
840 252
840 253
840 254
840 255
840 256
840 257
840 258
840 259
840 260
840 261
840 262
840 263
840 264
840 265
840 266
840 267
840 268
840 269
840 270
840 271
840 272
840 273
840 274
840 275
840 276
840 277
840 278
840 279
841 280
841 281
841 282
842 283
842 284
842 285
843 286
844 287
844 288
845 289
845 290
846 291
847 292
847 293
848 294
848 295
849 296
849 297
850 298
851 299
851 300
852 301
852 302
853 303
854 304
854 305
855 306
855 307
856 308
857 309
857 310
858 311
858 312
859 313
859 314
860 315
861 316
861 317
862 318
862 319
863 320
864 321
864 322
865 323
866 324
866 325
867 326
867 327
868 328
868 329
869 330
870 331
870 332
871 333
871 334
872 335
872 336
873 337
873 338
874 339
875 340
876 340
877 340
878 339
879 339
880 339
881 338
882 338
883 337
884 336
884 335
884 334
885 333
885 332
885 331
886 330
886 329
886 328
887 327
887 326
887 325
887 324
888 323
888 322
888 321
888 320
889 319
889 318
889 317
889 316
890 315
890 314
890 313
890 312
890 311
890 310
890 309
890 308
890 307
891 306
891 305
891 304
891 303
891 302
891 301
891 300
891 299
891 298
891 297
891 296
891 295
891 294
891 293
891 292
891 291
891 290
891 289
891 288
891 287
891 286
892 285
892 284
892 283
892 282
892 281
892 280
892 279
892 278
892 277
892 276
892 275
892 274
893 273
893 272
893 271
893 270
893 269
893 268
893 267
893 266
893 265
893 264
893 263
893 262
893 261
893 260
893 259
893 258
893 257
893 256
893 255
893 254
893 253
893 252
893 251
893 250
893 249
893 248
894 247
894 246
894 245
894 244
894 243
894 242
894 241
894 240
894 239
894 238
894 237
894 236
894 235
894 234
894 233
894 232
895 231
895 230
895 229
895 228
895 227
895 226
895 225
895 224
895 223
895 222
895 221
895 220
895 219
895 218
895 217
895 216
895 215
895 214
895 213
895 212
895 211
895 210
895 209
895 208
895 207
895 206
895 205
895 204
895 203
895 202
895 201
895 200
895 199
895 198
895 197
895 196
895 195
895 194
895 193
896 192
896 191
896 190
896 189
896 188
896 187
896 186
896 185
896 184
896 183
896 182
896 181
895 180
895 179
895 178
895 177
895 176
895 175
895 174
895 173
895 172
895 171
895 170
894 169
894 168
894 167
894 166
894 165
894 164
894 163
894 162
893 161
893 160
893 159
893 158
893 157
893 156
893 155
892 154
892 153
892 152
892 151
892 150
892 149
892 148
892 147
892 146
891 145
891 144
891 143
891 142
891 141
891 140
891 139
891 138
891 137
891 136
890 135
890 134
890 133
890 132
890 131
890 130
890 129
890 128
890 127
890 126
889 125
889 124
889 123
889 122
889 121
889 120
889 119
889 118
889 117
888 116
888 115
888 114
888 113
888 112
888 111
888 110
888 109
888 108
887 107
887 106
887 105
887 104
887 103
887 102
887 101
887 100
886 99
886 98
886 97
886 96
886 95
886 94
885 93
885 92
885 91
885 90
885 89
885 88
885 87
885 86
884 85
884 84
884 83
884 82
884 81
884 80
883 79
883 78
883 77
883 76
883 75
883 74
882 73
882 72
882 71
882 70
882 69
882 68
881 67
881 66
881 65
881 64
881 63
881 62
880 61
880 60
880 59
880 58
880 57
879 56
879 55
879 54
879 53
879 52
878 51
878 50
878 49
878 48
878 47
877 46
877 45
877 44
877 43
877 42
876 41
876 40
876 39
875 38
875 37
874 36
874 35
873 34
873 33
872 32
871 31
870 30
869 30
868 29
867 28
866 28
865 28
