656 2367
655 2368
654 2368
653 2368
652 2368
651 2369
650 2369
649 2369
648 2369
647 2370
646 2370
645 2370
644 2371
643 2371
642 2372
641 2372
640 2372
639 2373
638 2373
637 2373
636 2374
635 2374
634 2374
633 2375
632 2375
631 2376
630 2376
629 2376
628 2377
627 2377
626 2378
625 2378
624 2379
623 2379
622 2380
621 2380
620 2381
619 2382
618 2383
617 2384
616 2385
615 2386
614 2387
613 2388
612 2388
612 2389
611 2390
610 2391
609 2391
608 2392
608 2393
607 2394
607 2395
607 2396
606 2397
606 2398
606 2399
606 2400
606 2401
606 2402
606 2403
606 2404
606 2405
606 2406
606 2407
606 2408
606 2409
605 2410
605 2411
605 2412
605 2413
605 2414
605 2415
605 2416
605 2417
605 2418
605 2419
605 2420
605 2421
605 2422
605 2423
605 2424
605 2425
605 2426
605 2427
605 2428
605 2429
605 2430
605 2431
605 2432
605 2433
605 2434
605 2435
605 2436
605 2437
605 2438
605 2439
605 2440
605 2441
605 2442
605 2443
605 2444
605 2445
606 2446
605 2447
605 2448
605 2449
606 2450
605 2451
605 2452
605 2453
605 2454
605 2455
605 2456
605 2457
605 2458
605 2459
605 2460
605 2461
605 2462
605 2463
605 2464
605 2465
605 2466
605 2467
605 2468
605 2469
605 2470
605 2471
604 2472
605 2473
605 2474
604 2475
604 2476
604 2477
604 2478
604 2479
604 2480
604 2481
604 2482
604 2483
604 2484
604 2485
604 2486
604 2487
604 2488
604 2489
604 2490
603 2491
603 2492
603 2493
603 2494
603 2495
603 2496
603 2497
603 2498
603 2499
603 2500
603 2501
603 2502
603 2503
603 2504
603 2505
602 2506
602 2507
602 2508
602 2509
602 2510
602 2511
602 2512
602 2513
602 2514
603 2515
603 2516
603 2517
603 2518
604 2519
604 2520
604 2521
604 2522
605 2523
606 2524
607 2525
608 2526
608 2527
609 2528
610 2529
611 2530
612 2531
613 2532
614 2533
615 2533
616 2534
617 2535
618 2536
619 2537
620 2538
621 2538
622 2539
623 2540
624 2540
625 2541
626 2542
627 2542
628 2543
629 2544
630 2544
631 2545
632 2546
633 2547
634 2547
635 2548
636 2548
637 2549
638 2549
639 2549
640 2550
641 2550
642 2551
643 2551
644 2551
645 2552
646 2552
647 2552
648 2552
649 2553
650 2553
651 2553
652 2554
653 2554
654 2554
655 2554
656 2554
657 2554
658 2554
659 2554
660 2554
661 2554
662 2554
663 2553
664 2553
665 2553
666 2553
667 2553
668 2553
669 2553
670 2552
671 2552
672 2551
673 2551
674 2550
675 2550
676 2550
677 2549
678 2548
679 2547
679 2546
679 2545
680 2544
680 2543
681 2542
681 2541
681 2540
682 2539
682 2538
682 2537
682 2536
682 2535
682 2534
682 2533
682 2532
682 2531
682 2530
682 2529
682 2528
682 2527
682 2526
682 2525
682 2524
682 2523
682 2522
682 2521
683 2520
682 2519
682 2518
683 2517
683 2516
683 2515
683 2514
683 2513
683 2512
683 2511
683 2510
683 2509
683 2508
683 2507
683 2506
683 2505
683 2504
683 2503
683 2502
683 2501
683 2500
683 2499
683 2498
683 2497
683 2496
683 2495
683 2494
683 2493
683 2492
683 2491
683 2490
684 2489
683 2488
683 2487
683 2486
684 2485
683 2484
683 2483
684 2482
684 2481
684 2480
684 2479
684 2478
684 2477
684 2476
684 2475
684 2474
684 2473
684 2472
684 2471
684 2470
684 2469
684 2468
684 2467
684 2466
684 2465
684 2464
684 2463
684 2462
684 2461
684 2460
684 2459
684 2458
684 2457
684 2456
684 2455
684 2454
684 2453
684 2452
684 2451
684 2450
684 2449
684 2448
684 2447
684 2446
684 2445
684 2444
684 2443
684 2442
684 2441
684 2440
684 2439
684 2438
683 2437
683 2436
684 2435
683 2434
683 2433
683 2432
683 2431
683 2430
683 2429
683 2428
683 2427
683 2426
683 2425
683 2424
683 2423
683 2422
683 2421
683 2420
683 2419
682 2418
683 2417
683 2416
683 2415
682 2414
682 2413
683 2412
682 2411
682 2410
682 2409
682 2408
682 2407
682 2406
682 2405
682 2404
682 2403
682 2402
682 2401
682 2400
682 2399
681 2398
681 2397
681 2396
681 2395
681 2394
681 2393
681 2392
681 2391
681 2390
681 2389
680 2388
680 2387
680 2386
680 2385
680 2384
680 2383
680 2382
680 2381
679 2380
679 2379
679 2378
679 2377
679 2376
678 2375
678 2374
677 2373
676 2372
675 2371
674 2371
673 2370
672 2369
671 2369
670 2368
669 2368
668 2367
667 2367
666 2367
665 2367
664 2367
663 2367
662 2367
661 2367
660 2367
659 2367
658 2367
657 2367
656 2367
