667 2043
666 2044
665 2044
664 2045
663 2045
662 2046
661 2046
660 2047
659 2047
658 2047
657 2048
656 2049
655 2049
654 2050
653 2051
652 2051
651 2052
650 2053
649 2054
648 2054
647 2055
647 2056
646 2057
645 2058
644 2059
643 2060
642 2061
641 2062
641 2063
641 2064
640 2065
640 2066
640 2067
639 2068
639 2069
638 2070
638 2071
638 2072
638 2073
637 2074
637 2075
637 2076
637 2077
636 2078
636 2079
636 2080
636 2081
636 2082
636 2083
635 2084
635 2085
635 2086
635 2087
635 2088
634 2089
634 2090
634 2091
634 2092
634 2093
634 2094
634 2095
633 2096
633 2097
633 2098
633 2099
633 2100
632 2101
632 2102
632 2103
632 2104
632 2105
632 2106
631 2107
631 2108
631 2109
631 2110
631 2111
630 2112
630 2113
630 2114
630 2115
630 2116
630 2117
630 2118
629 2119
629 2120
629 2121
629 2122
629 2123
628 2124
628 2125
628 2126
628 2127
628 2128
628 2129
627 2130
627 2131
627 2132
627 2133
627 2134
627 2135
626 2136
626 2137
626 2138
626 2139
626 2140
625 2141
625 2142
625 2143
625 2144
625 2145
624 2146
624 2147
624 2148
624 2149
624 2150
624 2151
623 2152
623 2153
623 2154
623 2155
623 2156
622 2157
622 2158
622 2159
622 2160
622 2161
621 2162
621 2163
621 2164
621 2165
621 2166
620 2167
620 2168
620 2169
620 2170
620 2171
620 2172
619 2173
619 2174
619 2175
619 2176
619 2177
619 2178
619 2179
618 2180
618 2181
618 2182
618 2183
618 2184
618 2185
618 2186
618 2187
617 2188
617 2189
617 2190
617 2191
617 2192
617 2193
616 2194
616 2195
616 2196
616 2197
616 2198
616 2199
616 2200
616 2201
616 2202
616 2203
616 2204
616 2205
616 2206
615 2207
616 2208
616 2209
616 2210
616 2211
616 2212
616 2213
617 2214
617 2215
617 2216
617 2217
617 2218
617 2219
617 2220
618 2221
618 2222
618 2223
618 2224
618 2225
618 2226
619 2227
619 2228
619 2229
619 2230
620 2231
620 2232
620 2233
621 2234
621 2235
621 2236
621 2237
622 2238
622 2239
622 2240
623 2241
623 2242
623 2243
624 2244
624 2245
624 2246
624 2247
624 2248
625 2249
625 2250
625 2251
625 2252
625 2253
626 2254
626 2255
626 2256
626 2257
626 2258
627 2259
627 2260
627 2261
627 2262
627 2263
628 2264
628 2265
628 2266
628 2267
628 2268
628 2269
629 2270
629 2271
629 2272
629 2273
629 2274
630 2275
630 2276
631 2277
631 2278
632 2279
632 2280
632 2281
633 2282
634 2283
634 2284
635 2285
635 2286
636 2287
636 2288
637 2289
637 2290
638 2291
639 2292
640 2293
641 2293
642 2294
643 2294
644 2295
645 2295
646 2296
647 2296
648 2297
649 2297
650 2297
651 2297
652 2297
653 2297
654 2297
655 2297
656 2297
657 2297
658 2296
659 2296
660 2296
661 2295
662 2295
663 2294
664 2294
665 2293
666 2293
667 2292
668 2291
669 2290
670 2289
670 2288
671 2287
672 2286
673 2285
674 2284
675 2283
676 2282
677 2281
678 2280
679 2279
680 2278
680 2277
681 2276
682 2275
682 2274
683 2273
683 2272
684 2271
684 2270
684 2269
685 2268
685 2267
685 2266
685 2265
686 2264
686 2263
686 2262
686 2261
687 2260
687 2259
687 2258
687 2257
687 2256
687 2255
687 2254
687 2253
687 2252
687 2251
687 2250
688 2249
688 2248
688 2247
688 2246
688 2245
688 2244
688 2243
688 2242
688 2241
688 2240
688 2239
688 2238
688 2237
688 2236
688 2235
688 2234
688 2233
689 2232
689 2231
689 2230
689 2229
689 2228
689 2227
689 2226
689 2225
689 2224
689 2223
689 2222
690 2221
690 2220
690 2219
690 2218
690 2217
690 2216
690 2215
690 2214
690 2213
690 2212
690 2211
690 2210
690 2209
690 2208
690 2207
690 2206
690 2205
690 2204
690 2203
690 2202
690 2201
690 2200
690 2199
690 2198
690 2197
690 2196
690 2195
690 2194
690 2193
690 2192
690 2191
690 2190
690 2189
690 2188
690 2187
690 2186
690 2185
690 2184
690 2183
690 2182
690 2181
690 2180
690 2179
690 2178
690 2177
690 2176
690 2175
690 2174
690 2173
690 2172
690 2171
690 2170
690 2169
690 2168
690 2167
690 2166
690 2165
690 2164
690 2163
690 2162
690 2161
690 2160
690 2159
690 2158
690 2157
690 2156
690 2155
690 2154
690 2153
690 2152
689 2151
689 2150
689 2149
689 2148
689 2147
689 2146
689 2145
689 2144
689 2143
689 2142
689 2141
689 2140
689 2139
689 2138
688 2137
688 2136
688 2135
688 2134
688 2133
688 2132
688 2131
688 2130
688 2129
688 2128
688 2127
688 2126
688 2125
688 2124
688 2123
688 2122
688 2121
688 2120
688 2119
688 2118
688 2117
688 2116
688 2115
688 2114
688 2113
688 2112
688 2111
688 2110
688 2109
688 2108
688 2107
688 2106
688 2105
688 2104
688 2103
688 2102
688 2101
688 2100
688 2099
688 2098
688 2097
688 2096
688 2095
688 2094
688 2093
688 2092
688 2091
688 2090
688 2089
687 2088
687 2087
687 2086
687 2085
687 2084
687 2083
687 2082
687 2081
687 2080
687 2079
687 2078
687 2077
687 2076
687 2075
686 2074
686 2073
686 2072
686 2071
686 2070
686 2069
686 2068
686 2067
686 2066
685 2065
685 2064
685 2063
685 2062
684 2061
684 2060
684 2059
684 2058
683 2057
683 2056
683 2055
682 2054
681 2053
680 2052
680 2051
679 2050
678 2049
677 2048
676 2047
675 2046
675 2045
674 2044
673 2044
672 2044
671 2044
670 2044
669 2043
668 2043
667 2043
