655 1682
654 1683
653 1683
652 1683
651 1683
650 1683
649 1684
648 1684
647 1684
646 1684
645 1685
644 1685
643 1686
642 1687
641 1687
640 1688
639 1688
638 1689
637 1689
636 1690
635 1691
634 1692
633 1692
632 1693
631 1693
630 1694
629 1695
628 1695
627 1696
626 1697
625 1698
624 1698
623 1699
622 1700
621 1700
620 1701
619 1702
618 1702
617 1703
616 1704
615 1705
614 1706
613 1707
612 1708
611 1709
610 1710
609 1711
608 1712
607 1713
607 1714
606 1715
605 1716
604 1717
603 1718
603 1719
602 1720
601 1721
601 1722
600 1723
600 1724
600 1725
599 1726
599 1727
598 1728
598 1729
598 1730
597 1731
597 1732
597 1733
597 1734
597 1735
596 1736
596 1737
596 1738
596 1739
595 1740
595 1741
595 1742
595 1743
594 1744
594 1745
594 1746
594 1747
594 1748
593 1749
593 1750
593 1751
592 1752
592 1753
592 1754
592 1755
592 1756
592 1757
591 1758
591 1759
591 1760
591 1761
590 1762
590 1763
590 1764
589 1765
589 1766
589 1767
589 1768
588 1769
588 1770
588 1771
587 1772
587 1773
587 1774
587 1775
586 1776
586 1777
586 1778
586 1779
585 1780
585 1781
585 1782
584 1783
584 1784
584 1785
583 1786
583 1787
583 1788
583 1789
582 1790
582 1791
582 1792
582 1793
581 1794
581 1795
581 1796
581 1797
581 1798
581 1799
581 1800
581 1801
581 1802
581 1803
581 1804
581 1805
581 1806
582 1807
582 1808
582 1809
582 1810
583 1811
583 1812
583 1813
583 1814
584 1815
584 1816
584 1817
584 1818
585 1819
585 1820
585 1821
586 1822
586 1823
586 1824
587 1825
587 1826
587 1827
587 1828
588 1829
588 1830
588 1831
589 1832
589 1833
589 1834
590 1835
590 1836
590 1837
591 1838
591 1839
591 1840
591 1841
592 1842
592 1843
593 1844
593 1845
594 1846
594 1847
594 1848
595 1849
595 1850
595 1851
596 1852
596 1853
596 1854
597 1855
597 1856
598 1857
598 1858
598 1859
599 1860
599 1861
599 1862
600 1863
600 1864
600 1865
601 1866
601 1867
602 1868
602 1869
602 1870
603 1871
603 1872
603 1873
603 1874
604 1875
604 1876
605 1877
605 1878
606 1879
606 1880
606 1881
607 1882
607 1883
607 1884
607 1885
608 1886
608 1887
609 1888
609 1889
609 1890
610 1891
610 1892
610 1893
611 1894
611 1895
611 1896
612 1897
612 1898
612 1899
613 1900
613 1901
614 1902
614 1903
614 1904
615 1905
615 1906
615 1907
616 1908
616 1909
616 1910
617 1911
617 1912
618 1913
618 1914
618 1915
618 1916
619 1917
619 1918
619 1919
620 1920
620 1921
620 1922
621 1923
621 1924
621 1925
622 1926
622 1927
622 1928
622 1929
623 1930
623 1931
623 1932
624 1933
624 1934
625 1935
625 1936
625 1937
625 1938
626 1939
626 1940
626 1941
627 1942
627 1943
627 1944
628 1945
628 1946
628 1947
629 1948
629 1949
629 1950
629 1951
630 1952
630 1953
630 1954
631 1955
631 1956
632 1957
632 1958
632 1959
633 1960
633 1961
633 1962
634 1963
634 1964
635 1965
635 1966
636 1967
637 1968
637 1969
638 1970
639 1971
640 1972
640 1973
641 1974
642 1975
642 1976
643 1976
644 1977
645 1977
646 1977
647 1977
648 1977
649 1977
650 1978
651 1978
652 1977
653 1977
654 1977
655 1976
656 1976
657 1976
658 1975
659 1975
660 1974
661 1974
662 1973
663 1972
664 1971
665 1970
666 1969
666 1968
667 1967
668 1966
668 1965
669 1964
670 1963
671 1962
671 1961
672 1960
673 1959
673 1958
674 1957
674 1956
675 1955
676 1954
676 1953
677 1952
677 1951
677 1950
678 1949
678 1948
678 1947
678 1946
679 1945
679 1944
679 1943
679 1942
679 1941
680 1940
680 1939
680 1938
680 1937
681 1936
681 1935
681 1934
681 1933
681 1932
681 1931
681 1930
681 1929
681 1928
681 1927
682 1926
682 1925
682 1924
682 1923
682 1922
682 1921
682 1920
682 1919
682 1918
682 1917
682 1916
683 1915
683 1914
683 1913
683 1912
683 1911
683 1910
683 1909
683 1908
683 1907
683 1906
683 1905
684 1904
684 1903
684 1902
684 1901
684 1900
684 1899
684 1898
684 1897
684 1896
684 1895
684 1894
684 1893
684 1892
685 1891
685 1890
685 1889
685 1888
684 1887
684 1886
685 1885
685 1884
685 1883
685 1882
685 1881
685 1880
685 1879
685 1878
685 1877
685 1876
685 1875
685 1874
685 1873
685 1872
685 1871
686 1870
686 1869
686 1868
685 1867
686 1866
685 1865
685 1864
685 1863
685 1862
686 1861
686 1860
686 1859
686 1858
686 1857
686 1856
686 1855
686 1854
685 1853
685 1852
686 1851
686 1850
686 1849
686 1848
686 1847
686 1846
686 1845
686 1844
686 1843
686 1842
686 1841
686 1840
686 1839
686 1838
686 1837
686 1836
686 1835
686 1834
686 1833
686 1832
685 1831
685 1830
685 1829
685 1828
685 1827
686 1826
686 1825
686 1824
686 1823
685 1822
685 1821
685 1820
685 1819
685 1818
685 1817
685 1816
685 1815
685 1814
685 1813
685 1812
685 1811
685 1810
685 1809
685 1808
685 1807
685 1806
685 1805
685 1804
685 1803
685 1802
685 1801
685 1800
684 1799
684 1798
684 1797
684 1796
684 1795
684 1794
684 1793
684 1792
684 1791
684 1790
684 1789
684 1788
684 1787
683 1786
683 1785
683 1784
683 1783
683 1782
683 1781
683 1780
683 1779
683 1778
683 1777
683 1776
683 1775
682 1774
682 1773
682 1772
682 1771
682 1770
682 1769
682 1768
682 1767
682 1766
682 1765
682 1764
682 1763
682 1762
682 1761
682 1760
682 1759
682 1758
682 1757
682 1756
681 1755
681 1754
681 1753
681 1752
681 1751
681 1750
681 1749
681 1748
681 1747
681 1746
681 1745
680 1744
680 1743
680 1742
680 1741
680 1740
680 1739
680 1738
680 1737
680 1736
680 1735
679 1734
679 1733
679 1732
679 1731
679 1730
678 1729
678 1728
678 1727
678 1726
678 1725
678 1724
678 1723
678 1722
678 1721
678 1720
677 1719
677 1718
677 1717
677 1716
677 1715
677 1714
677 1713
677 1712
677 1711
677 1710
677 1709
676 1708
676 1707
676 1706
676 1705
676 1704
676 1703
676 1702
676 1701
676 1700
675 1699
675 1698
675 1697
674 1696
674 1695
674 1694
674 1693
674 1692
673 1691
673 1690
673 1689
672 1688
671 1688
670 1687
669 1686
668 1686
667 1685
666 1684
665 1684
664 1684
663 1684
662 1683
661 1683
660 1683
659 1683
658 1683
657 1683
656 1682
655 1682
