663 1395
662 1396
661 1396
660 1396
659 1397
658 1397
657 1398
656 1398
655 1398
654 1399
653 1399
652 1399
651 1399
650 1400
649 1400
648 1401
647 1401
646 1401
645 1402
644 1402
643 1402
642 1403
641 1403
640 1403
639 1404
638 1404
637 1404
636 1405
635 1405
634 1406
633 1406
632 1406
631 1407
630 1407
629 1408
628 1408
627 1409
626 1409
625 1410
624 1410
623 1410
622 1411
621 1411
620 1412
619 1412
619 1413
618 1414
617 1415
616 1416
615 1417
614 1418
614 1419
613 1420
613 1421
612 1422
612 1423
611 1424
611 1425
611 1426
610 1427
609 1428
609 1429
609 1430
608 1431
608 1432
608 1433
608 1434
608 1435
607 1436
607 1437
607 1438
607 1439
607 1440
607 1441
607 1442
606 1443
606 1444
606 1445
606 1446
606 1447
605 1448
605 1449
605 1450
605 1451
605 1452
605 1453
605 1454
605 1455
604 1456
604 1457
605 1458
604 1459
604 1460
604 1461
604 1462
604 1463
604 1464
604 1465
604 1466
604 1467
604 1468
604 1469
605 1470
605 1471
605 1472
605 1473
605 1474
605 1475
605 1476
605 1477
606 1478
606 1479
606 1480
606 1481
606 1482
607 1483
607 1484
607 1485
607 1486
607 1487
608 1488
608 1489
608 1490
608 1491
609 1492
609 1493
609 1494
609 1495
609 1496
610 1497
610 1498
610 1499
610 1500
611 1501
611 1502
611 1503
611 1504
611 1505
612 1506
612 1507
612 1508
612 1509
613 1510
613 1511
613 1512
613 1513
613 1514
614 1515
614 1516
614 1517
614 1518
614 1519
615 1520
615 1521
615 1522
615 1523
616 1524
616 1525
616 1526
616 1527
616 1528
617 1529
617 1530
617 1531
617 1532
618 1533
618 1534
618 1535
618 1536
619 1537
619 1538
619 1539
619 1540
619 1541
620 1542
620 1543
620 1544
620 1545
620 1546
621 1547
621 1548
621 1549
621 1550
621 1551
622 1552
622 1553
622 1554
622 1555
623 1556
623 1557
623 1558
623 1559
623 1560
623 1561
624 1562
624 1563
624 1564
624 1565
624 1566
625 1567
625 1568
625 1569
625 1570
625 1571
626 1572
626 1573
626 1574
626 1575
626 1576
627 1577
627 1578
627 1579
627 1580
628 1581
628 1582
628 1583
628 1584
628 1585
629 1586
629 1587
629 1588
629 1589
630 1590
630 1591
630 1592
630 1593
630 1594
631 1595
631 1596
631 1597
631 1598
631 1599
632 1600
632 1601
632 1602
632 1603
632 1604
633 1605
633 1606
633 1607
633 1608
633 1609
634 1610
634 1611
634 1612
634 1613
635 1614
635 1615
636 1616
636 1617
636 1618
637 1619
637 1620
638 1621
639 1622
640 1623
641 1624
642 1625
642 1626
643 1627
644 1627
645 1628
646 1629
647 1629
648 1630
649 1631
650 1632
651 1632
652 1633
653 1634
654 1634
655 1634
656 1634
657 1634
658 1635
659 1635
660 1635
661 1635
662 1635
663 1635
664 1635
665 1635
666 1635
667 1634
668 1633
669 1632
670 1631
671 1631
672 1630
673 1629
674 1628
674 1627
674 1626
674 1625
675 1624
675 1623
675 1622
676 1621
676 1620
677 1619
677 1618
677 1617
677 1616
677 1615
677 1614
677 1613
677 1612
678 1611
678 1610
678 1609
678 1608
678 1607
678 1606
678 1605
678 1604
679 1603
679 1602
679 1601
679 1600
679 1599
679 1598
679 1597
679 1596
680 1595
680 1594
680 1593
680 1592
680 1591
680 1590
680 1589
680 1588
681 1587
681 1586
681 1585
681 1584
681 1583
681 1582
681 1581
681 1580
681 1579
682 1578
682 1577
682 1576
682 1575
682 1574
682 1573
682 1572
682 1571
682 1570
682 1569
682 1568
683 1567
683 1566
683 1565
683 1564
683 1563
683 1562
683 1561
683 1560
683 1559
683 1558
683 1557
683 1556
684 1555
684 1554
684 1553
684 1552
684 1551
684 1550
684 1549
684 1548
684 1547
684 1546
684 1545
684 1544
684 1543
684 1542
684 1541
684 1540
684 1539
684 1538
685 1537
684 1536
684 1535
685 1534
685 1533
685 1532
685 1531
685 1530
685 1529
685 1528
685 1527
685 1526
685 1525
685 1524
685 1523
685 1522
686 1521
686 1520
686 1519
686 1518
686 1517
686 1516
686 1515
686 1514
686 1513
686 1512
686 1511
686 1510
686 1509
687 1508
687 1507
687 1506
687 1505
687 1504
687 1503
687 1502
687 1501
687 1500
687 1499
687 1498
687 1497
687 1496
687 1495
687 1494
687 1493
687 1492
687 1491
687 1490
687 1489
687 1488
687 1487
687 1486
687 1485
687 1484
687 1483
687 1482
687 1481
687 1480
687 1479
687 1478
687 1477
688 1476
688 1475
687 1474
687 1473
688 1472
688 1471
688 1470
688 1469
688 1468
688 1467
688 1466
688 1465
688 1464
688 1463
688 1462
688 1461
688 1460
688 1459
688 1458
688 1457
688 1456
688 1455
687 1454
687 1453
687 1452
687 1451
687 1450
687 1449
687 1448
687 1447
687 1446
687 1445
687 1444
687 1443
687 1442
687 1441
686 1440
687 1439
687 1438
686 1437
686 1436
686 1435
686 1434
686 1433
686 1432
686 1431
686 1430
686 1429
685 1428
685 1427
685 1426
685 1425
685 1424
685 1423
685 1422
685 1421
685 1420
684 1419
684 1418
684 1417
684 1416
683 1415
683 1414
683 1413
683 1412
682 1411
682 1410
682 1409
681 1408
681 1407
680 1406
680 1405
679 1404
679 1403
678 1402
677 1402
676 1401
675 1400
674 1400
673 1399
672 1398
671 1398
670 1397
669 1397
668 1397
667 1396
666 1396
665 1396
664 1396
663 1395
