636 1114
635 1115
634 1115
633 1115
632 1115
631 1115
630 1116
629 1117
628 1117
627 1118
626 1119
625 1120
624 1121
623 1121
623 1122
622 1123
621 1124
621 1125
620 1126
619 1127
619 1128
618 1129
618 1130
617 1131
617 1132
617 1133
617 1134
616 1135
616 1136
616 1137
616 1138
616 1139
615 1140
615 1141
615 1142
614 1143
614 1144
613 1145
613 1146
613 1147
613 1148
612 1149
612 1150
612 1151
611 1152
611 1153
611 1154
611 1155
610 1156
610 1157
610 1158
610 1159
610 1160
609 1161
609 1162
609 1163
609 1164
609 1165
609 1166
608 1167
608 1168
608 1169
608 1170
608 1171
608 1172
608 1173
608 1174
607 1175
607 1176
607 1177
607 1178
608 1179
608 1180
608 1181
609 1182
609 1183
609 1184
609 1185
610 1186
610 1187
610 1188
610 1189
610 1190
611 1191
611 1192
611 1193
611 1194
611 1195
612 1196
612 1197
612 1198
612 1199
613 1200
613 1201
613 1202
613 1203
613 1204
614 1205
614 1206
614 1207
615 1208
615 1209
615 1210
615 1211
616 1212
616 1213
616 1214
616 1215
617 1216
617 1217
617 1218
617 1219
618 1220
618 1221
619 1222
619 1223
619 1224
619 1225
620 1226
620 1227
620 1228
621 1229
621 1230
621 1231
622 1232
622 1233
622 1234
623 1235
623 1236
623 1237
624 1238
624 1239
624 1240
624 1241
625 1242
625 1243
625 1244
625 1245
625 1246
626 1247
626 1248
626 1249
626 1250
626 1251
627 1252
627 1253
627 1254
627 1255
627 1256
627 1257
628 1258
628 1259
628 1260
628 1261
629 1262
629 1263
630 1264
630 1265
630 1266
630 1267
631 1268
632 1269
632 1270
632 1271
632 1272
633 1273
633 1274
634 1275
634 1276
634 1277
635 1278
635 1279
636 1280
636 1281
636 1282
636 1283
637 1284
637 1285
637 1286
637 1287
637 1288
637 1289
637 1290
637 1291
638 1292
638 1293
638 1294
639 1295
639 1296
639 1297
639 1298
640 1299
640 1300
641 1301
641 1302
641 1303
641 1304
642 1305
642 1306
642 1307
642 1308
642 1309
643 1310
643 1311
643 1312
644 1313
644 1314
645 1315
645 1316
646 1317
646 1318
647 1319
647 1320
648 1321
649 1321
650 1321
651 1322
652 1322
653 1322
654 1322
655 1323
656 1323
657 1323
658 1323
659 1322
660 1322
661 1321
662 1320
663 1320
664 1319
665 1318
666 1318
666 1317
667 1316
667 1315
668 1314
669 1313
669 1312
670 1311
670 1310
671 1309
671 1308
672 1307
672 1306
672 1305
673 1304
673 1303
673 1302
673 1301
674 1300
674 1299
674 1298
673 1297
673 1296
674 1295
674 1294
673 1293
673 1292
673 1291
673 1290
673 1289
673 1288
673 1287
673 1286
674 1285
674 1284
674 1283
674 1282
674 1281
674 1280
674 1279
674 1278
674 1277
674 1276
674 1275
674 1274
674 1273
674 1272
674 1271
674 1270
674 1269
674 1268
674 1267
674 1266
674 1265
674 1264
674 1263
674 1262
674 1261
674 1260
675 1259
675 1258
675 1257
675 1256
675 1255
675 1254
675 1253
675 1252
675 1251
675 1250
675 1249
675 1248
676 1247
676 1246
676 1245
676 1244
676 1243
676 1242
676 1241
676 1240
676 1239
676 1238
676 1237
676 1236
676 1235
676 1234
676 1233
677 1232
677 1231
677 1230
677 1229
677 1228
677 1227
677 1226
677 1225
677 1224
677 1223
677 1222
678 1221
678 1220
677 1219
677 1218
677 1217
677 1216
678 1215
677 1214
677 1213
677 1212
677 1211
678 1210
678 1209
677 1208
677 1207
677 1206
678 1205
678 1204
678 1203
677 1202
678 1201
678 1200
678 1199
678 1198
678 1197
678 1196
678 1195
678 1194
678 1193
678 1192
678 1191
678 1190
678 1189
678 1188
678 1187
677 1186
678 1185
678 1184
678 1183
678 1182
678 1181
678 1180
678 1179
678 1178
678 1177
677 1176
677 1175
677 1174
678 1173
678 1172
677 1171
677 1170
677 1169
677 1168
677 1167
677 1166
677 1165
677 1164
677 1163
677 1162
677 1161
677 1160
677 1159
677 1158
677 1157
677 1156
676 1155
676 1154
676 1153
676 1152
676 1151
676 1150
675 1149
675 1148
675 1147
675 1146
675 1145
675 1144
675 1143
675 1142
675 1141
675 1140
674 1139
674 1138
674 1137
674 1136
674 1135
673 1134
673 1133
673 1132
673 1131
673 1130
672 1129
672 1128
672 1127
671 1126
671 1125
670 1124
669 1123
668 1122
667 1121
667 1120
666 1119
665 1118
664 1118
663 1117
662 1116
661 1116
660 1115
659 1115
658 1114
657 1114
656 1114
655 1114
654 1114
653 1114
652 1114
651 1114
650 1114
649 1114
648 1114
647 1114
646 1114
645 1114
644 1114
643 1114
642 1114
641 1114
640 1114
639 1114
638 1114
637 1114
636 1114
