691 793
690 794
689 794
688 794
687 795
686 795
685 795
684 795
683 796
682 796
681 796
680 796
679 797
678 797
677 797
676 798
675 798
674 798
673 798
672 799
671 799
670 799
669 800
668 800
667 800
666 800
665 801
664 801
663 801
662 802
661 803
660 804
659 805
658 806
657 807
656 808
655 809
654 810
654 811
654 812
653 813
653 814
653 815
652 816
652 817
652 818
651 819
651 820
651 821
650 822
650 823
649 824
649 825
649 826
649 827
648 828
648 829
648 830
647 831
647 832
647 833
646 834
646 835
646 836
645 837
645 838
645 839
644 840
644 841
644 842
644 843
643 844
643 845
643 846
642 847
642 848
642 849
642 850
641 851
641 852
641 853
641 854
640 855
640 856
640 857
639 858
639 859
639 860
639 861
638 862
638 863
638 864
637 865
637 866
637 867
637 868
636 869
636 870
636 871
635 872
635 873
635 874
635 875
634 876
634 877
634 878
634 879
634 880
634 881
634 882
634 883
633 884
633 885
633 886
633 887
632 888
632 889
632 890
632 891
632 892
632 893
631 894
631 895
631 896
631 897
631 898
631 899
631 900
631 901
631 902
631 903
631 904
632 905
632 906
632 907
632 908
632 909
632 910
632 911
632 912
633 913
633 914
633 915
633 916
633 917
633 918
633 919
634 920
634 921
634 922
634 923
634 924
634 925
634 926
635 927
635 928
635 929
635 930
635 931
636 932
636 933
636 934
636 935
636 936
636 937
637 938
637 939
637 940
637 941
637 942
637 943
637 944
637 945
638 946
638 947
638 948
638 949
638 950
638 951
638 952
639 953
639 954
639 955
639 956
639 957
639 958
640 959
640 960
640 961
640 962
640 963
640 964
640 965
640 966
641 967
641 968
641 969
641 970
641 971
641 972
641 973
641 974
641 975
642 976
642 977
642 978
642 979
642 980
642 981
642 982
642 983
642 984
643 985
643 986
643 987
643 988
643 989
643 990
643 991
643 992
644 993
644 994
644 995
644 996
644 997
644 998
644 999
644 1000
645 1001
645 1002
645 1003
645 1004
645 1005
645 1006
645 1007
646 1008
646 1009
646 1010
647 1011
647 1012
648 1013
648 1014
648 1015
649 1016
649 1017
650 1018
651 1018
652 1019
653 1020
654 1020
655 1021
656 1022
657 1022
658 1023
659 1022
660 1022
661 1022
662 1021
663 1021
664 1021
665 1021
666 1021
667 1020
668 1020
669 1019
670 1018
671 1017
672 1017
673 1016
674 1015
675 1014
676 1013
677 1012
678 1011
678 1010
679 1009
680 1008
681 1007
682 1006
683 1005
684 1004
685 1003
686 1002
687 1001
688 1000
689 999
689 998
690 997
690 996
691 995
691 994
692 993
692 992
692 991
693 990
693 989
694 988
694 987
695 986
695 985
695 984
695 983
696 982
696 981
696 980
697 979
697 978
697 977
697 976
697 975
698 974
698 973
698 972
698 971
699 970
699 969
699 968
699 967
699 966
700 965
700 964
700 963
700 962
700 961
700 960
700 959
700 958
701 957
701 956
701 955
701 954
701 953
701 952
701 951
701 950
701 949
702 948
702 947
702 946
702 945
702 944
702 943
702 942
702 941
702 940
702 939
702 938
702 937
702 936
702 935
702 934
703 933
703 932
703 931
703 930
702 929
702 928
703 927
703 926
703 925
703 924
703 923
703 922
703 921
703 920
703 919
703 918
703 917
703 916
703 915
703 914
703 913
703 912
704 911
704 910
704 909
704 908
704 907
704 906
704 905
704 904
704 903
704 902
704 901
704 900
704 899
704 898
704 897
704 896
705 895
705 894
705 893
705 892
705 891
705 890
705 889
705 888
705 887
705 886
705 885
705 884
705 883
705 882
705 881
705 880
705 879
705 878
705 877
705 876
705 875
705 874
705 873
705 872
705 871
705 870
706 869
706 868
705 867
705 866
705 865
705 864
706 863
706 862
706 861
706 860
706 859
706 858
705 857
706 856
706 855
706 854
706 853
706 852
706 851
705 850
705 849
705 848
706 847
706 846
706 845
706 844
706 843
706 842
705 841
706 840
706 839
706 838
706 837
706 836
706 835
706 834
706 833
706 832
706 831
706 830
706 829
706 828
706 827
706 826
705 825
706 824
706 823
706 822
706 821
705 820
705 819
705 818
705 817
705 816
705 815
705 814
705 813
705 812
705 811
705 810
705 809
704 808
704 807
704 806
704 805
704 804
704 803
703 802
703 801
702 800
701 799
701 798
700 797
699 796
699 795
698 794
697 794
696 794
695 794
694 794
693 794
692 794
691 793
