700 507
699 508
698 508
697 509
696 509
695 509
694 510
693 510
692 510
691 511
690 511
689 512
688 512
687 513
686 513
685 513
684 514
683 515
682 516
681 517
680 518
679 519
678 519
677 520
676 521
675 522
674 523
673 524
672 524
671 525
670 526
669 527
668 528
667 529
666 530
665 531
664 531
663 532
662 533
661 534
660 535
659 536
658 537
657 538
656 539
655 540
654 541
653 542
652 543
651 544
650 545
649 546
648 547
647 548
646 549
645 550
644 551
643 552
642 553
641 554
641 555
640 556
639 557
638 558
638 559
637 560
636 561
636 562
635 563
634 564
633 565
633 566
632 567
631 568
630 569
629 570
629 571
628 572
627 573
627 574
626 575
625 576
625 577
624 578
624 579
623 580
622 581
622 582
621 583
621 584
620 585
620 586
619 587
619 588
618 589
618 590
618 591
617 592
617 593
617 594
617 595
617 596
616 597
616 598
616 599
616 600
616 601
616 602
616 603
616 604
617 605
617 606
617 607
617 608
618 609
618 610
618 611
619 612
619 613
619 614
620 615
620 616
621 617
621 618
622 619
622 620
623 621
623 622
623 623
624 624
624 625
625 626
625 627
626 628
626 629
627 630
627 631
627 632
628 633
628 634
629 635
630 636
630 637
630 638
631 639
632 640
632 641
632 642
633 643
633 644
634 645
634 646
635 647
635 648
636 649
637 650
637 651
638 652
638 653
639 654
639 655
640 656
640 657
641 658
641 659
642 660
642 661
643 662
643 663
643 664
644 665
644 666
645 667
645 668
646 669
646 670
646 671
647 672
647 673
647 674
648 675
648 676
649 677
649 678
649 679
650 680
650 681
651 682
651 683
652 684
652 685
652 686
653 687
653 688
654 689
655 690
655 691
656 692
656 693
657 694
658 695
658 696
659 697
659 698
660 699
660 700
661 701
661 702
661 703
662 704
662 705
663 706
663 707
664 708
665 709
666 710
667 710
668 711
669 712
670 713
671 714
672 715
673 715
674 716
675 717
676 718
677 718
678 719
679 719
680 720
681 720
682 721
683 721
684 722
685 722
686 723
687 724
688 724
689 725
690 725
691 725
692 725
693 725
694 725
695 724
696 724
697 724
698 724
699 724
700 723
701 723
702 722
703 722
704 722
705 721
706 721
707 720
708 719
709 718
709 717
710 716
711 715
711 714
712 713
712 712
712 711
712 710
712 709
713 708
713 707
713 706
713 705
714 704
714 703
714 702
714 701
714 700
715 699
715 698
715 697
715 696
715 695
715 694
715 693
716 692
716 691
716 690
716 689
716 688
717 687
717 686
717 685
717 684
717 683
717 682
717 681
717 680
717 679
717 678
718 677
718 676
718 675
718 674
718 673
718 672
718 671
718 670
718 669
718 668
719 667
719 666
719 665
719 664
719 663
719 662
719 661
719 660
720 659
720 658
720 657
720 656
720 655
720 654
720 653
720 652
720 651
720 650
720 649
720 648
720 647
720 646
720 645
720 644
721 643
721 642
721 641
721 640
721 639
721 638
721 637
721 636
721 635
721 634
721 633
721 632
721 631
721 630
721 629
722 628
722 627
722 626
722 625
722 624
722 623
722 622
722 621
722 620
721 619
722 618
722 617
722 616
722 615
722 614
722 613
722 612
722 611
722 610
722 609
722 608
722 607
722 606
722 605
721 604
721 603
721 602
721 601
721 600
721 599
721 598
721 597
721 596
721 595
721 594
721 593
720 592
720 591
720 590
720 589
720 588
720 587
720 586
720 585
720 584
720 583
720 582
720 581
720 580
720 579
720 578
720 577
720 576
720 575
720 574
720 573
720 572
720 571
720 570
720 569
720 568
720 567
720 566
720 565
720 564
720 563
720 562
720 561
720 560
719 559
719 558
719 557
719 556
719 555
719 554
719 553
719 552
719 551
719 550
719 549
719 548
719 547
719 546
719 545
719 544
719 543
719 542
718 541
718 540
718 539
718 538
718 537
718 536
718 535
718 534
718 533
717 532
717 531
717 530
717 529
717 528
716 527
716 526
716 525
716 524
716 523
716 522
715 521
715 520
715 519
715 518
714 517
714 516
713 515
712 514
712 513
711 512
711 511
710 510
709 510
708 510
707 509
706 509
705 508
704 508
703 508
702 507
701 507
700 507
