696 28
695 29
694 29
693 30
692 30
691 30
690 31
689 31
688 32
687 32
686 33
685 33
684 34
683 34
682 35
681 35
680 35
679 36
678 37
677 38
676 39
675 40
674 40
673 41
672 42
672 43
671 44
671 45
670 46
670 47
669 48
669 49
669 50
669 51
668 52
668 53
668 54
668 55
668 56
667 57
667 58
667 59
667 60
667 61
666 62
666 63
666 64
666 65
666 66
665 67
665 68
665 69
665 70
665 71
665 72
664 73
664 74
664 75
664 76
664 77
664 78
663 79
663 80
663 81
663 82
662 83
662 84
662 85
662 86
661 87
661 88
661 89
660 90
660 91
660 92
660 93
659 94
659 95
659 96
659 97
659 98
658 99
658 100
658 101
657 102
657 103
657 104
657 105
657 106
656 107
656 108
656 109
655 110
655 111
655 112
655 113
654 114
654 115
654 116
653 117
653 118
653 119
653 120
652 121
652 122
652 123
651 124
651 125
651 126
651 127
650 128
650 129
650 130
649 131
649 132
649 133
649 134
648 135
648 136
648 137
648 138
647 139
647 140
647 141
647 142
646 143
646 144
646 145
645 146
645 147
644 148
644 149
644 150
643 151
643 152
643 153
642 154
642 155
641 156
641 157
641 158
640 159
640 160
640 161
639 162
639 163
639 164
638 165
638 166
638 167
637 168
637 169
637 170
636 171
636 172
635 173
635 174
635 175
634 176
634 177
634 178
633 179
633 180
633 181
632 182
632 183
632 184
632 185
631 186
631 187
631 188
630 189
630 190
629 191
629 192
629 193
628 194
628 195
627 196
627 197
627 198
626 199
626 200
625 201
625 202
625 203
624 204
624 205
623 206
623 207
622 208
622 209
621 210
621 211
620 212
620 213
620 214
619 215
619 216
618 217
618 218
617 219
617 220
617 221
616 222
616 223
615 224
615 225
615 226
614 227
614 228
613 229
613 230
613 231
612 232
612 233
611 234
611 235
611 236
610 237
610 238
610 239
609 240
609 241
608 242
608 243
607 244
607 245
606 246
606 247
605 248
605 249
605 250
604 251
604 252
603 253
603 254
603 255
602 256
602 257
601 258
601 259
600 260
600 261
599 262
599 263
599 264
598 265
598 266
598 267
598 268
598 269
598 270
598 271
597 272
597 273
597 274
598 275
598 276
598 277
599 278
599 279
600 280
600 281
601 282
601 283
601 284
602 285
602 286
602 287
603 288
603 289
603 290
603 291
604 292
604 293
604 294
604 295
604 296
605 297
605 298
605 299
606 300
606 301
606 302
606 303
607 304
607 305
607 306
607 307
608 308
608 309
608 310
608 311
609 312
609 313
609 314
610 315
610 316
610 317
611 318
611 319
611 320
611 321
612 322
612 323
612 324
613 325
613 326
613 327
614 328
614 329
614 330
615 331
615 332
615 333
616 334
616 335
617 336
617 337
618 338
618 339
618 340
619 341
619 342
620 343
620 344
620 345
621 346
621 347
622 348
622 349
622 350
623 351
623 352
624 353
624 354
624 355
625 356
625 357
626 358
626 359
627 360
627 361
628 362
628 363
628 364
629 365
629 366
630 367
630 368
630 369
631 370
631 371
631 372
632 373
632 374
632 375
633 376
633 377
633 378
634 379
634 380
635 381
635 382
636 383
636 384
636 385
637 386
637 387
637 388
638 389
638 390
639 391
639 392
639 393
640 394
640 395
641 396
641 397
641 398
642 399
642 400
642 401
643 402
643 403
643 404
644 405
644 406
645 407
645 408
646 409
646 410
647 411
647 412
648 413
649 414
650 415
651 415
652 416
653 417
654 417
655 418
656 418
657 419
658 420
659 420
660 420
661 420
662 419
663 419
664 419
665 419
666 419
667 419
668 418
669 418
670 418
671 418
672 417
673 417
674 416
675 416
676 415
677 415
678 414
679 413
680 413
681 412
682 412
683 411
684 410
685 409
686 408
687 408
688 407
689 406
690 405
691 404
692 403
693 402
694 401
695 400
696 399
696 398
697 397
698 396
698 395
699 394
700 393
701 392
701 391
702 390
703 389
703 388
704 387
705 386
705 385
706 384
706 383
707 382
708 381
708 380
709 379
709 378
710 377
710 376
711 375
711 374
711 373
711 372
712 371
712 370
712 369
713 368
713 367
713 366
713 365
714 364
714 363
714 362
714 361
715 360
715 359
715 358
715 357
715 356
716 355
716 354
716 353
716 352
717 351
717 350
717 349
717 348
717 347
717 346
717 345
717 344
717 343
717 342
717 341
717 340
717 339
718 338
718 337
718 336
718 335
718 334
718 333
718 332
719 331
719 330
719 329
719 328
719 327
719 326
719 325
719 324
720 323
720 322
720 321
720 320
720 319
720 318
720 317
720 316
720 315
720 314
721 313
721 312
721 311
721 310
721 309
721 308
721 307
721 306
721 305
721 304
721 303
720 302
720 301
720 300
720 299
720 298
720 297
721 296
721 295
721 294
721 293
720 292
720 291
720 290
720 289
720 288
720 287
720 286
720 285
720 284
720 283
720 282
720 281
720 280
720 279
720 278
720 277
720 276
720 275
720 274
720 273
720 272
720 271
720 270
720 269
720 268
720 267
720 266
720 265
720 264
720 263
720 262
721 261
721 260
721 259
721 258
721 257
721 256
721 255
721 254
721 253
720 252
720 251
720 250
720 249
720 248
720 247
720 246
720 245
720 244
720 243
720 242
720 241
720 240
720 239
720 238
720 237
720 236
719 235
719 234
719 233
719 232
719 231
719 230
719 229
719 228
719 227
719 226
719 225
719 224
719 223
719 222
719 221
720 220
720 219
720 218
720 217
720 216
720 215
720 214
720 213
721 212
721 211
721 210
721 209
721 208
721 207
721 206
721 205
721 204
721 203
721 202
721 201
721 200
721 199
721 198
721 197
721 196
721 195
721 194
721 193
721 192
721 191
721 190
721 189
721 188
721 187
721 186
721 185
722 184
722 183
722 182
722 181
722 180
722 179
722 178
722 177
722 176
722 175
722 174
722 173
722 172
722 171
722 170
722 169
722 168
721 167
721 166
721 165
721 164
721 163
721 162
721 161
721 160
721 159
721 158
721 157
721 156
721 155
721 154
721 153
721 152
721 151
721 150
721 149
721 148
721 147
721 146
721 145
721 144
721 143
721 142
721 141
721 140
720 139
720 138
720 137
720 136
720 135
720 134
720 133
720 132
720 131
720 130
720 129
720 128
720 127
720 126
720 125
720 124
719 123
719 122
719 121
719 120
719 119
719 118
719 117
719 116
719 115
718 114
718 113
718 112
718 111
718 110
718 109
718 108
718 107
718 106
718 105
718 104
718 103
718 102
717 101
717 100
717 99
717 98
717 97
717 96
717 95
716 94
716 93
716 92
716 91
716 90
716 89
715 88
715 87
715 86
715 85
715 84
715 83
714 82
714 81
714 80
714 79
714 78
714 77
714 76
714 75
714 74
713 73
713 72
713 71
713 70
713 69
713 68
713 67
713 66
713 65
713 64
713 63
712 62
712 61
712 60
712 59
712 58
712 57
712 56
712 55
712 54
711 53
711 52
711 51
711 50
711 49
711 48
710 47
710 46
710 45
710 44
710 43
710 42
709 41
709 40
708 39
708 38
707 37
707 36
706 35
706 34
705 33
705 32
704 31
703 30
702 30
701 30
700 29
699 29
698 29
697 28
696 28
