474 2495
473 2496
472 2496
471 2496
470 2496
469 2496
468 2496
467 2496
466 2496
465 2496
464 2497
463 2497
462 2497
461 2497
460 2497
459 2497
458 2497
457 2497
456 2498
455 2498
454 2498
453 2498
452 2498
451 2498
450 2499
449 2499
448 2499
447 2499
446 2499
445 2500
444 2500
443 2500
442 2500
441 2501
440 2501
439 2501
438 2501
437 2501
436 2501
435 2501
434 2501
433 2501
432 2502
431 2502
430 2502
429 2502
428 2502
427 2502
426 2503
425 2503
424 2503
423 2503
422 2503
421 2503
420 2504
419 2504
418 2504
417 2504
416 2504
415 2505
414 2505
413 2505
412 2505
411 2505
410 2506
409 2506
408 2506
407 2506
406 2507
405 2507
404 2507
403 2507
402 2508
401 2508
400 2508
399 2508
398 2508
397 2509
396 2509
395 2509
394 2509
393 2510
392 2510
391 2510
390 2511
389 2511
388 2511
387 2512
386 2512
385 2513
384 2513
383 2514
382 2514
381 2515
380 2516
379 2517
378 2518
377 2518
376 2519
376 2520
375 2521
375 2522
374 2523
374 2524
374 2525
373 2526
373 2527
372 2528
372 2529
372 2530
372 2531
372 2532
373 2533
373 2534
373 2535
373 2536
373 2537
374 2538
374 2539
374 2540
374 2541
375 2542
375 2543
376 2544
376 2545
377 2546
377 2547
378 2548
378 2549
378 2550
379 2551
380 2552
380 2553
381 2554
381 2555
382 2556
382 2557
383 2558
383 2559
384 2560
384 2561
385 2562
385 2563
386 2564
387 2565
387 2566
388 2567
388 2568
389 2569
389 2570
390 2571
391 2572
391 2573
392 2574
393 2575
394 2576
394 2577
395 2578
396 2579
397 2580
397 2581
398 2582
399 2583
400 2584
401 2584
402 2585
403 2586
404 2587
405 2588
406 2588
407 2589
408 2590
409 2590
410 2591
411 2592
412 2592
413 2593
414 2593
415 2594
416 2594
417 2595
418 2596
419 2596
420 2597
421 2597
422 2597
423 2598
424 2598
425 2599
426 2599
427 2600
428 2600
429 2601
430 2601
431 2602
432 2602
433 2603
434 2603
435 2604
436 2604
437 2605
438 2605
439 2606
440 2606
441 2607
442 2607
443 2608
444 2608
445 2609
446 2609
447 2610
448 2611
449 2611
450 2612
451 2612
452 2612
453 2613
454 2613
455 2614
456 2614
457 2615
458 2615
459 2616
460 2616
461 2617
462 2617
463 2618
464 2618
465 2619
466 2619
467 2620
468 2621
469 2621
470 2622
471 2622
472 2623
473 2623
474 2624
475 2624
476 2625
477 2625
478 2626
479 2626
480 2626
481 2627
482 2627
483 2627
484 2628
485 2628
486 2628
487 2628
488 2628
489 2628
490 2628
491 2627
492 2627
493 2627
494 2627
495 2627
496 2626
496 2625
497 2624
498 2623
499 2622
499 2621
500 2620
500 2619
500 2618
501 2617
501 2616
501 2615
502 2614
502 2613
502 2612
502 2611
502 2610
503 2609
503 2608
503 2607
503 2606
503 2605
503 2604
503 2603
503 2602
503 2601
504 2600
504 2599
504 2598
504 2597
503 2596
503 2595
503 2594
503 2593
504 2592
504 2591
503 2590
504 2589
504 2588
504 2587
504 2586
504 2585
504 2584
504 2583
504 2582
504 2581
504 2580
504 2579
504 2578
504 2577
504 2576
504 2575
504 2574
504 2573
504 2572
504 2571
504 2570
504 2569
504 2568
504 2567
504 2566
504 2565
504 2564
504 2563
504 2562
504 2561
504 2560
504 2559
504 2558
504 2557
504 2556
504 2555
504 2554
504 2553
504 2552
504 2551
504 2550
504 2549
504 2548
504 2547
503 2546
503 2545
503 2544
503 2543
503 2542
503 2541
503 2540
503 2539
503 2538
502 2537
502 2536
502 2535
502 2534
502 2533
502 2532
502 2531
502 2530
502 2529
502 2528
501 2527
501 2526
501 2525
501 2524
501 2523
501 2522
501 2521
501 2520
501 2519
501 2518
501 2517
501 2516
501 2515
501 2514
501 2513
501 2512
500 2511
500 2510
500 2509
499 2508
499 2507
498 2506
498 2505
498 2504
497 2503
496 2502
495 2501
494 2500
493 2499
492 2498
491 2497
490 2497
489 2497
488 2496
487 2496
486 2496
485 2496
484 2496
483 2496
482 2495
481 2495
480 2495
479 2495
478 2495
477 2495
476 2495
475 2495
474 2495
