473 2251
472 2252
471 2252
470 2252
469 2253
468 2253
467 2254
466 2255
465 2256
464 2257
464 2258
463 2259
462 2260
462 2261
461 2262
461 2263
461 2264
460 2265
460 2266
459 2267
459 2268
458 2269
458 2270
458 2271
458 2272
457 2273
457 2274
456 2275
456 2276
456 2277
455 2278
455 2279
454 2280
454 2281
454 2282
454 2283
453 2284
453 2285
452 2286
452 2287
452 2288
451 2289
450 2290
449 2291
449 2292
448 2293
447 2294
447 2295
446 2296
446 2297
445 2298
445 2299
444 2300
444 2301
444 2302
444 2303
443 2304
442 2305
442 2306
441 2307
441 2308
440 2309
440 2310
439 2311
439 2312
438 2313
438 2314
437 2315
437 2316
436 2317
435 2318
435 2319
434 2320
434 2321
434 2322
434 2323
434 2324
433 2325
434 2326
434 2327
434 2328
433 2329
433 2330
433 2331
433 2332
433 2333
433 2334
432 2335
432 2336
432 2337
432 2338
432 2339
432 2340
432 2341
433 2342
433 2343
433 2344
433 2345
433 2346
433 2347
433 2348
434 2349
434 2350
434 2351
434 2352
434 2353
435 2354
435 2355
435 2356
435 2357
435 2358
435 2359
435 2360
436 2361
436 2362
436 2363
436 2364
436 2365
436 2366
436 2367
437 2368
437 2369
437 2370
437 2371
437 2372
437 2373
437 2374
437 2375
437 2376
437 2377
438 2378
438 2379
438 2380
438 2381
438 2382
438 2383
438 2384
438 2385
439 2386
439 2387
439 2388
439 2389
439 2390
439 2391
439 2392
439 2393
439 2394
440 2395
440 2396
440 2397
440 2398
440 2399
440 2400
441 2401
441 2402
441 2403
441 2404
441 2405
441 2406
441 2407
441 2408
441 2409
441 2410
442 2411
442 2412
442 2413
442 2414
442 2415
442 2416
443 2417
443 2418
443 2419
444 2420
444 2421
444 2422
444 2423
445 2424
445 2425
445 2426
446 2427
447 2428
448 2429
449 2430
450 2431
451 2432
452 2432
453 2431
454 2431
455 2431
456 2431
457 2431
458 2431
459 2431
460 2431
461 2430
462 2430
463 2429
464 2428
465 2427
466 2427
467 2426
468 2425
469 2424
470 2423
471 2422
472 2421
473 2420
473 2419
474 2418
475 2417
475 2416
476 2415
476 2414
477 2413
478 2412
478 2411
478 2410
479 2409
479 2408
480 2407
480 2406
481 2405
481 2404
481 2403
482 2402
482 2401
482 2400
482 2399
482 2398
482 2397
483 2396
483 2395
483 2394
483 2393
483 2392
483 2391
483 2390
483 2389
483 2388
483 2387
484 2386
484 2385
484 2384
484 2383
484 2382
484 2381
484 2380
484 2379
484 2378
484 2377
484 2376
485 2375
485 2374
485 2373
485 2372
485 2371
485 2370
485 2369
485 2368
485 2367
485 2366
485 2365
485 2364
485 2363
486 2362
486 2361
486 2360
486 2359
486 2358
486 2357
486 2356
486 2355
486 2354
486 2353
486 2352
486 2351
486 2350
487 2349
487 2348
487 2347
487 2346
487 2345
487 2344
487 2343
487 2342
487 2341
487 2340
487 2339
487 2338
487 2337
487 2336
487 2335
487 2334
487 2333
487 2332
486 2331
487 2330
487 2329
487 2328
487 2327
487 2326
486 2325
486 2324
487 2323
487 2322
487 2321
486 2320
486 2319
486 2318
486 2317
486 2316
486 2315
486 2314
486 2313
486 2312
486 2311
486 2310
486 2309
486 2308
485 2307
485 2306
485 2305
485 2304
485 2303
485 2302
485 2301
485 2300
484 2299
484 2298
484 2297
484 2296
484 2295
484 2294
483 2293
483 2292
483 2291
483 2290
483 2289
483 2288
483 2287
483 2286
483 2285
483 2284
483 2283
483 2282
483 2281
482 2280
482 2279
482 2278
482 2277
482 2276
482 2275
482 2274
482 2273
482 2272
482 2271
482 2270
481 2269
481 2268
481 2267
481 2266
480 2265
480 2264
480 2263
480 2262
479 2261
479 2260
479 2259
478 2258
478 2257
477 2256
477 2255
476 2254
475 2253
474 2252
474 2251
473 2251
