487 1894
486 1895
485 1895
484 1895
483 1895
482 1895
481 1895
480 1895
479 1896
478 1897
477 1898
476 1899
475 1900
474 1901
474 1902
473 1903
472 1904
471 1905
471 1906
470 1907
470 1908
469 1909
469 1910
468 1911
468 1912
467 1913
467 1914
466 1915
465 1916
465 1917
464 1918
464 1919
463 1920
463 1921
462 1922
462 1923
461 1924
461 1925
460 1926
459 1927
459 1928
459 1929
458 1930
458 1931
457 1932
457 1933
456 1934
456 1935
455 1936
454 1937
454 1938
453 1939
453 1940
452 1941
452 1942
451 1943
451 1944
450 1945
450 1946
449 1947
449 1948
448 1949
447 1950
447 1951
446 1952
446 1953
445 1954
445 1955
444 1956
444 1957
443 1958
443 1959
442 1960
442 1961
441 1962
440 1963
440 1964
439 1965
439 1966
438 1967
438 1968
437 1969
437 1970
436 1971
436 1972
435 1973
435 1974
434 1975
433 1976
433 1977
432 1978
431 1979
431 1980
430 1981
429 1982
429 1983
428 1984
427 1985
427 1986
426 1987
425 1988
425 1989
424 1990
423 1991
423 1992
422 1993
421 1994
421 1995
420 1996
419 1997
419 1998
418 1999
417 2000
417 2001
416 2002
415 2003
415 2004
414 2005
414 2006
413 2007
413 2008
413 2009
412 2010
412 2011
412 2012
411 2013
411 2014
410 2015
410 2016
410 2017
409 2018
409 2019
409 2020
409 2021
409 2022
409 2023
409 2024
409 2025
409 2026
409 2027
409 2028
409 2029
409 2030
409 2031
409 2032
409 2033
408 2034
408 2035
408 2036
408 2037
408 2038
408 2039
409 2040
409 2041
409 2042
410 2043
410 2044
410 2045
410 2046
411 2047
411 2048
411 2049
412 2050
412 2051
412 2052
413 2053
413 2054
413 2055
414 2056
414 2057
414 2058
415 2059
415 2060
415 2061
416 2062
416 2063
416 2064
417 2065
417 2066
417 2067
418 2068
418 2069
418 2070
419 2071
419 2072
419 2073
419 2074
420 2075
420 2076
420 2077
420 2078
421 2079
421 2080
421 2081
421 2082
422 2083
422 2084
422 2085
422 2086
423 2087
423 2088
423 2089
423 2090
424 2091
424 2092
424 2093
424 2094
425 2095
425 2096
425 2097
425 2098
425 2099
425 2100
426 2101
426 2102
426 2103
426 2104
426 2105
427 2106
427 2107
427 2108
427 2109
427 2110
428 2111
428 2112
428 2113
428 2114
428 2115
429 2116
429 2117
429 2118
429 2119
429 2120
430 2121
430 2122
430 2123
430 2124
431 2125
431 2126
431 2127
432 2128
432 2129
433 2130
433 2131
433 2132
434 2133
434 2134
435 2135
435 2136
436 2137
437 2137
438 2138
439 2138
440 2139
441 2139
442 2140
443 2140
444 2140
445 2140
446 2140
447 2140
448 2141
449 2141
450 2141
451 2141
452 2141
453 2140
454 2140
455 2140
456 2139
457 2139
458 2138
459 2138
460 2138
461 2137
462 2136
463 2136
464 2135
465 2135
466 2134
467 2133
468 2133
469 2132
470 2131
471 2130
472 2130
473 2129
474 2128
475 2127
476 2126
477 2126
478 2125
479 2124
480 2123
481 2122
482 2122
483 2121
484 2120
485 2119
486 2118
486 2117
487 2116
488 2115
489 2114
490 2113
490 2112
491 2111
492 2110
493 2109
493 2108
494 2107
495 2106
495 2105
495 2104
496 2103
496 2102
496 2101
497 2100
497 2099
497 2098
498 2097
498 2096
498 2095
498 2094
498 2093
499 2092
499 2091
499 2090
499 2089
499 2088
499 2087
499 2086
499 2085
499 2084
500 2083
500 2082
500 2081
500 2080
500 2079
500 2078
500 2077
500 2076
500 2075
500 2074
500 2073
500 2072
500 2071
500 2070
500 2069
501 2068
501 2067
501 2066
501 2065
501 2064
501 2063
501 2062
501 2061
501 2060
501 2059
501 2058
501 2057
501 2056
502 2055
502 2054
502 2053
502 2052
502 2051
502 2050
502 2049
502 2048
502 2047
502 2046
502 2045
502 2044
502 2043
502 2042
502 2041
502 2040
502 2039
502 2038
502 2037
502 2036
502 2035
502 2034
502 2033
502 2032
502 2031
502 2030
502 2029
502 2028
502 2027
502 2026
502 2025
502 2024
502 2023
502 2022
502 2021
502 2020
502 2019
502 2018
502 2017
502 2016
502 2015
502 2014
502 2013
502 2012
502 2011
502 2010
502 2009
502 2008
502 2007
502 2006
502 2005
502 2004
502 2003
502 2002
502 2001
502 2000
502 1999
502 1998
502 1997
502 1996
502 1995
502 1994
502 1993
502 1992
502 1991
502 1990
502 1989
502 1988
502 1987
502 1986
502 1985
502 1984
502 1983
502 1982
502 1981
502 1980
502 1979
502 1978
502 1977
502 1976
502 1975
502 1974
502 1973
502 1972
502 1971
502 1970
502 1969
502 1968
502 1967
502 1966
502 1965
502 1964
502 1963
502 1962
501 1961
501 1960
501 1959
501 1958
501 1957
501 1956
501 1955
501 1954
501 1953
501 1952
501 1951
501 1950
501 1949
500 1948
500 1947
500 1946
500 1945
500 1944
500 1943
500 1942
500 1941
499 1940
499 1939
499 1938
499 1937
499 1936
499 1935
499 1934
499 1933
499 1932
499 1931
499 1930
499 1929
498 1928
498 1927
498 1926
498 1925
498 1924
498 1923
498 1922
498 1921
497 1920
497 1919
497 1918
497 1917
497 1916
496 1915
496 1914
496 1913
496 1912
496 1911
495 1910
495 1909
495 1908
495 1907
494 1906
494 1905
494 1904
494 1903
493 1902
493 1901
492 1900
492 1899
491 1898
491 1897
490 1896
490 1895
489 1894
488 1894
487 1894
