483 1649
482 1650
481 1650
480 1651
479 1651
478 1651
477 1652
476 1652
475 1652
474 1653
473 1653
472 1654
471 1655
470 1656
469 1657
468 1657
467 1658
466 1659
465 1660
464 1661
463 1662
462 1663
461 1664
460 1665
459 1666
459 1667
458 1668
457 1669
456 1670
456 1671
455 1672
454 1673
454 1674
453 1675
453 1676
452 1677
451 1678
450 1679
450 1680
449 1681
449 1682
448 1683
448 1684
447 1685
447 1686
446 1687
445 1688
445 1689
445 1690
444 1691
444 1692
443 1693
443 1694
442 1695
441 1696
441 1697
441 1698
440 1699
440 1700
439 1701
439 1702
438 1703
438 1704
438 1705
437 1706
437 1707
437 1708
437 1709
437 1710
437 1711
437 1712
436 1713
436 1714
436 1715
436 1716
436 1717
436 1718
437 1719
436 1720
436 1721
436 1722
436 1723
437 1724
437 1725
437 1726
437 1727
437 1728
438 1729
438 1730
438 1731
438 1732
439 1733
439 1734
439 1735
439 1736
440 1737
440 1738
440 1739
440 1740
441 1741
441 1742
441 1743
442 1744
442 1745
442 1746
442 1747
442 1748
443 1749
443 1750
443 1751
444 1752
444 1753
444 1754
444 1755
444 1756
444 1757
445 1758
445 1759
445 1760
446 1761
446 1762
446 1763
446 1764
446 1765
446 1766
447 1767
447 1768
447 1769
448 1770
448 1771
448 1772
448 1773
448 1774
449 1775
449 1776
449 1777
450 1778
450 1779
450 1780
450 1781
450 1782
450 1783
450 1784
451 1785
451 1786
451 1787
451 1788
451 1789
451 1790
451 1791
452 1792
452 1793
452 1794
453 1795
453 1796
453 1797
454 1798
454 1799
454 1800
455 1801
455 1802
455 1803
456 1804
456 1805
457 1806
457 1807
457 1808
458 1809
458 1810
459 1811
460 1812
461 1813
461 1814
462 1815
462 1816
463 1817
464 1818
465 1819
466 1820
467 1821
468 1822
469 1823
470 1824
471 1825
472 1825
473 1826
474 1826
475 1827
476 1827
477 1828
478 1829
479 1829
480 1829
481 1829
482 1829
483 1830
484 1830
485 1830
486 1831
487 1831
488 1831
489 1831
490 1830
491 1829
492 1829
493 1828
494 1827
495 1827
495 1826
496 1825
496 1824
497 1823
497 1822
497 1821
498 1820
498 1819
498 1818
499 1817
499 1816
499 1815
499 1814
500 1813
500 1812
500 1811
500 1810
500 1809
500 1808
501 1807
501 1806
501 1805
501 1804
501 1803
501 1802
501 1801
502 1800
502 1799
502 1798
502 1797
502 1796
502 1795
502 1794
502 1793
502 1792
503 1791
503 1790
503 1789
503 1788
503 1787
503 1786
503 1785
503 1784
503 1783
503 1782
503 1781
503 1780
504 1779
504 1778
504 1777
504 1776
504 1775
504 1774
504 1773
504 1772
504 1771
504 1770
504 1769
504 1768
504 1767
504 1766
504 1765
505 1764
505 1763
505 1762
505 1761
505 1760
504 1759
505 1758
504 1757
504 1756
504 1755
504 1754
505 1753
505 1752
504 1751
504 1750
504 1749
504 1748
504 1747
504 1746
505 1745
505 1744
505 1743
505 1742
505 1741
504 1740
504 1739
505 1738
505 1737
505 1736
505 1735
505 1734
504 1733
505 1732
504 1731
504 1730
504 1729
505 1728
505 1727
505 1726
505 1725
505 1724
505 1723
505 1722
505 1721
505 1720
506 1719
506 1718
506 1717
505 1716
505 1715
505 1714
505 1713
505 1712
505 1711
505 1710
505 1709
505 1708
505 1707
505 1706
505 1705
505 1704
505 1703
505 1702
505 1701
505 1700
505 1699
505 1698
505 1697
504 1696
504 1695
504 1694
504 1693
505 1692
504 1691
504 1690
504 1689
504 1688
504 1687
504 1686
504 1685
504 1684
504 1683
504 1682
504 1681
504 1680
504 1679
504 1678
504 1677
504 1676
504 1675
504 1674
504 1673
503 1672
503 1671
503 1670
503 1669
503 1668
503 1667
503 1666
503 1665
502 1664
502 1663
502 1662
502 1661
502 1660
502 1659
502 1658
501 1657
500 1656
499 1655
498 1654
497 1653
497 1652
496 1651
495 1650
494 1650
493 1650
492 1650
491 1650
490 1650
489 1650
488 1650
487 1650
486 1650
485 1650
484 1650
483 1649
