463 1218
462 1219
461 1219
460 1219
459 1219
458 1220
457 1220
456 1220
455 1221
454 1221
453 1222
452 1223
452 1224
451 1225
450 1226
450 1227
449 1228
448 1229
448 1230
447 1231
447 1232
447 1233
446 1234
446 1235
445 1236
445 1237
444 1238
444 1239
444 1240
443 1241
443 1242
442 1243
442 1244
441 1245
441 1246
440 1247
440 1248
439 1249
439 1250
439 1251
439 1252
438 1253
438 1254
438 1255
437 1256
437 1257
437 1258
437 1259
436 1260
436 1261
436 1262
435 1263
435 1264
435 1265
435 1266
434 1267
434 1268
434 1269
434 1270
433 1271
433 1272
433 1273
433 1274
433 1275
432 1276
432 1277
432 1278
432 1279
432 1280
432 1281
432 1282
432 1283
432 1284
432 1285
432 1286
432 1287
432 1288
432 1289
431 1290
431 1291
431 1292
431 1293
431 1294
431 1295
431 1296
431 1297
431 1298
431 1299
431 1300
431 1301
431 1302
431 1303
431 1304
431 1305
431 1306
431 1307
431 1308
431 1309
430 1310
430 1311
430 1312
430 1313
430 1314
430 1315
430 1316
430 1317
430 1318
430 1319
430 1320
430 1321
430 1322
430 1323
430 1324
429 1325
429 1326
429 1327
429 1328
429 1329
428 1330
428 1331
428 1332
428 1333
427 1334
427 1335
427 1336
427 1337
427 1338
426 1339
426 1340
426 1341
426 1342
426 1343
426 1344
425 1345
425 1346
425 1347
425 1348
425 1349
424 1350
424 1351
424 1352
424 1353
424 1354
423 1355
423 1356
423 1357
423 1358
423 1359
422 1360
422 1361
422 1362
422 1363
422 1364
421 1365
421 1366
421 1367
421 1368
421 1369
421 1370
421 1371
421 1372
421 1373
421 1374
421 1375
421 1376
421 1377
421 1378
421 1379
421 1380
421 1381
422 1382
422 1383
422 1384
422 1385
422 1386
422 1387
422 1388
422 1389
422 1390
422 1391
423 1392
423 1393
423 1394
424 1395
424 1396
424 1397
425 1398
425 1399
425 1400
425 1401
426 1402
426 1403
426 1404
427 1405
427 1406
427 1407
428 1408
428 1409
428 1410
429 1411
429 1412
429 1413
430 1414
430 1415
430 1416
431 1417
431 1418
431 1419
432 1420
432 1421
432 1422
433 1423
433 1424
433 1425
434 1426
434 1427
434 1428
435 1429
435 1430
435 1431
436 1432
436 1433
436 1434
436 1435
437 1436
438 1437
438 1438
439 1439
440 1440
441 1441
441 1442
442 1443
443 1444
443 1445
444 1446
445 1447
445 1448
446 1449
446 1450
446 1451
447 1452
447 1453
448 1454
448 1455
448 1456
449 1457
449 1458
450 1459
450 1460
450 1461
451 1462
451 1463
451 1464
451 1465
451 1466
451 1467
451 1468
451 1469
452 1470
452 1471
452 1472
452 1473
452 1474
453 1475
453 1476
453 1477
453 1478
454 1479
455 1480
455 1481
456 1482
456 1483
457 1484
457 1485
458 1486
458 1487
459 1488
460 1489
460 1490
461 1491
461 1492
462 1493
462 1494
463 1495
464 1495
465 1494
466 1494
467 1494
468 1494
469 1493
470 1493
471 1493
472 1493
473 1492
474 1492
475 1492
476 1492
477 1491
478 1491
479 1490
480 1490
481 1489
482 1488
483 1487
484 1487
485 1486
486 1485
487 1484
488 1483
488 1482
488 1481
489 1480
489 1479
490 1478
490 1477
491 1476
491 1475
491 1474
492 1473
492 1472
492 1471
492 1470
492 1469
493 1468
493 1467
493 1466
493 1465
494 1464
494 1463
494 1462
494 1461
494 1460
494 1459
495 1458
495 1457
495 1456
495 1455
495 1454
495 1453
496 1452
496 1451
496 1450
496 1449
496 1448
496 1447
496 1446
497 1445
497 1444
497 1443
497 1442
497 1441
498 1440
498 1439
498 1438
498 1437
498 1436
499 1435
499 1434
499 1433
499 1432
499 1431
499 1430
500 1429
500 1428
500 1427
500 1426
500 1425
500 1424
500 1423
500 1422
500 1421
500 1420
500 1419
500 1418
500 1417
500 1416
500 1415
500 1414
501 1413
501 1412
501 1411
501 1410
501 1409
501 1408
501 1407
501 1406
501 1405
501 1404
501 1403
501 1402
501 1401
501 1400
501 1399
501 1398
501 1397
501 1396
501 1395
501 1394
501 1393
501 1392
501 1391
501 1390
501 1389
501 1388
501 1387
501 1386
501 1385
501 1384
501 1383
501 1382
501 1381
501 1380
501 1379
501 1378
501 1377
501 1376
501 1375
501 1374
501 1373
501 1372
501 1371
501 1370
501 1369
501 1368
501 1367
501 1366
501 1365
501 1364
501 1363
501 1362
501 1361
501 1360
501 1359
501 1358
501 1357
501 1356
501 1355
501 1354
501 1353
501 1352
500 1351
500 1350
500 1349
500 1348
500 1347
500 1346
500 1345
500 1344
500 1343
500 1342
499 1341
499 1340
499 1339
499 1338
499 1337
499 1336
499 1335
499 1334
499 1333
499 1332
499 1331
499 1330
499 1329
499 1328
499 1327
498 1326
498 1325
498 1324
498 1323
498 1322
498 1321
498 1320
498 1319
498 1318
498 1317
498 1316
498 1315
498 1314
497 1313
497 1312
497 1311
497 1310
497 1309
497 1308
497 1307
497 1306
497 1305
497 1304
497 1303
497 1302
497 1301
497 1300
497 1299
497 1298
496 1297
496 1296
496 1295
496 1294
496 1293
496 1292
496 1291
496 1290
496 1289
496 1288
496 1287
496 1286
496 1285
496 1284
496 1283
496 1282
496 1281
495 1280
495 1279
495 1278
495 1277
495 1276
495 1275
494 1274
494 1273
494 1272
494 1271
494 1270
494 1269
494 1268
494 1267
494 1266
494 1265
493 1264
493 1263
493 1262
493 1261
493 1260
493 1259
493 1258
493 1257
493 1256
492 1255
492 1254
492 1253
492 1252
492 1251
492 1250
492 1249
491 1248
491 1247
491 1246
491 1245
491 1244
490 1243
490 1242
490 1241
490 1240
490 1239
489 1238
489 1237
488 1236
488 1235
488 1234
487 1233
487 1232
486 1231
486 1230
485 1229
484 1228
483 1227
482 1226
481 1225
480 1224
479 1223
478 1223
477 1222
476 1222
475 1222
474 1221
473 1221
472 1220
471 1220
470 1220
469 1220
468 1219
467 1219
466 1219
465 1219
464 1219
463 1218
