491 808
490 809
489 809
488 810
487 810
486 811
485 812
484 812
483 813
482 813
481 814
480 814
479 815
478 815
477 816
477 817
476 818
475 819
474 820
473 821
473 822
472 823
471 824
470 825
470 826
469 827
468 828
468 829
467 830
466 831
465 832
465 833
464 834
463 835
463 836
462 837
461 838
460 839
460 840
459 841
458 842
458 843
457 844
456 845
456 846
455 847
454 848
453 849
453 850
452 851
451 852
451 853
450 854
449 855
449 856
448 857
447 858
446 859
446 860
445 861
444 862
444 863
443 864
442 865
442 866
441 867
440 868
439 869
439 870
438 871
437 872
436 873
435 874
435 875
434 876
433 877
432 878
432 879
431 880
430 881
429 882
429 883
428 884
427 885
426 886
426 887
425 888
424 889
423 890
423 891
422 892
421 893
421 894
420 895
419 896
418 897
418 898
417 899
416 900
415 901
414 902
414 903
414 904
413 905
413 906
412 907
412 908
412 909
411 910
411 911
411 912
411 913
410 914
410 915
410 916
409 917
409 918
409 919
409 920
408 921
408 922
408 923
408 924
407 925
407 926
407 927
406 928
406 929
406 930
405 931
405 932
405 933
405 934
404 935
404 936
404 937
404 938
404 939
404 940
403 941
403 942
403 943
403 944
403 945
403 946
404 947
404 948
405 949
405 950
405 951
406 952
406 953
407 954
407 955
408 956
408 957
408 958
409 959
409 960
410 961
410 962
410 963
411 964
411 965
412 966
412 967
412 968
413 969
413 970
414 971
414 972
414 973
415 974
415 975
416 976
416 977
417 978
417 979
417 980
418 981
418 982
419 983
419 984
419 985
420 986
420 987
421 988
421 989
421 990
422 991
422 992
422 993
423 994
423 995
424 996
424 997
424 998
425 999
425 1000
425 1001
426 1002
426 1003
426 1004
427 1005
427 1006
427 1007
428 1008
428 1009
428 1010
429 1011
429 1012
429 1013
430 1014
430 1015
431 1016
431 1017
431 1018
432 1019
432 1020
432 1021
433 1022
433 1023
434 1024
434 1025
434 1026
435 1027
435 1028
435 1029
436 1030
436 1031
436 1032
437 1033
437 1034
437 1035
438 1036
438 1037
438 1038
439 1039
439 1040
439 1041
439 1042
440 1043
440 1044
440 1045
441 1046
441 1047
442 1048
442 1049
442 1050
442 1051
443 1052
443 1053
443 1054
444 1055
444 1056
444 1057
445 1058
445 1059
445 1060
446 1061
446 1062
446 1063
447 1064
447 1065
447 1066
447 1067
448 1068
448 1069
448 1070
449 1071
449 1072
449 1073
449 1074
450 1075
450 1076
450 1077
451 1078
451 1079
451 1080
452 1081
452 1082
452 1083
453 1084
453 1085
453 1086
454 1087
454 1088
454 1089
455 1090
455 1091
455 1092
456 1093
456 1094
457 1095
457 1096
457 1097
457 1098
458 1099
458 1100
459 1101
459 1102
459 1103
459 1104
460 1105
460 1106
461 1107
461 1108
461 1109
462 1110
462 1111
463 1112
463 1113
464 1114
464 1115
465 1116
466 1117
466 1118
467 1119
468 1120
469 1121
470 1122
471 1123
472 1122
473 1122
474 1122
475 1122
476 1122
477 1122
478 1122
479 1122
480 1122
481 1121
482 1120
483 1119
484 1118
485 1117
486 1116
487 1116
488 1115
489 1114
489 1113
490 1112
491 1111
492 1110
492 1109
493 1108
494 1107
495 1106
495 1105
495 1104
496 1103
496 1102
497 1101
497 1100
498 1099
498 1098
498 1097
499 1096
499 1095
499 1094
499 1093
499 1092
500 1091
500 1090
500 1089
500 1088
501 1087
501 1086
501 1085
501 1084
501 1083
502 1082
502 1081
502 1080
502 1079
503 1078
503 1077
503 1076
503 1075
504 1074
504 1073
504 1072
504 1071
504 1070
505 1069
505 1068
505 1067
505 1066
505 1065
505 1064
505 1063
506 1062
506 1061
506 1060
506 1059
506 1058
506 1057
506 1056
506 1055
506 1054
506 1053
507 1052
507 1051
507 1050
507 1049
507 1048
507 1047
507 1046
507 1045
507 1044
508 1043
508 1042
508 1041
508 1040
508 1039
508 1038
508 1037
508 1036
508 1035
509 1034
509 1033
509 1032
509 1031
509 1030
509 1029
509 1028
509 1027
509 1026
509 1025
509 1024
509 1023
509 1022
509 1021
509 1020
510 1019
510 1018
510 1017
510 1016
510 1015
510 1014
510 1013
510 1012
510 1011
511 1010
511 1009
511 1008
511 1007
511 1006
511 1005
511 1004
511 1003
511 1002
512 1001
512 1000
512 999
512 998
512 997
512 996
512 995
512 994
512 993
512 992
512 991
512 990
512 989
512 988
512 987
513 986
513 985
513 984
513 983
513 982
513 981
513 980
513 979
513 978
513 977
514 976
514 975
514 974
514 973
514 972
514 971
514 970
514 969
514 968
514 967
514 966
514 965
514 964
514 963
514 962
514 961
514 960
514 959
514 958
514 957
514 956
514 955
514 954
514 953
514 952
514 951
514 950
514 949
514 948
515 947
515 946
515 945
515 944
515 943
515 942
515 941
515 940
515 939
515 938
515 937
515 936
515 935
515 934
516 933
516 932
516 931
516 930
516 929
515 928
515 927
515 926
516 925
516 924
516 923
516 922
516 921
516 920
516 919
516 918
515 917
516 916
516 915
516 914
516 913
516 912
516 911
516 910
516 909
516 908
516 907
516 906
516 905
516 904
516 903
516 902
516 901
516 900
516 899
516 898
516 897
516 896
516 895
516 894
516 893
516 892
516 891
516 890
516 889
516 888
516 887
516 886
516 885
516 884
516 883
516 882
516 881
516 880
516 879
516 878
516 877
515 876
515 875
515 874
515 873
515 872
515 871
515 870
515 869
515 868
515 867
515 866
515 865
515 864
515 863
515 862
515 861
514 860
514 859
514 858
514 857
514 856
514 855
514 854
514 853
514 852
514 851
513 850
513 849
513 848
513 847
513 846
513 845
513 844
513 843
512 842
512 841
512 840
512 839
512 838
512 837
512 836
512 835
512 834
512 833
512 832
512 831
511 830
511 829
511 828
511 827
511 826
511 825
510 824
510 823
510 822
510 821
510 820
509 819
509 818
508 817
508 816
508 815
508 814
507 813
506 812
505 812
504 812
503 811
502 811
501 811
500 810
499 810
498 810
497 810
496 809
495 809
494 809
493 808
492 808
491 808
