462 473
461 474
460 474
459 475
458 475
457 475
456 475
455 476
454 476
453 476
452 477
451 477
450 477
449 478
448 478
447 478
446 479
445 479
444 479
443 480
442 480
441 481
440 482
439 482
438 483
437 483
436 484
435 484
434 485
433 486
432 486
431 487
430 488
429 489
428 490
427 490
426 491
425 491
424 492
423 493
422 493
421 494
420 494
419 495
418 496
417 497
416 498
415 498
414 499
413 500
412 501
411 502
410 503
409 504
408 505
407 506
407 507
406 508
406 509
405 510
405 511
404 512
404 513
404 514
403 515
403 516
403 517
402 518
402 519
402 520
402 521
402 522
401 523
401 524
401 525
401 526
400 527
400 528
399 529
399 530
399 531
399 532
398 533
398 534
398 535
398 536
398 537
397 538
397 539
397 540
397 541
397 542
397 543
397 544
396 545
396 546
396 547
396 548
395 549
395 550
395 551
394 552
394 553
394 554
394 555
393 556
393 557
393 558
392 559
392 560
392 561
391 562
391 563
391 564
391 565
390 566
390 567
390 568
389 569
389 570
389 571
389 572
388 573
388 574
388 575
388 576
388 577
387 578
387 579
386 580
386 581
386 582
386 583
386 584
385 585
386 586
386 587
386 588
385 589
385 590
385 591
385 592
385 593
385 594
385 595
384 596
384 597
384 598
384 599
384 600
384 601
384 602
384 603
384 604
384 605
383 606
383 607
383 608
383 609
383 610
383 611
383 612
383 613
383 614
383 615
383 616
383 617
383 618
383 619
383 620
383 621
383 622
383 623
383 624
383 625
383 626
384 627
384 628
384 629
384 630
384 631
384 632
384 633
385 634
385 635
385 636
385 637
385 638
385 639
385 640
385 641
385 642
385 643
385 644
385 645
385 646
385 647
385 648
385 649
385 650
385 651
385 652
385 653
384 654
385 655
385 656
385 657
384 658
384 659
384 660
384 661
384 662
384 663
384 664
384 665
384 666
384 667
384 668
384 669
383 670
383 671
383 672
384 673
384 674
384 675
383 676
384 677
384 678
384 679
384 680
384 681
384 682
384 683
384 684
385 685
385 686
386 687
386 688
386 689
387 690
387 691
388 692
388 693
389 694
390 695
390 696
391 697
392 698
393 699
393 700
394 701
395 701
396 702
397 703
398 704
399 705
400 706
401 707
402 708
403 709
404 710
405 711
406 712
407 712
408 713
409 714
410 715
411 716
412 716
413 717
414 717
415 718
416 718
417 719
418 719
419 720
420 720
421 721
422 721
423 722
424 722
425 723
426 724
427 724
428 725
429 725
430 725
431 726
432 727
433 728
434 729
435 729
436 730
437 731
438 732
439 733
440 733
441 734
442 735
443 736
444 737
445 737
446 737
447 737
448 737
449 738
450 737
451 737
452 737
453 738
454 738
455 738
456 738
457 738
458 738
459 738
460 739
461 739
462 739
463 740
464 740
465 740
466 741
467 741
468 741
469 741
470 742
471 742
472 742
473 743
474 743
475 743
476 743
477 743
478 742
479 742
480 742
481 741
482 741
483 741
484 741
485 740
486 739
487 738
488 737
489 736
490 735
491 734
492 733
493 732
494 731
494 730
495 729
496 728
497 727
497 726
497 725
498 724
498 723
498 722
499 721
500 720
500 719
500 718
500 717
500 716
500 715
500 714
500 713
500 712
500 711
500 710
500 709
500 708
500 707
500 706
500 705
500 704
501 703
500 702
500 701
500 700
501 699
501 698
501 697
501 696
501 695
501 694
501 693
502 692
502 691
502 690
502 689
502 688
502 687
503 686
503 685
503 684
503 683
503 682
503 681
503 680
503 679
503 678
503 677
503 676
503 675
503 674
503 673
503 672
503 671
503 670
503 669
503 668
503 667
503 666
503 665
503 664
504 663
504 662
504 661
503 660
504 659
504 658
504 657
504 656
504 655
504 654
504 653
504 652
504 651
504 650
504 649
504 648
504 647
504 646
504 645
504 644
504 643
504 642
504 641
505 640
504 639
504 638
504 637
505 636
505 635
505 634
505 633
504 632
504 631
505 630
505 629
505 628
505 627
505 626
505 625
505 624
505 623
505 622
505 621
505 620
505 619
505 618
505 617
505 616
505 615
505 614
505 613
506 612
506 611
506 610
506 609
506 608
506 607
506 606
506 605
506 604
505 603
505 602
505 601
506 600
506 599
505 598
505 597
505 596
505 595
505 594
505 593
505 592
505 591
505 590
505 589
505 588
505 587
504 586
504 585
505 584
505 583
505 582
505 581
505 580
505 579
505 578
505 577
505 576
505 575
505 574
505 573
505 572
505 571
505 570
505 569
505 568
505 567
505 566
505 565
505 564
505 563
505 562
505 561
505 560
505 559
505 558
505 557
505 556
505 555
505 554
505 553
505 552
505 551
505 550
505 549
505 548
505 547
505 546
505 545
505 544
505 543
505 542
505 541
504 540
504 539
504 538
504 537
504 536
504 535
504 534
504 533
504 532
504 531
504 530
504 529
504 528
504 527
504 526
504 525
504 524
504 523
503 522
504 521
504 520
504 519
504 518
504 517
504 516
504 515
504 514
504 513
504 512
504 511
504 510
504 509
504 508
504 507
504 506
504 505
504 504
504 503
504 502
504 501
504 500
503 499
503 498
504 497
503 496
503 495
503 494
502 493
502 492
502 491
502 490
501 489
501 488
500 487
500 486
499 485
498 484
497 484
496 483
495 482
494 482
493 481
492 481
491 480
490 480
489 479
488 479
487 479
486 478
485 478
484 477
483 477
482 477
481 476
480 476
479 475
478 475
477 475
476 474
475 474
474 474
473 473
472 473
471 473
470 473
469 473
468 473
467 473
466 473
465 473
464 473
463 473
462 473
