480 28
479 29
478 29
477 30
476 31
475 32
474 33
473 33
472 34
472 35
471 36
470 37
469 38
468 39
467 40
467 41
467 42
466 43
466 44
466 45
466 46
466 47
466 48
465 49
465 50
465 51
465 52
465 53
464 54
464 55
464 56
464 57
464 58
463 59
463 60
463 61
463 62
463 63
463 64
462 65
462 66
462 67
462 68
462 69
462 70
462 71
461 72
461 73
461 74
461 75
461 76
461 77
461 78
460 79
460 80
460 81
460 82
460 83
460 84
460 85
459 86
459 87
459 88
459 89
459 90
459 91
458 92
458 93
458 94
458 95
458 96
458 97
457 98
457 99
457 100
457 101
457 102
456 103
456 104
456 105
456 106
455 107
455 108
455 109
455 110
455 111
454 112
454 113
454 114
454 115
453 116
453 117
453 118
452 119
452 120
452 121
451 122
451 123
451 124
451 125
451 126
450 127
450 128
450 129
450 130
450 131
449 132
449 133
449 134
449 135
449 136
448 137
448 138
448 139
448 140
448 141
447 142
447 143
447 144
447 145
446 146
446 147
446 148
446 149
446 150
445 151
445 152
445 153
445 154
444 155
444 156
444 157
444 158
444 159
443 160
443 161
443 162
443 163
443 164
442 165
442 166
442 167
442 168
442 169
441 170
441 171
441 172
441 173
440 174
440 175
440 176
440 177
439 178
439 179
439 180
438 181
438 182
438 183
437 184
437 185
437 186
436 187
436 188
436 189
435 190
435 191
435 192
435 193
434 194
434 195
434 196
433 197
433 198
433 199
432 200
432 201
431 202
431 203
431 204
430 205
430 206
430 207
429 208
429 209
429 210
428 211
428 212
428 213
427 214
427 215
427 216
426 217
426 218
426 219
425 220
425 221
424 222
424 223
424 224
423 225
423 226
423 227
422 228
422 229
422 230
421 231
421 232
421 233
420 234
420 235
420 236
419 237
419 238
418 239
418 240
417 241
417 242
416 243
416 244
415 245
415 246
414 247
414 248
414 249
413 250
413 251
413 252
412 253
412 254
412 255
411 256
411 257
411 258
410 259
410 260
410 261
409 262
409 263
409 264
409 265
409 266
409 267
409 268
409 269
409 270
409 271
409 272
409 273
410 274
410 275
410 276
411 277
411 278
411 279
412 280
412 281
413 282
413 283
414 284
414 285
414 286
415 287
415 288
415 289
416 290
416 291
416 292
417 293
417 294
417 295
418 296
418 297
419 298
419 299
419 300
420 301
420 302
420 303
421 304
421 305
421 306
422 307
422 308
422 309
423 310
423 311
424 312
424 313
424 314
425 315
425 316
426 317
426 318
427 319
427 320
428 321
428 322
429 323
429 324
429 325
430 326
430 327
431 328
431 329
432 330
432 331
433 332
433 333
434 334
434 335
435 336
435 337
435 338
436 339
436 340
437 341
437 342
438 343
438 344
439 345
439 346
440 347
440 348
440 349
441 350
441 351
441 352
442 353
442 354
442 355
443 356
443 357
444 358
444 359
444 360
445 361
445 362
445 363
446 364
446 365
447 366
447 367
447 368
448 369
448 370
448 371
449 372
449 373
450 374
450 375
450 376
451 377
451 378
451 379
452 380
452 381
453 382
453 383
453 384
454 385
454 386
454 387
455 388
455 389
455 390
456 391
456 392
456 393
457 394
457 395
457 396
458 397
458 398
458 399
459 400
459 401
459 402
460 403
460 404
460 405
461 406
462 407
463 408
463 409
464 410
465 411
465 412
466 413
467 414
468 415
469 415
470 416
471 416
472 417
473 417
474 418
475 418
476 419
477 418
478 418
479 418
480 418
481 418
482 418
483 418
484 418
485 417
486 417
487 416
488 416
489 415
490 415
491 414
492 414
493 413
494 412
495 411
496 410
497 409
498 408
499 407
499 406
500 405
500 404
501 403
501 402
502 401
502 400
503 399
503 398
504 397
504 396
504 395
504 394
505 393
505 392
505 391
505 390
506 389
506 388
506 387
506 386
506 385
507 384
507 383
507 382
507 381
507 380
507 379
507 378
507 377
507 376
507 375
507 374
508 373
508 372
508 371
508 370
508 369
508 368
508 367
508 366
508 365
508 364
508 363
509 362
509 361
509 360
509 359
509 358
509 357
509 356
509 355
509 354
509 353
509 352
510 351
510 350
510 349
510 348
510 347
510 346
510 345
510 344
510 343
510 342
511 341
511 340
511 339
511 338
511 337
511 336
511 335
511 334
511 333
511 332
511 331
511 330
511 329
511 328
511 327
511 326
511 325
511 324
511 323
511 322
511 321
511 320
511 319
511 318
511 317
511 316
512 315
512 314
512 313
512 312
512 311
512 310
512 309
512 308
512 307
512 306
512 305
512 304
512 303
512 302
512 301
512 300
512 299
512 298
512 297
512 296
512 295
512 294
512 293
512 292
512 291
512 290
512 289
512 288
512 287
512 286
512 285
512 284
512 283
512 282
512 281
512 280
513 279
513 278
513 277
513 276
513 275
513 274
513 273
513 272
513 271
513 270
513 269
513 268
512 267
512 266
512 265
512 264
512 263
512 262
512 261
512 260
512 259
512 258
512 257
512 256
512 255
512 254
512 253
512 252
512 251
512 250
512 249
512 248
512 247
512 246
512 245
512 244
512 243
512 242
512 241
512 240
512 239
512 238
512 237
512 236
512 235
512 234
512 233
512 232
512 231
511 230
511 229
511 228
511 227
511 226
511 225
511 224
511 223
511 222
511 221
511 220
511 219
511 218
511 217
510 216
510 215
510 214
510 213
510 212
510 211
510 210
510 209
510 208
510 207
510 206
510 205
510 204
510 203
510 202
510 201
510 200
510 199
510 198
510 197
510 196
510 195
510 194
510 193
509 192
509 191
509 190
509 189
509 188
509 187
509 186
509 185
509 184
509 183
508 182
508 181
508 180
508 179
508 178
508 177
508 176
508 175
508 174
508 173
508 172
508 171
508 170
507 169
507 168
507 167
507 166
507 165
507 164
507 163
507 162
507 161
507 160
507 159
507 158
507 157
506 156
506 155
506 154
506 153
506 152
506 151
506 150
506 149
506 148
506 147
506 146
506 145
506 144
506 143
506 142
505 141
505 140
505 139
505 138
505 137
505 136
505 135
505 134
505 133
504 132
504 131
504 130
504 129
504 128
504 127
504 126
504 125
504 124
503 123
503 122
503 121
503 120
503 119
503 118
503 117
503 116
503 115
503 114
503 113
503 112
503 111
502 110
502 109
502 108
502 107
502 106
502 105
502 104
502 103
502 102
502 101
502 100
502 99
501 98
501 97
501 96
501 95
501 94
501 93
501 92
501 91
501 90
501 89
500 88
500 87
500 86
500 85
500 84
500 83
500 82
500 81
500 80
500 79
499 78
499 77
499 76
499 75
499 74
499 73
499 72
499 71
499 70
499 69
499 68
498 67
498 66
498 65
498 64
498 63
498 62
498 61
498 60
498 59
498 58
498 57
498 56
497 55
497 54
497 53
497 52
497 51
497 50
497 49
497 48
496 47
496 46
496 45
495 44
495 43
495 42
495 41
494 40
494 39
494 38
493 37
493 36
493 35
492 34
492 33
491 32
491 31
490 30
489 30
488 29
487 29
486 29
485 29
484 29
483 29
482 29
481 28
480 28
