318 2199
317 2200
316 2200
315 2200
314 2200
313 2201
312 2201
311 2201
310 2202
309 2202
308 2203
307 2203
306 2204
305 2204
304 2205
303 2206
302 2206
301 2207
300 2208
299 2209
298 2209
297 2210
296 2211
295 2212
294 2213
293 2214
292 2215
291 2216
290 2217
289 2218
289 2219
288 2220
287 2221
287 2222
286 2223
285 2224
285 2225
284 2226
284 2227
284 2228
283 2229
283 2230
282 2231
282 2232
281 2233
281 2234
280 2235
280 2236
280 2237
279 2238
279 2239
278 2240
278 2241
277 2242
277 2243
276 2244
276 2245
275 2246
275 2247
274 2248
274 2249
273 2250
273 2251
273 2252
272 2253
272 2254
271 2255
271 2256
270 2257
270 2258
270 2259
269 2260
269 2261
268 2262
268 2263
267 2264
267 2265
267 2266
266 2267
266 2268
266 2269
265 2270
265 2271
264 2272
264 2273
264 2274
263 2275
263 2276
262 2277
262 2278
261 2279
261 2280
260 2281
260 2282
259 2283
259 2284
258 2285
258 2286
257 2287
257 2288
256 2289
256 2290
255 2291
255 2292
255 2293
254 2294
254 2295
253 2296
253 2297
252 2298
252 2299
252 2300
251 2301
251 2302
250 2303
250 2304
250 2305
249 2306
249 2307
249 2308
249 2309
248 2310
248 2311
247 2312
247 2313
247 2314
247 2315
247 2316
247 2317
247 2318
247 2319
247 2320
247 2321
247 2322
247 2323
248 2324
248 2325
248 2326
248 2327
248 2328
248 2329
248 2330
249 2331
249 2332
249 2333
249 2334
249 2335
249 2336
250 2337
250 2338
250 2339
250 2340
250 2341
251 2342
251 2343
251 2344
251 2345
251 2346
251 2347
251 2348
252 2349
252 2350
252 2351
252 2352
252 2353
252 2354
253 2355
253 2356
253 2357
253 2358
254 2359
254 2360
254 2361
254 2362
254 2363
254 2364
255 2365
255 2366
255 2367
255 2368
255 2369
255 2370
256 2371
256 2372
256 2373
256 2374
257 2375
257 2376
257 2377
257 2378
257 2379
258 2380
258 2381
258 2382
258 2383
259 2384
259 2385
259 2386
259 2387
260 2388
260 2389
260 2390
261 2391
261 2392
261 2393
262 2394
262 2395
262 2396
263 2397
263 2398
263 2399
264 2400
264 2401
264 2402
264 2403
265 2404
265 2405
265 2406
265 2407
266 2408
266 2409
266 2410
266 2411
266 2412
267 2413
267 2414
267 2415
268 2416
268 2417
268 2418
268 2419
269 2420
269 2421
269 2422
269 2423
270 2424
270 2425
270 2426
271 2427
271 2428
271 2429
271 2430
271 2431
272 2432
272 2433
272 2434
273 2435
273 2436
273 2437
273 2438
274 2439
274 2440
274 2441
275 2442
275 2443
275 2444
275 2445
276 2446
276 2447
276 2448
277 2449
277 2450
277 2451
277 2452
277 2453
278 2454
278 2455
278 2456
279 2457
279 2458
279 2459
279 2460
280 2461
280 2462
280 2463
280 2464
281 2465
281 2466
281 2467
282 2468
282 2469
282 2470
283 2471
283 2472
284 2473
284 2474
284 2475
285 2476
285 2477
286 2478
286 2479
287 2480
288 2480
289 2480
290 2481
291 2481
292 2482
293 2482
294 2482
295 2482
296 2481
297 2481
298 2482
299 2482
300 2482
301 2482
302 2482
303 2482
304 2481
305 2481
306 2480
307 2479
308 2478
309 2477
310 2476
311 2475
312 2474
313 2473
314 2472
315 2471
315 2470
316 2469
317 2468
318 2467
319 2466
319 2465
320 2464
320 2463
321 2462
321 2461
322 2460
323 2459
323 2458
324 2457
324 2456
325 2455
325 2454
326 2453
326 2452
326 2451
327 2450
327 2449
327 2448
328 2447
328 2446
328 2445
328 2444
329 2443
329 2442
329 2441
329 2440
329 2439
329 2438
330 2437
330 2436
330 2435
330 2434
330 2433
331 2432
331 2431
331 2430
331 2429
331 2428
332 2427
332 2426
332 2425
332 2424
332 2423
332 2422
332 2421
333 2420
333 2419
333 2418
333 2417
333 2416
333 2415
333 2414
333 2413
334 2412
334 2411
334 2410
334 2409
334 2408
334 2407
334 2406
334 2405
334 2404
335 2403
335 2402
335 2401
335 2400
335 2399
335 2398
335 2397
335 2396
336 2395
336 2394
336 2393
336 2392
336 2391
336 2390
336 2389
336 2388
337 2387
337 2386
337 2385
337 2384
337 2383
337 2382
337 2381
337 2380
338 2379
338 2378
338 2377
338 2376
338 2375
338 2374
338 2373
338 2372
338 2371
339 2370
339 2369
339 2368
339 2367
339 2366
339 2365
339 2364
339 2363
339 2362
339 2361
339 2360
339 2359
339 2358
339 2357
339 2356
340 2355
340 2354
340 2353
340 2352
340 2351
340 2350
340 2349
340 2348
340 2347
340 2346
340 2345
340 2344
340 2343
340 2342
340 2341
340 2340
340 2339
340 2338
340 2337
340 2336
340 2335
340 2334
340 2333
340 2332
341 2331
341 2330
341 2329
341 2328
341 2327
341 2326
341 2325
341 2324
341 2323
341 2322
341 2321
341 2320
341 2319
341 2318
340 2317
340 2316
340 2315
340 2314
340 2313
340 2312
340 2311
340 2310
340 2309
340 2308
340 2307
340 2306
340 2305
340 2304
340 2303
340 2302
340 2301
340 2300
340 2299
340 2298
340 2297
340 2296
340 2295
340 2294
340 2293
340 2292
340 2291
340 2290
340 2289
340 2288
340 2287
340 2286
340 2285
340 2284
340 2283
340 2282
340 2281
340 2280
340 2279
340 2278
340 2277
340 2276
340 2275
340 2274
340 2273
340 2272
340 2271
340 2270
340 2269
339 2268
339 2267
339 2266
339 2265
339 2264
339 2263
339 2262
339 2261
339 2260
339 2259
339 2258
339 2257
339 2256
339 2255
339 2254
339 2253
338 2252
338 2251
338 2250
338 2249
338 2248
338 2247
338 2246
338 2245
338 2244
337 2243
337 2242
337 2241
337 2240
337 2239
337 2238
337 2237
337 2236
337 2235
337 2234
337 2233
336 2232
336 2231
336 2230
336 2229
336 2228
336 2227
336 2226
336 2225
336 2224
336 2223
336 2222
336 2221
336 2220
335 2219
335 2218
335 2217
335 2216
335 2215
335 2214
335 2213
335 2212
334 2211
334 2210
333 2209
333 2208
333 2207
332 2206
332 2205
332 2204
331 2203
330 2203
329 2202
328 2202
327 2201
326 2201
325 2200
324 2200
323 2199
322 2199
321 2199
320 2199
319 2199
318 2199
