304 1927
303 1928
302 1929
301 1930
300 1930
299 1931
298 1932
297 1933
296 1934
295 1935
294 1936
293 1937
292 1938
291 1939
290 1940
289 1941
289 1942
288 1943
287 1944
286 1945
286 1946
285 1947
284 1948
284 1949
283 1950
282 1951
282 1952
281 1953
281 1954
280 1955
279 1956
279 1957
278 1958
278 1959
277 1960
277 1961
276 1962
276 1963
275 1964
275 1965
274 1966
273 1967
272 1968
271 1969
270 1970
269 1971
268 1972
267 1973
266 1974
266 1975
265 1976
264 1977
264 1978
263 1979
262 1980
262 1981
261 1982
260 1983
260 1984
259 1985
259 1986
258 1987
257 1988
257 1989
256 1990
255 1991
254 1992
254 1993
253 1994
252 1995
251 1996
250 1997
250 1998
249 1999
249 2000
248 2001
248 2002
247 2003
247 2004
246 2005
246 2006
245 2007
245 2008
245 2009
245 2010
245 2011
245 2012
245 2013
244 2014
244 2015
244 2016
244 2017
244 2018
244 2019
244 2020
244 2021
244 2022
244 2023
244 2024
243 2025
243 2026
243 2027
243 2028
243 2029
243 2030
243 2031
243 2032
243 2033
243 2034
244 2035
244 2036
244 2037
244 2038
244 2039
244 2040
244 2041
244 2042
245 2043
245 2044
244 2045
244 2046
245 2047
245 2048
245 2049
245 2050
245 2051
245 2052
245 2053
246 2054
246 2055
246 2056
246 2057
246 2058
247 2059
247 2060
248 2061
248 2062
248 2063
248 2064
249 2065
249 2066
250 2067
250 2068
250 2069
251 2070
251 2071
252 2072
253 2073
253 2074
254 2075
255 2076
255 2077
256 2078
257 2079
257 2080
258 2081
259 2082
259 2083
260 2084
261 2085
261 2086
262 2087
262 2088
263 2089
264 2090
265 2091
265 2092
266 2093
266 2094
267 2095
268 2096
268 2097
269 2098
269 2099
270 2100
271 2101
272 2102
272 2103
273 2104
274 2105
274 2106
275 2107
276 2108
277 2109
278 2110
279 2111
280 2112
281 2113
282 2114
283 2115
284 2116
285 2117
286 2118
286 2119
287 2120
288 2121
288 2122
289 2123
290 2124
291 2125
291 2126
292 2127
293 2128
294 2129
294 2130
295 2131
296 2132
297 2132
298 2133
298 2134
299 2134
300 2135
301 2136
302 2137
303 2137
304 2137
305 2138
306 2138
307 2138
308 2138
309 2139
310 2139
311 2139
312 2140
313 2139
314 2140
315 2140
316 2140
317 2140
318 2140
319 2140
320 2140
321 2140
322 2140
322 2139
323 2138
324 2137
325 2136
326 2135
326 2134
327 2133
328 2132
328 2131
329 2130
329 2129
329 2128
329 2127
329 2126
330 2125
330 2124
330 2123
330 2122
330 2121
331 2120
331 2119
331 2118
331 2117
331 2116
331 2115
331 2114
332 2113
332 2112
332 2111
332 2110
332 2109
332 2108
332 2107
333 2106
333 2105
333 2104
333 2103
333 2102
333 2101
333 2100
333 2099
333 2098
333 2097
333 2096
333 2095
333 2094
333 2093
333 2092
333 2091
333 2090
333 2089
333 2088
333 2087
333 2086
333 2085
333 2084
333 2083
333 2082
334 2081
334 2080
334 2079
334 2078
334 2077
334 2076
334 2075
335 2074
335 2073
335 2072
335 2071
335 2070
335 2069
335 2068
335 2067
335 2066
335 2065
335 2064
335 2063
335 2062
335 2061
335 2060
335 2059
335 2058
335 2057
335 2056
335 2055
335 2054
335 2053
335 2052
335 2051
335 2050
336 2049
335 2048
335 2047
335 2046
335 2045
336 2044
336 2043
336 2042
336 2041
335 2040
336 2039
336 2038
336 2037
336 2036
336 2035
336 2034
336 2033
336 2032
336 2031
336 2030
336 2029
335 2028
336 2027
336 2026
336 2025
336 2024
335 2023
335 2022
335 2021
335 2020
335 2019
335 2018
335 2017
335 2016
335 2015
335 2014
335 2013
335 2012
335 2011
335 2010
335 2009
335 2008
335 2007
335 2006
335 2005
335 2004
335 2003
335 2002
335 2001
335 2000
334 1999
334 1998
334 1997
334 1996
334 1995
334 1994
334 1993
333 1992
333 1991
333 1990
333 1989
334 1988
334 1987
334 1986
334 1985
334 1984
334 1983
334 1982
334 1981
334 1980
334 1979
333 1978
333 1977
333 1976
333 1975
333 1974
333 1973
332 1972
332 1971
332 1970
332 1969
332 1968
332 1967
331 1966
331 1965
331 1964
332 1963
331 1962
331 1961
331 1960
331 1959
331 1958
331 1957
330 1956
330 1955
329 1954
329 1953
329 1952
329 1951
329 1950
329 1949
328 1948
328 1947
328 1946
328 1945
327 1944
327 1943
326 1942
326 1941
326 1940
326 1939
325 1938
325 1937
324 1936
324 1935
324 1934
323 1933
323 1932
322 1932
321 1931
320 1930
319 1929
318 1929
317 1928
316 1927
315 1927
314 1927
313 1927
312 1927
311 1927
310 1927
309 1927
308 1928
307 1928
306 1928
305 1927
304 1927
