365 1418
364 1419
363 1419
362 1420
361 1421
360 1422
359 1422
358 1423
357 1424
357 1425
356 1426
356 1427
355 1428
354 1429
354 1430
353 1431
353 1432
352 1433
352 1434
351 1435
350 1436
350 1437
349 1438
349 1439
348 1440
348 1441
347 1442
346 1443
346 1444
345 1445
345 1446
344 1447
344 1448
343 1449
343 1450
342 1451
342 1452
341 1453
340 1454
340 1455
339 1456
339 1457
338 1458
338 1459
337 1460
336 1461
336 1462
335 1463
335 1464
334 1465
334 1466
333 1467
332 1468
332 1469
331 1470
331 1471
330 1472
330 1473
329 1474
328 1475
328 1476
327 1477
327 1478
326 1479
325 1480
325 1481
324 1482
324 1483
323 1484
322 1485
322 1486
321 1487
321 1488
320 1489
319 1490
318 1491
318 1492
317 1493
317 1494
316 1495
315 1496
315 1497
314 1498
314 1499
313 1500
312 1501
312 1502
311 1503
310 1504
310 1505
309 1506
309 1507
308 1508
307 1509
306 1510
306 1511
305 1512
305 1513
304 1514
303 1515
302 1516
302 1517
301 1518
300 1519
300 1520
299 1521
298 1522
298 1523
297 1524
296 1525
295 1526
295 1527
294 1528
293 1529
293 1530
292 1531
291 1532
291 1533
290 1534
289 1535
289 1536
288 1537
287 1538
287 1539
286 1540
286 1541
285 1542
284 1543
284 1544
283 1545
282 1546
282 1547
281 1548
280 1549
280 1550
279 1551
278 1552
278 1553
277 1554
277 1555
276 1556
275 1557
274 1558
274 1559
273 1560
273 1561
272 1562
271 1563
270 1564
270 1565
269 1566
269 1567
268 1568
267 1569
266 1570
265 1571
264 1572
263 1573
262 1574
261 1575
260 1576
260 1577
259 1578
258 1579
257 1580
256 1581
255 1582
254 1583
254 1584
253 1585
252 1586
251 1587
250 1588
249 1589
249 1590
248 1591
247 1592
246 1593
245 1594
244 1595
244 1596
243 1597
242 1598
241 1599
240 1600
239 1601
238 1602
237 1603
237 1604
236 1605
235 1606
234 1607
233 1608
232 1609
231 1610
230 1611
230 1612
229 1613
228 1614
227 1615
226 1616
225 1617
224 1618
223 1619
223 1620
222 1621
221 1622
220 1623
219 1624
218 1625
217 1626
216 1627
215 1628
214 1629
213 1630
212 1631
211 1632
210 1633
209 1634
209 1635
208 1636
207 1637
206 1638
205 1639
204 1640
203 1641
202 1642
201 1643
200 1644
199 1645
198 1646
198 1647
197 1648
196 1649
195 1650
194 1651
193 1652
192 1653
192 1654
191 1655
190 1656
190 1657
189 1658
188 1659
188 1660
187 1661
186 1662
186 1663
185 1664
185 1665
184 1666
184 1667
184 1668
183 1669
183 1670
182 1671
182 1672
182 1673
181 1674
181 1675
181 1676
181 1677
181 1678
181 1679
181 1680
180 1681
181 1682
181 1683
181 1684
180 1685
180 1686
180 1687
180 1688
180 1689
180 1690
180 1691
179 1692
179 1693
179 1694
179 1695
179 1696
179 1697
179 1698
179 1699
178 1700
178 1701
178 1702
178 1703
178 1704
178 1705
178 1706
178 1707
178 1708
178 1709
178 1710
178 1711
178 1712
178 1713
178 1714
178 1715
178 1716
177 1717
177 1718
177 1719
177 1720
177 1721
177 1722
177 1723
177 1724
177 1725
177 1726
177 1727
177 1728
176 1729
176 1730
176 1731
176 1732
176 1733
176 1734
176 1735
176 1736
175 1737
176 1738
176 1739
176 1740
175 1741
175 1742
175 1743
175 1744
175 1745
175 1746
175 1747
175 1748
174 1749
174 1750
174 1751
174 1752
174 1753
174 1754
174 1755
174 1756
174 1757
174 1758
174 1759
174 1760
174 1761
174 1762
174 1763
174 1764
174 1765
174 1766
174 1767
174 1768
174 1769
174 1770
175 1771
175 1772
175 1773
175 1774
175 1775
176 1776
176 1777
176 1778
177 1779
177 1780
177 1781
177 1782
178 1783
178 1784
178 1785
178 1786
178 1787
179 1788
179 1789
179 1790
179 1791
180 1792
180 1793
180 1794
181 1795
181 1796
181 1797
182 1798
182 1799
182 1800
183 1801
183 1802
184 1803
184 1804
184 1805
185 1806
185 1807
185 1808
186 1809
186 1810
186 1811
187 1812
188 1813
188 1814
189 1815
189 1816
190 1817
190 1818
190 1819
191 1820
192 1821
192 1822
193 1823
193 1824
193 1825
194 1826
195 1827
195 1828
195 1829
196 1830
196 1831
197 1832
197 1833
198 1834
199 1835
199 1836
199 1837
200 1838
200 1839
201 1840
202 1841
202 1842
202 1843
203 1844
203 1845
204 1846
204 1847
204 1848
205 1849
205 1850
206 1851
206 1852
206 1853
207 1854
207 1855
208 1856
208 1857
208 1858
209 1859
209 1860
210 1861
210 1862
210 1863
211 1864
211 1865
212 1866
212 1867
213 1868
213 1869
214 1870
214 1871
215 1872
216 1873
217 1874
217 1875
218 1876
219 1877
220 1878
221 1879
222 1880
223 1881
224 1882
225 1882
226 1883
226 1884
227 1884
228 1884
229 1884
230 1884
231 1884
232 1884
233 1884
234 1884
235 1884
236 1884
237 1884
238 1884
239 1883
240 1883
241 1883
242 1883
243 1882
244 1882
245 1882
246 1882
247 1881
248 1881
249 1881
250 1881
251 1880
252 1880
253 1880
254 1879
255 1879
256 1879
257 1879
258 1878
259 1878
260 1878
261 1877
262 1877
263 1877
264 1877
265 1876
266 1876
267 1875
268 1875
269 1875
270 1875
271 1874
272 1874
273 1873
274 1873
275 1872
276 1872
277 1872
278 1871
279 1871
280 1870
281 1870
282 1869
283 1869
284 1868
285 1868
286 1867
287 1867
288 1866
289 1866
290 1866
291 1865
292 1865
293 1864
294 1864
295 1863
296 1863
297 1862
298 1862
299 1862
300 1861
301 1861
302 1861
303 1860
304 1860
305 1859
306 1859
307 1858
308 1858
309 1858
310 1857
311 1857
312 1856
313 1856
314 1855
315 1855
316 1854
317 1854
318 1853
319 1853
320 1852
321 1852
322 1852
323 1851
324 1851
325 1850
326 1850
327 1849
328 1849
329 1849
330 1848
331 1847
332 1846
333 1846
334 1845
335 1844
336 1843
337 1843
338 1842
339 1841
340 1840
341 1839
342 1838
343 1837
344 1836
345 1835
346 1834
347 1833
348 1832
349 1831
350 1830
351 1829
351 1828
352 1827
353 1826
354 1826
355 1825
355 1824
356 1823
357 1822
358 1821
359 1820
360 1819
361 1818
362 1817
363 1816
364 1815
365 1814
366 1813
367 1812
368 1811
369 1810
370 1809
370 1808
371 1807
372 1806
372 1805
373 1804
373 1803
374 1802
375 1801
375 1800
376 1799
376 1798
376 1797
376 1796
377 1795
377 1794
377 1793
378 1792
378 1791
378 1790
378 1789
378 1788
379 1787
379 1786
379 1785
379 1784
379 1783
379 1782
379 1781
379 1780
379 1779
379 1778
379 1777
379 1776
379 1775
379 1774
379 1773
380 1772
380 1771
380 1770
380 1769
380 1768
380 1767
380 1766
381 1765
381 1764
381 1763
381 1762
381 1761
381 1760
381 1759
382 1758
382 1757
382 1756
382 1755
382 1754
382 1753
382 1752
382 1751
382 1750
382 1749
383 1748
383 1747
383 1746
383 1745
383 1744
383 1743
383 1742
383 1741
383 1740
384 1739
384 1738
384 1737
384 1736
384 1735
384 1734
384 1733
384 1732
384 1731
384 1730
384 1729
385 1728
385 1727
385 1726
385 1725
385 1724
385 1723
386 1722
386 1721
386 1720
386 1719
386 1718
386 1717
386 1716
386 1715
386 1714
386 1713
386 1712
387 1711
387 1710
387 1709
387 1708
387 1707
387 1706
387 1705
387 1704
387 1703
387 1702
387 1701
387 1700
387 1699
387 1698
388 1697
388 1696
387 1695
387 1694
387 1693
388 1692
388 1691
388 1690
388 1689
388 1688
388 1687
388 1686
388 1685
388 1684
388 1683
388 1682
388 1681
388 1680
389 1679
389 1678
389 1677
389 1676
389 1675
389 1674
389 1673
389 1672
389 1671
389 1670
389 1669
389 1668
389 1667
390 1666
390 1665
389 1664
389 1663
389 1662
390 1661
390 1660
390 1659
390 1658
390 1657
390 1656
390 1655
390 1654
390 1653
390 1652
390 1651
390 1650
390 1649
390 1648
391 1647
391 1646
391 1645
391 1644
391 1643
391 1642
391 1641
391 1640
391 1639
391 1638
391 1637
391 1636
391 1635
391 1634
391 1633
391 1632
391 1631
391 1630
391 1629
391 1628
391 1627
391 1626
391 1625
391 1624
391 1623
391 1622
391 1621
391 1620
391 1619
391 1618
391 1617
392 1616
391 1615
391 1614
391 1613
391 1612
391 1611
392 1610
392 1609
392 1608
391 1607
391 1606
392 1605
392 1604
392 1603
392 1602
392 1601
392 1600
392 1599
392 1598
392 1597
392 1596
392 1595
392 1594
392 1593
392 1592
393 1591
393 1590
392 1589
392 1588
393 1587
393 1586
393 1585
393 1584
393 1583
393 1582
393 1581
392 1580
393 1579
393 1578
393 1577
392 1576
392 1575
393 1574
393 1573
393 1572
393 1571
393 1570
392 1569
392 1568
393 1567
393 1566
392 1565
392 1564
392 1563
392 1562
392 1561
392 1560
392 1559
392 1558
392 1557
392 1556
392 1555
392 1554
392 1553
392 1552
391 1551
391 1550
391 1549
391 1548
391 1547
391 1546
391 1545
391 1544
391 1543
391 1542
391 1541
391 1540
391 1539
391 1538
391 1537
391 1536
391 1535
391 1534
391 1533
391 1532
391 1531
391 1530
391 1529
391 1528
391 1527
391 1526
391 1525
391 1524
391 1523
391 1522
391 1521
391 1520
391 1519
391 1518
391 1517
391 1516
391 1515
391 1514
391 1513
391 1512
391 1511
391 1510
390 1509
390 1508
390 1507
390 1506
390 1505
390 1504
390 1503
390 1502
390 1501
390 1500
390 1499
390 1498
390 1497
390 1496
389 1495
389 1494
389 1493
389 1492
389 1491
389 1490
389 1489
388 1488
389 1487
388 1486
389 1485
388 1484
388 1483
388 1482
388 1481
388 1480
388 1479
388 1478
388 1477
387 1476
387 1475
387 1474
387 1473
387 1472
387 1471
387 1470
387 1469
387 1468
387 1467
387 1466
386 1465
386 1464
386 1463
386 1462
386 1461
386 1460
386 1459
385 1458
385 1457
385 1456
385 1455
385 1454
385 1453
385 1452
385 1451
384 1450
384 1449
384 1448
384 1447
384 1446
384 1445
384 1444
383 1443
383 1442
383 1441
383 1440
383 1439
382 1438
382 1437
382 1436
382 1435
381 1434
381 1433
381 1432
380 1431
380 1430
380 1429
379 1428
378 1427
378 1426
377 1425
377 1424
376 1423
375 1422
375 1421
374 1421
373 1420
372 1420
371 1419
370 1419
369 1419
368 1419
367 1418
366 1418
365 1418
