260 1122
259 1123
258 1123
257 1123
256 1123
255 1123
254 1123
253 1123
252 1123
251 1124
250 1125
249 1126
248 1127
247 1128
246 1129
245 1130
245 1131
245 1132
244 1133
244 1134
243 1135
243 1136
243 1137
242 1138
242 1139
241 1140
241 1141
241 1142
240 1143
240 1144
240 1145
239 1146
239 1147
239 1148
238 1149
237 1150
237 1151
236 1152
236 1153
235 1154
234 1155
234 1156
233 1157
232 1158
232 1159
232 1160
232 1161
232 1162
231 1163
231 1164
231 1165
231 1166
231 1167
230 1168
230 1169
230 1170
230 1171
229 1172
229 1173
229 1174
229 1175
229 1176
228 1177
228 1178
228 1179
228 1180
227 1181
227 1182
227 1183
227 1184
226 1185
226 1186
226 1187
225 1188
225 1189
225 1190
224 1191
224 1192
224 1193
224 1194
223 1195
223 1196
223 1197
222 1198
222 1199
222 1200
222 1201
221 1202
221 1203
221 1204
221 1205
220 1206
220 1207
220 1208
220 1209
219 1210
219 1211
219 1212
219 1213
218 1214
218 1215
218 1216
217 1217
217 1218
217 1219
216 1220
216 1221
216 1222
215 1223
215 1224
215 1225
214 1226
214 1227
214 1228
213 1229
213 1230
213 1231
213 1232
213 1233
213 1234
213 1235
213 1236
213 1237
213 1238
213 1239
213 1240
213 1241
213 1242
213 1243
213 1244
213 1245
214 1246
214 1247
214 1248
214 1249
214 1250
215 1251
215 1252
215 1253
216 1254
216 1255
216 1256
216 1257
217 1258
217 1259
217 1260
217 1261
218 1262
218 1263
218 1264
219 1265
219 1266
219 1267
220 1268
220 1269
220 1270
221 1271
221 1272
221 1273
222 1274
222 1275
223 1276
223 1277
223 1278
224 1279
224 1280
224 1281
225 1282
225 1283
225 1284
225 1285
226 1286
226 1287
226 1288
227 1289
227 1290
227 1291
227 1292
228 1293
228 1294
228 1295
229 1296
229 1297
229 1298
230 1299
230 1300
231 1301
231 1302
231 1303
232 1304
232 1305
233 1306
233 1307
234 1308
234 1309
235 1310
235 1311
235 1312
236 1313
236 1314
236 1315
237 1316
237 1317
238 1318
238 1319
238 1320
239 1321
239 1322
240 1323
240 1324
241 1325
241 1326
242 1327
242 1328
242 1329
243 1330
243 1331
244 1332
244 1333
245 1334
245 1335
246 1336
246 1337
247 1338
248 1339
249 1340
250 1341
251 1342
252 1343
253 1344
254 1345
255 1346
256 1347
257 1348
258 1348
259 1347
260 1346
261 1345
262 1345
263 1344
264 1343
265 1343
266 1342
267 1341
268 1340
269 1339
269 1338
270 1337
270 1336
270 1335
271 1334
271 1333
271 1332
272 1331
272 1330
272 1329
272 1328
272 1327
273 1326
273 1325
273 1324
273 1323
273 1322
274 1321
274 1320
274 1319
274 1318
274 1317
274 1316
274 1315
274 1314
275 1313
275 1312
275 1311
275 1310
275 1309
275 1308
275 1307
275 1306
276 1305
276 1304
276 1303
276 1302
276 1301
276 1300
276 1299
276 1298
276 1297
277 1296
277 1295
277 1294
277 1293
277 1292
277 1291
277 1290
277 1289
277 1288
277 1287
277 1286
278 1285
278 1284
278 1283
278 1282
278 1281
278 1280
278 1279
278 1278
278 1277
278 1276
278 1275
278 1274
278 1273
278 1272
278 1271
279 1270
279 1269
279 1268
279 1267
279 1266
279 1265
279 1264
279 1263
279 1262
279 1261
279 1260
279 1259
279 1258
279 1257
279 1256
279 1255
279 1254
279 1253
279 1252
279 1251
279 1250
279 1249
280 1248
280 1247
280 1246
280 1245
280 1244
280 1243
280 1242
280 1241
280 1240
280 1239
279 1238
279 1237
279 1236
279 1235
279 1234
279 1233
279 1232
280 1231
280 1230
280 1229
280 1228
280 1227
280 1226
280 1225
279 1224
279 1223
279 1222
279 1221
279 1220
279 1219
279 1218
279 1217
279 1216
279 1215
279 1214
279 1213
279 1212
279 1211
279 1210
279 1209
279 1208
279 1207
279 1206
279 1205
279 1204
279 1203
279 1202
279 1201
279 1200
279 1199
279 1198
279 1197
279 1196
279 1195
279 1194
279 1193
279 1192
279 1191
279 1190
279 1189
278 1188
278 1187
278 1186
278 1185
278 1184
278 1183
278 1182
278 1181
278 1180
278 1179
278 1178
277 1177
277 1176
277 1175
277 1174
277 1173
277 1172
277 1171
277 1170
277 1169
277 1168
277 1167
277 1166
277 1165
277 1164
277 1163
277 1162
277 1161
277 1160
277 1159
276 1158
276 1157
276 1156
276 1155
276 1154
276 1153
276 1152
276 1151
276 1150
276 1149
276 1148
276 1147
275 1146
275 1145
275 1144
275 1143
275 1142
275 1141
275 1140
275 1139
274 1138
274 1137
274 1136
274 1135
273 1134
273 1133
273 1132
273 1131
272 1130
272 1129
272 1128
271 1127
270 1126
270 1125
269 1124
269 1123
268 1123
267 1123
266 1123
265 1123
264 1123
263 1122
262 1122
261 1122
260 1122
