266 689
265 690
264 690
263 690
262 691
261 691
260 691
259 692
258 692
257 693
256 694
255 695
254 695
253 696
252 697
251 698
250 699
249 700
248 700
247 701
246 702
245 703
244 704
243 705
242 706
241 707
240 708
239 709
238 710
238 711
237 712
236 713
235 714
234 715
234 716
233 717
232 718
232 719
231 720
230 721
230 722
229 723
228 724
228 725
227 726
226 727
226 728
225 729
225 730
224 731
224 732
223 733
223 734
222 735
222 736
222 737
221 738
221 739
220 740
220 741
220 742
219 743
219 744
218 745
218 746
218 747
217 748
217 749
217 750
216 751
216 752
216 753
215 754
215 755
215 756
215 757
214 758
214 759
214 760
214 761
213 762
213 763
213 764
212 765
212 766
212 767
212 768
211 769
211 770
211 771
211 772
210 773
210 774
210 775
209 776
209 777
209 778
209 779
208 780
208 781
208 782
208 783
208 784
207 785
207 786
207 787
207 788
206 789
206 790
206 791
206 792
205 793
205 794
205 795
205 796
205 797
204 798
204 799
204 800
204 801
204 802
203 803
203 804
203 805
203 806
202 807
202 808
202 809
202 810
201 811
201 812
201 813
201 814
201 815
200 816
200 817
200 818
200 819
199 820
199 821
199 822
199 823
199 824
198 825
198 826
198 827
198 828
197 829
197 830
197 831
197 832
196 833
196 834
196 835
196 836
196 837
195 838
195 839
195 840
195 841
195 842
194 843
194 844
194 845
194 846
194 847
194 848
194 849
193 850
193 851
193 852
193 853
193 854
193 855
193 856
193 857
193 858
194 859
194 860
194 861
194 862
194 863
194 864
195 865
195 866
195 867
196 868
196 869
196 870
196 871
197 872
197 873
198 874
198 875
198 876
199 877
199 878
200 879
200 880
200 881
201 882
201 883
202 884
202 885
203 886
203 887
203 888
204 889
204 890
205 891
205 892
205 893
206 894
206 895
207 896
207 897
207 898
208 899
208 900
208 901
209 902
209 903
210 904
210 905
210 906
211 907
211 908
211 909
212 910
212 911
212 912
213 913
213 914
214 915
214 916
214 917
215 918
215 919
215 920
216 921
216 922
216 923
217 924
217 925
217 926
218 927
218 928
218 929
219 930
219 931
219 932
219 933
220 934
220 935
220 936
221 937
221 938
221 939
221 940
222 941
222 942
222 943
223 944
223 945
223 946
224 947
224 948
224 949
224 950
225 951
225 952
225 953
226 954
226 955
226 956
227 957
227 958
227 959
227 960
228 961
228 962
228 963
228 964
229 965
229 966
229 967
230 968
230 969
230 970
230 971
231 972
231 973
231 974
231 975
232 976
232 977
232 978
233 979
233 980
233 981
233 982
233 983
234 984
234 985
234 986
234 987
235 988
235 989
235 990
235 991
236 992
236 993
236 994
236 995
236 996
237 997
237 998
237 999
237 1000
238 1001
238 1002
238 1003
238 1004
238 1005
239 1006
239 1007
239 1008
239 1009
240 1010
240 1011
240 1012
240 1013
240 1014
241 1015
241 1016
241 1017
241 1018
242 1019
242 1020
242 1021
242 1022
243 1023
243 1024
243 1025
244 1026
244 1027
245 1028
245 1029
245 1030
246 1031
246 1032
247 1033
248 1034
249 1034
250 1035
251 1036
252 1036
253 1037
254 1038
255 1039
256 1039
257 1039
258 1038
259 1038
260 1038
261 1038
262 1037
263 1037
264 1036
265 1035
266 1034
267 1033
268 1032
269 1031
270 1030
271 1029
272 1028
272 1027
273 1026
273 1025
274 1024
274 1023
275 1022
275 1021
276 1020
276 1019
276 1018
276 1017
277 1016
277 1015
277 1014
277 1013
278 1012
278 1011
278 1010
278 1009
279 1008
279 1007
279 1006
279 1005
279 1004
280 1003
280 1002
280 1001
280 1000
280 999
281 998
281 997
281 996
281 995
281 994
282 993
282 992
282 991
282 990
282 989
282 988
282 987
282 986
283 985
283 984
283 983
283 982
283 981
283 980
283 979
283 978
283 977
284 976
284 975
284 974
284 973
284 972
284 971
284 970
284 969
284 968
285 967
285 966
285 965
285 964
285 963
285 962
285 961
285 960
286 959
286 958
286 957
286 956
286 955
286 954
286 953
286 952
287 951
287 950
287 949
287 948
287 947
287 946
287 945
287 944
288 943
288 942
288 941
288 940
288 939
288 938
288 937
288 936
288 935
288 934
289 933
289 932
289 931
289 930
289 929
289 928
289 927
289 926
289 925
289 924
289 923
289 922
289 921
289 920
289 919
289 918
289 917
289 916
289 915
289 914
289 913
289 912
289 911
290 910
290 909
290 908
290 907
290 906
290 905
290 904
290 903
290 902
290 901
290 900
290 899
291 898
291 897
291 896
291 895
291 894
291 893
291 892
291 891
291 890
291 889
291 888
291 887
291 886
291 885
292 884
292 883
292 882
292 881
292 880
292 879
292 878
292 877
292 876
292 875
292 874
292 873
292 872
292 871
292 870
292 869
292 868
292 867
292 866
292 865
292 864
292 863
292 862
292 861
292 860
292 859
292 858
292 857
292 856
292 855
292 854
292 853
292 852
292 851
292 850
292 849
292 848
292 847
292 846
292 845
292 844
292 843
292 842
292 841
292 840
292 839
292 838
292 837
292 836
292 835
292 834
292 833
292 832
292 831
292 830
292 829
292 828
292 827
292 826
292 825
292 824
292 823
292 822
292 821
291 820
291 819
291 818
291 817
291 816
291 815
291 814
291 813
291 812
291 811
291 810
291 809
291 808
291 807
291 806
291 805
291 804
291 803
291 802
291 801
291 800
291 799
291 798
291 797
291 796
291 795
291 794
291 793
291 792
290 791
290 790
290 789
290 788
290 787
290 786
290 785
290 784
290 783
290 782
290 781
290 780
290 779
290 778
290 777
290 776
290 775
290 774
290 773
290 772
289 771
289 770
289 769
289 768
289 767
289 766
289 765
289 764
289 763
289 762
289 761
289 760
289 759
288 758
288 757
288 756
288 755
288 754
288 753
288 752
288 751
288 750
288 749
287 748
287 747
287 746
287 745
287 744
287 743
287 742
287 741
287 740
286 739
286 738
286 737
286 736
286 735
286 734
286 733
286 732
286 731
285 730
285 729
285 728
285 727
285 726
285 725
285 724
285 723
285 722
285 721
284 720
284 719
284 718
284 717
284 716
284 715
284 714
284 713
283 712
283 711
283 710
283 709
283 708
283 707
282 706
282 705
282 704
282 703
282 702
282 701
281 700
280 699
279 699
278 698
277 697
276 696
275 695
274 694
273 693
272 693
271 692
270 691
269 690
268 689
267 689
266 689
