293 329
292 330
291 330
290 330
289 330
288 331
287 331
286 331
285 331
284 331
283 332
282 332
281 332
280 332
279 332
278 333
277 333
276 334
275 334
274 334
273 335
272 335
271 335
270 335
269 336
268 336
267 337
266 337
265 337
264 337
263 338
262 338
261 338
260 339
259 339
258 339
257 340
256 340
255 340
254 340
253 341
252 341
251 341
250 342
249 342
248 342
247 343
246 343
245 344
244 344
243 345
242 345
241 345
240 346
239 346
238 346
237 347
236 347
235 347
234 347
233 348
232 348
231 348
230 349
229 349
228 349
227 350
226 350
225 350
224 350
223 350
222 351
221 351
220 351
219 351
218 351
217 352
216 352
215 352
214 352
213 353
212 353
211 353
210 353
209 353
208 353
207 354
206 355
205 355
204 356
203 356
202 357
201 357
200 358
199 358
198 359
197 360
196 360
195 361
194 362
193 362
192 363
191 364
190 365
189 366
188 367
187 367
186 368
185 369
184 370
183 370
182 371
181 372
180 373
179 374
178 374
177 375
176 376
175 377
174 378
173 378
173 379
172 380
172 381
171 382
171 383
170 384
170 385
169 386
169 387
168 388
168 389
167 390
167 391
166 392
165 393
165 394
165 395
164 396
164 397
164 398
164 399
164 400
164 401
164 402
163 403
163 404
163 405
163 406
163 407
163 408
163 409
162 410
162 411
162 412
162 413
162 414
162 415
162 416
161 417
161 418
161 419
161 420
161 421
161 422
161 423
160 424
160 425
160 426
160 427
159 428
159 429
159 430
159 431
159 432
158 433
158 434
158 435
158 436
158 437
157 438
157 439
157 440
157 441
156 442
156 443
156 444
156 445
156 446
155 447
155 448
155 449
155 450
155 451
154 452
154 453
154 454
154 455
154 456
153 457
153 458
153 459
153 460
153 461
152 462
152 463
152 464
152 465
151 466
151 467
151 468
151 469
151 470
151 471
150 472
150 473
150 474
150 475
149 476
149 477
149 478
149 479
148 480
148 481
148 482
148 483
148 484
148 485
149 486
149 487
149 488
149 489
150 490
150 491
151 492
151 493
152 494
152 495
153 496
153 497
153 498
154 499
155 500
155 501
156 502
156 503
157 504
157 505
158 506
159 507
159 508
160 509
161 510
161 511
162 512
163 513
164 514
164 515
165 516
166 517
167 518
167 519
168 520
169 521
170 522
171 523
172 524
172 525
173 526
174 527
175 528
176 529
177 530
178 531
179 532
180 533
181 534
182 535
183 536
184 537
185 538
185 539
186 540
187 541
188 542
189 543
190 544
191 545
192 546
193 547
194 548
195 549
196 550
197 551
197 552
198 553
199 554
200 555
201 556
202 557
203 558
204 559
205 560
206 561
207 561
208 562
209 563
210 564
211 565
212 566
212 567
213 567
214 568
214 569
215 570
216 571
217 572
218 573
219 573
220 574
220 575
221 575
222 576
223 577
224 578
225 579
226 580
227 581
228 582
228 583
229 583
230 584
231 585
232 586
233 587
234 588
235 589
236 590
237 591
238 591
239 592
240 593
241 593
242 594
243 594
244 595
245 596
246 596
247 597
248 598
249 599
250 600
251 601
252 602
253 603
254 604
255 605
256 606
257 607
258 608
259 609
260 610
261 611
262 612
263 613
264 614
265 615
266 616
267 617
268 618
269 619
270 620
271 621
272 622
273 623
274 624
275 625
276 626
277 627
277 628
278 628
279 629
279 630
280 631
281 632
282 632
283 633
284 634
285 635
286 636
287 636
288 637
289 638
290 638
291 639
292 640
293 640
294 641
295 642
296 642
297 643
298 644
299 644
300 645
301 646
302 646
303 647
304 647
305 648
306 648
307 648
308 649
309 649
310 649
311 650
312 650
313 650
314 650
315 650
316 650
317 650
318 650
319 650
320 650
321 650
322 650
323 649
324 648
325 647
326 646
327 645
327 644
328 643
328 642
329 641
329 640
329 639
330 638
330 637
330 636
330 635
330 634
330 633
331 632
331 631
331 630
331 629
331 628
331 627
331 626
331 625
331 624
331 623
331 622
331 621
332 620
332 619
332 618
332 617
332 616
332 615
333 614
333 613
333 612
333 611
333 610
333 609
333 608
333 607
334 606
334 605
333 604
334 603
334 602
334 601
334 600
334 599
334 598
334 597
334 596
334 595
334 594
335 593
335 592
335 591
335 590
335 589
335 588
335 587
335 586
335 585
335 584
335 583
335 582
335 581
335 580
335 579
336 578
336 577
336 576
336 575
336 574
336 573
336 572
336 571
336 570
336 569
336 568
336 567
336 566
336 565
336 564
336 563
336 562
336 561
336 560
336 559
336 558
336 557
336 556
336 555
336 554
336 553
336 552
337 551
337 550
337 549
336 548
337 547
337 546
337 545
337 544
337 543
337 542
337 541
337 540
337 539
337 538
337 537
337 536
337 535
337 534
337 533
337 532
337 531
337 530
337 529
337 528
337 527
337 526
337 525
337 524
337 523
337 522
337 521
337 520
337 519
337 518
337 517
337 516
337 515
337 514
337 513
338 512
337 511
337 510
337 509
337 508
337 507
337 506
337 505
337 504
337 503
337 502
337 501
337 500
337 499
337 498
337 497
337 496
337 495
337 494
337 493
337 492
337 491
337 490
338 489
338 488
338 487
338 486
337 485
337 484
337 483
337 482
337 481
337 480
337 479
337 478
337 477
337 476
337 475
337 474
337 473
337 472
337 471
337 470
337 469
337 468
337 467
337 466
337 465
337 464
337 463
337 462
337 461
337 460
337 459
337 458
337 457
337 456
337 455
337 454
337 453
337 452
337 451
337 450
337 449
337 448
336 447
336 446
336 445
336 444
336 443
336 442
336 441
336 440
336 439
336 438
335 437
335 436
335 435
335 434
335 433
335 432
335 431
335 430
334 429
334 428
334 427
334 426
335 425
334 424
334 423
334 422
334 421
334 420
334 419
334 418
334 417
334 416
334 415
334 414
334 413
334 412
334 411
334 410
334 409
334 408
333 407
333 406
333 405
333 404
333 403
333 402
333 401
333 400
333 399
333 398
333 397
333 396
333 395
333 394
333 393
332 392
332 391
332 390
332 389
332 388
332 387
332 386
332 385
332 384
332 383
331 382
331 381
331 380
331 379
331 378
331 377
331 376
331 375
331 374
331 373
331 372
331 371
331 370
331 369
331 368
331 367
331 366
330 365
330 364
330 363
330 362
329 361
329 360
329 359
328 358
328 357
328 356
328 355
328 354
327 353
327 352
327 351
327 350
326 349
326 348
326 347
325 346
324 345
324 344
323 343
322 342
321 341
321 340
320 339
319 338
318 337
317 337
316 336
315 335
314 335
313 334
312 333
311 333
310 332
309 332
308 332
307 331
306 331
305 331
304 330
303 330
302 330
301 330
300 330
299 330
298 330
297 329
296 329
295 329
294 329
293 329
