227 28
226 29
225 29
224 30
223 30
222 31
221 31
220 32
219 32
218 33
217 33
216 34
215 35
214 36
213 36
212 37
211 38
211 39
210 40
210 41
210 42
209 43
209 44
209 45
208 46
208 47
208 48
207 49
207 50
207 51
206 52
206 53
206 54
206 55
205 56
205 57
205 58
205 59
204 60
204 61
204 62
204 63
203 64
203 65
203 66
202 67
202 68
202 69
202 70
201 71
201 72
201 73
201 74
200 75
200 76
200 77
200 78
199 79
199 80
199 81
198 82
198 83
198 84
198 85
197 86
197 87
197 88
197 89
196 90
196 91
196 92
196 93
195 94
195 95
195 96
194 97
194 98
194 99
194 100
193 101
193 102
193 103
192 104
192 105
192 106
191 107
191 108
191 109
190 110
190 111
190 112
189 113
189 114
189 115
188 116
188 117
188 118
188 119
187 120
187 121
187 122
186 123
186 124
186 125
186 126
186 127
186 128
186 129
186 130
186 131
186 132
186 133
186 134
186 135
186 136
186 137
186 138
186 139
186 140
186 141
186 142
187 143
187 144
187 145
187 146
188 147
188 148
188 149
188 150
188 151
189 152
189 153
189 154
189 155
190 156
190 157
190 158
190 159
191 160
191 161
191 162
191 163
192 164
192 165
192 166
192 167
193 168
193 169
193 170
193 171
194 172
194 173
194 174
194 175
194 176
195 177
195 178
195 179
195 180
195 181
196 182
196 183
196 184
196 185
196 186
197 187
197 188
197 189
197 190
198 191
198 192
198 193
198 194
198 195
199 196
199 197
199 198
200 199
200 200
200 201
200 202
201 203
201 204
201 205
201 206
201 207
202 208
202 209
202 210
202 211
202 212
203 213
203 214
203 215
203 216
203 217
204 218
204 219
204 220
204 221
204 222
205 223
205 224
205 225
205 226
205 227
206 228
206 229
206 230
206 231
206 232
207 233
207 234
207 235
207 236
207 237
208 238
208 239
208 240
208 241
208 242
209 243
209 244
209 245
209 246
209 247
210 248
210 249
210 250
210 251
210 252
211 253
211 254
211 255
211 256
211 257
212 258
212 259
212 260
212 261
212 262
212 263
213 264
213 265
213 266
213 267
214 268
215 269
215 270
216 271
217 272
217 273
218 274
219 273
220 273
221 272
222 272
223 271
224 271
225 270
226 270
227 269
227 268
228 267
228 266
228 265
229 264
229 263
229 262
230 261
230 260
230 259
230 258
231 257
231 256
231 255
232 254
232 253
232 252
232 251
233 250
233 249
233 248
233 247
234 246
234 245
234 244
235 243
235 242
235 241
235 240
236 239
236 238
236 237
236 236
236 235
236 234
237 233
237 232
237 231
237 230
237 229
237 228
238 227
238 226
238 225
238 224
238 223
238 222
239 221
239 220
239 219
239 218
239 217
240 216
240 215
240 214
240 213
240 212
240 211
240 210
240 209
240 208
240 207
240 206
240 205
240 204
240 203
240 202
240 201
241 200
241 199
241 198
241 197
241 196
241 195
241 194
241 193
241 192
241 191
241 190
241 189
241 188
241 187
241 186
241 185
241 184
242 183
242 182
242 181
242 180
242 179
242 178
242 177
242 176
242 175
242 174
242 173
242 172
242 171
242 170
242 169
242 168
242 167
243 166
243 165
243 164
243 163
243 162
243 161
243 160
243 159
243 158
243 157
243 156
243 155
243 154
243 153
244 152
244 151
244 150
244 149
244 148
244 147
244 146
244 145
245 144
245 143
245 142
245 141
245 140
245 139
245 138
245 137
246 136
246 135
246 134
246 133
246 132
246 131
246 130
246 129
246 128
246 127
246 126
246 125
245 124
245 123
245 122
245 121
245 120
245 119
245 118
245 117
245 116
244 115
244 114
244 113
244 112
244 111
244 110
244 109
244 108
244 107
244 106
244 105
244 104
244 103
244 102
244 101
244 100
244 99
244 98
244 97
244 96
243 95
243 94
243 93
243 92
243 91
243 90
243 89
243 88
243 87
243 86
243 85
243 84
243 83
243 82
243 81
243 80
243 79
243 78
243 77
243 76
243 75
243 74
242 73
242 72
242 71
242 70
242 69
242 68
242 67
242 66
242 65
242 64
242 63
242 62
241 61
241 60
241 59
241 58
241 57
241 56
241 55
241 54
241 53
241 52
240 51
240 50
240 49
240 48
239 47
239 46
239 45
239 44
238 43
238 42
238 41
238 40
237 39
237 38
237 37
236 36
236 35
235 34
234 33
233 32
232 31
231 31
230 30
229 29
228 28
227 28
