2879 2217
2878 2218
2877 2218
2876 2218
2875 2219
2874 2219
2873 2220
2872 2220
2871 2220
2870 2221
2869 2221
2868 2222
2867 2223
2866 2224
2865 2225
2864 2226
2864 2227
2863 2228
2862 2229
2861 2230
2860 2231
2859 2232
2858 2233
2857 2234
2856 2235
2856 2236
2855 2237
2854 2238
2853 2239
2853 2240
2852 2241
2851 2242
2851 2243
2850 2244
2850 2245
2849 2246
2849 2247
2848 2248
2848 2249
2847 2250
2847 2251
2846 2252
2846 2253
2845 2254
2845 2255
2845 2256
2844 2257
2844 2258
2843 2259
2843 2260
2842 2261
2842 2262
2841 2263
2841 2264
2840 2265
2840 2266
2840 2267
2839 2268
2839 2269
2839 2270
2838 2271
2838 2272
2837 2273
2837 2274
2837 2275
2837 2276
2836 2277
2836 2278
2836 2279
2835 2280
2835 2281
2835 2282
2835 2283
2834 2284
2834 2285
2834 2286
2833 2287
2833 2288
2833 2289
2833 2290
2832 2291
2832 2292
2831 2293
2831 2294
2831 2295
2830 2296
2830 2297
2829 2298
2829 2299
2828 2300
2828 2301
2827 2302
2827 2303
2826 2304
2826 2305
2826 2306
2825 2307
2825 2308
2824 2309
2824 2310
2824 2311
2823 2312
2823 2313
2822 2314
2822 2315
2821 2316
2821 2317
2820 2318
2820 2319
2819 2320
2819 2321
2818 2322
2818 2323
2817 2324
2817 2325
2816 2326
2815 2327
2815 2328
2814 2329
2814 2330
2813 2331
2813 2332
2812 2333
2812 2334
2811 2335
2811 2336
2810 2337
2810 2338
2809 2339
2809 2340
2808 2341
2808 2342
2807 2343
2807 2344
2806 2345
2806 2346
2805 2347
2805 2348
2804 2349
2804 2350
2803 2351
2802 2352
2802 2353
2801 2354
2801 2355
2800 2356
2800 2357
2799 2358
2799 2359
2798 2360
2797 2361
2797 2362
2796 2363
2796 2364
2795 2365
2795 2366
2794 2367
2793 2368
2793 2369
2792 2370
2791 2371
2791 2372
2790 2373
2790 2374
2789 2375
2789 2376
2788 2377
2788 2378
2787 2379
2786 2380
2786 2381
2785 2382
2785 2383
2784 2384
2784 2385
2783 2386
2783 2387
2782 2388
2782 2389
2781 2390
2781 2391
2781 2392
2780 2393
2780 2394
2780 2395
2780 2396
2779 2397
2780 2398
2780 2399
2780 2400
2780 2401
2780 2402
2780 2403
2780 2404
2781 2405
2781 2406
2781 2407
2781 2408
2782 2409
2782 2410
2782 2411
2782 2412
2782 2413
2783 2414
2783 2415
2783 2416
2783 2417
2783 2418
2783 2419
2784 2420
2784 2421
2784 2422
2785 2423
2785 2424
2786 2425
2786 2426
2787 2427
2787 2428
2788 2429
2788 2430
2789 2431
2789 2432
2790 2433
2790 2434
2791 2435
2792 2436
2792 2437
2793 2438
2793 2439
2794 2440
2795 2441
2796 2442
2797 2443
2797 2444
2798 2445
2799 2446
2800 2447
2801 2448
2802 2449
2802 2450
2803 2451
2804 2452
2805 2453
2806 2454
2806 2455
2807 2456
2808 2457
2809 2458
2810 2459
2810 2460
2811 2461
2812 2462
2813 2463
2814 2464
2815 2465
2816 2466
2817 2467
2818 2468
2819 2469
2820 2470
2821 2471
2822 2472
2823 2473
2824 2474
2825 2475
2826 2476
2827 2477
2827 2478
2828 2479
2829 2480
2830 2481
2831 2482
2832 2483
2832 2484
2833 2485
2834 2486
2835 2486
2836 2487
2837 2487
2838 2488
2839 2488
2840 2489
2841 2489
2842 2490
2843 2491
2844 2491
2845 2492
2846 2492
2847 2493
2848 2493
2849 2494
2850 2494
2851 2495
2852 2495
2853 2496
2854 2496
2855 2497
2856 2497
2857 2497
2858 2497
2859 2498
2860 2498
2861 2498
2862 2498
2863 2498
2864 2499
2865 2499
2866 2499
2867 2499
2868 2499
2869 2499
2870 2500
2871 2500
2872 2500
2873 2500
2874 2500
2875 2501
2876 2501
2877 2501
2878 2501
2879 2501
2880 2501
2881 2502
2882 2502
2883 2502
2884 2502
2885 2502
2886 2502
2887 2501
2888 2501
2889 2501
2890 2501
2891 2501
2892 2501
2893 2501
2894 2500
2895 2500
2896 2500
2897 2500
2898 2500
2899 2500
2899 2499
2900 2498
2900 2497
2901 2496
2901 2495
2902 2494
2903 2493
2903 2492
2903 2491
2904 2490
2904 2489
2904 2488
2904 2487
2904 2486
2905 2485
2905 2484
2905 2483
2905 2482
2905 2481
2905 2480
2905 2479
2905 2478
2906 2477
2906 2476
2906 2475
2906 2474
2906 2473
2906 2472
2906 2471
2906 2470
2906 2469
2906 2468
2906 2467
2907 2466
2907 2465
2907 2464
2907 2463
2907 2462
2907 2461
2907 2460
2907 2459
2907 2458
2907 2457
2907 2456
2907 2455
2907 2454
2907 2453
2908 2452
2908 2451
2908 2450
2908 2449
2908 2448
2908 2447
2908 2446
2908 2445
2908 2444
2908 2443
2909 2442
2909 2441
2909 2440
2909 2439
2909 2438
2909 2437
2909 2436
2909 2435
2909 2434
2909 2433
2909 2432
2909 2431
2909 2430
2909 2429
2909 2428
2909 2427
2909 2426
2909 2425
2909 2424
2909 2423
2909 2422
2909 2421
2909 2420
2909 2419
2909 2418
2909 2417
2909 2416
2909 2415
2909 2414
2909 2413
2909 2412
2909 2411
2909 2410
2909 2409
2909 2408
2909 2407
2910 2406
2910 2405
2910 2404
2910 2403
2910 2402
2909 2401
2909 2400
2909 2399
2909 2398
2909 2397
2909 2396
2909 2395
2909 2394
2909 2393
2909 2392
2909 2391
2909 2390
2909 2389
2909 2388
2909 2387
2909 2386
2909 2385
2909 2384
2909 2383
2909 2382
2909 2381
2909 2380
2909 2379
2909 2378
2908 2377
2908 2376
2908 2375
2908 2374
2908 2373
2908 2372
2908 2371
2908 2370
2908 2369
2908 2368
2908 2367
2908 2366
2908 2365
2908 2364
2908 2363
2908 2362
2908 2361
2908 2360
2908 2359
2908 2358
2908 2357
2907 2356
2907 2355
2907 2354
2907 2353
2907 2352
2907 2351
2907 2350
2907 2349
2907 2348
2907 2347
2907 2346
2907 2345
2907 2344
2907 2343
2907 2342
2907 2341
2907 2340
2907 2339
2907 2338
2907 2337
2907 2336
2907 2335
2906 2334
2906 2333
2906 2332
2906 2331
2906 2330
2906 2329
2906 2328
2906 2327
2906 2326
2906 2325
2906 2324
2906 2323
2906 2322
2906 2321
2905 2320
2905 2319
2905 2318
2905 2317
2905 2316
2905 2315
2905 2314
2905 2313
2905 2312
2905 2311
2905 2310
2905 2309
2905 2308
2904 2307
2904 2306
2904 2305
2904 2304
2904 2303
2904 2302
2903 2301
2903 2300
2903 2299
2903 2298
2903 2297
2903 2296
2903 2295
2902 2294
2902 2293
2902 2292
2902 2291
2902 2290
2902 2289
2901 2288
2901 2287
2901 2286
2901 2285
2901 2284
2901 2283
2901 2282
2901 2281
2901 2280
2901 2279
2901 2278
2901 2277
2901 2276
2900 2275
2900 2274
2900 2273
2900 2272
2900 2271
2899 2270
2899 2269
2899 2268
2899 2267
2899 2266
2899 2265
2898 2264
2898 2263
2898 2262
2898 2261
2898 2260
2898 2259
2898 2258
2897 2257
2897 2256
2897 2255
2897 2254
2897 2253
2897 2252
2896 2251
2896 2250
2896 2249
2896 2248
2896 2247
2896 2246
2895 2245
2895 2244
2895 2243
2895 2242
2894 2241
2894 2240
2894 2239
2894 2238
2893 2237
2893 2236
2893 2235
2893 2234
2892 2233
2892 2232
2892 2231
2891 2230
2891 2229
2890 2228
2890 2227
2889 2226
2889 2225
2888 2224
2888 2223
2887 2222
2887 2221
2886 2220
2885 2220
2884 2219
2883 2219
2882 2218
2881 2218
2880 2217
2879 2217
