3133 67
3132 68
3131 68
3130 69
3129 69
3128 69
3127 70
3126 70
3125 71
3124 72
3123 73
3122 74
3121 75
3120 76
3119 77
3119 78
3118 79
3117 80
3116 81
3116 82
3115 83
3114 84
3114 85
3113 86
3112 87
3111 88
3111 89
3110 90
3110 91
3109 92
3108 93
3108 94
3108 95
3107 96
3106 97
3106 98
3105 99
3105 100
3104 101
3104 102
3103 103
3103 104
3102 105
3102 106
3101 107
3101 108
3100 109
3099 110
3099 111
3099 112
3098 113
3097 114
3097 115
3096 116
3096 117
3095 118
3095 119
3094 120
3094 121
3093 122
3092 123
3092 124
3091 125
3091 126
3090 127
3090 128
3089 129
3089 130
3088 131
3088 132
3087 133
3087 134
3086 135
3086 136
3085 137
3085 138
3084 139
3084 140
3083 141
3083 142
3082 143
3082 144
3081 145
3081 146
3080 147
3080 148
3079 149
3078 150
3078 151
3077 152
3076 153
3076 154
3075 155
3074 156
3073 157
3073 158
3072 159
3071 160
3071 161
3070 162
3069 163
3068 164
3068 165
3067 166
3066 167
3065 168
3065 169
3064 170
3063 171
3062 172
3061 173
3061 174
3060 175
3059 176
3058 177
3058 178
3057 179
3056 180
3055 181
3054 182
3053 183
3052 184
3051 185
3050 186
3049 187
3048 188
3048 189
3047 190
3046 191
3045 192
3044 193
3043 194
3042 195
3041 196
3040 197
3040 198
3039 199
3038 200
3037 201
3036 202
3035 203
3034 204
3033 205
3032 206
3032 207
3031 208
3030 209
3030 210
3029 211
3028 212
3028 213
3028 214
3028 215
3028 216
3028 217
3028 218
3028 219
3028 220
3028 221
3027 222
3027 223
3027 224
3027 225
3027 226
3027 227
3027 228
3027 229
3027 230
3027 231
3027 232
3027 233
3027 234
3027 235
3027 236
3027 237
3027 238
3027 239
3027 240
3028 241
3028 242
3028 243
3028 244
3028 245
3028 246
3028 247
3028 248
3028 249
3028 250
3028 251
3029 252
3029 253
3029 254
3029 255
3029 256
3029 257
3030 258
3030 259
3030 260
3030 261
3030 262
3030 263
3030 264
3030 265
3031 266
3031 267
3031 268
3031 269
3031 270
3031 271
3031 272
3031 273
3031 274
3031 275
3031 276
3031 277
3031 278
3031 279
3031 280
3031 281
3031 282
3031 283
3031 284
3031 285
3031 286
3032 287
3032 288
3032 289
3032 290
3032 291
3032 292
3032 293
3032 294
3033 295
3033 296
3033 297
3033 298
3033 299
3033 300
3033 301
3033 302
3033 303
3034 304
3034 305
3034 306
3034 307
3034 308
3034 309
3034 310
3034 311
3034 312
3034 313
3034 314
3034 315
3034 316
3034 317
3034 318
3034 319
3034 320
3034 321
3034 322
3034 323
3034 324
3034 325
3034 326
3034 327
3034 328
3034 329
3035 330
3035 331
3035 332
3035 333
3035 334
3035 335
3035 336
3035 337
3035 338
3035 339
3035 340
3035 341
3035 342
3035 343
3035 344
3035 345
3035 346
3035 347
3035 348
3035 349
3035 350
3035 351
3035 352
3036 353
3036 354
3036 355
3036 356
3036 357
3036 358
3036 359
3036 360
3036 361
3036 362
3036 363
3036 364
3037 365
3037 366
3037 367
3037 368
3037 369
3037 370
3037 371
3037 372
3037 373
3037 374
3037 375
3037 376
3037 377
3037 378
3037 379
3037 380
3037 381
3037 382
3037 383
3037 384
3037 385
3037 386
3037 387
3037 388
3037 389
3037 390
3037 391
3037 392
3037 393
3037 394
3037 395
3037 396
3038 397
3038 398
3038 399
3038 400
3038 401
3038 402
3038 403
3038 404
3038 405
3038 406
3038 407
3038 408
3038 409
3038 410
3038 411
3038 412
3037 413
3037 414
3037 415
3037 416
3037 417
3037 418
3037 419
3037 420
3037 421
3037 422
3037 423
3037 424
3037 425
3037 426
3037 427
3037 428
3037 429
3037 430
3037 431
3037 432
3037 433
3037 434
3037 435
3037 436
3037 437
3037 438
3037 439
3037 440
3037 441
3036 442
3036 443
3036 444
3036 445
3036 446
3036 447
3036 448
3036 449
3036 450
3036 451
3036 452
3035 453
3035 454
3035 455
3035 456
3035 457
3035 458
3035 459
3035 460
3035 461
3035 462
3035 463
3035 464
3035 465
3035 466
3035 467
3035 468
3035 469
3035 470
3035 471
3034 472
3034 473
3034 474
3034 475
3034 476
3034 477
3034 478
3034 479
3034 480
3034 481
3034 482
3034 483
3034 484
3033 485
3033 486
3033 487
3033 488
3033 489
3033 490
3033 491
3033 492
3033 493
3033 494
3033 495
3032 496
3032 497
3032 498
3032 499
3032 500
3032 501
3032 502
3032 503
3032 504
3032 505
3032 506
3032 507
3032 508
3032 509
3031 510
3031 511
3031 512
3031 513
3031 514
3030 515
3030 516
3030 517
3030 518
3030 519
3029 520
3029 521
3029 522
3029 523
3029 524
3028 525
3028 526
3028 527
3028 528
3028 529
3028 530
3028 531
3028 532
3028 533
3028 534
3028 535
3028 536
3028 537
3028 538
3028 539
3028 540
3028 541
3028 542
3028 543
3027 544
3027 545
3027 546
3027 547
3027 548
3027 549
3027 550
3026 551
3026 552
3026 553
3026 554
3026 555
3026 556
3026 557
3026 558
3026 559
3026 560
3027 561
3027 562
3027 563
3027 564
3027 565
3028 566
3028 567
3028 568
3029 569
3029 570
3030 571
3031 572
3031 573
3032 574
3033 575
3033 576
3034 577
3035 578
3035 579
3036 580
3037 581
3037 582
3038 583
3038 584
3039 585
3040 586
3040 587
3041 588
3042 589
3042 590
3043 591
3044 592
3045 593
3046 594
3046 595
3047 596
3048 597
3049 598
3050 599
3051 600
3052 601
3053 602
3054 603
3055 604
3056 605
3057 606
3057 607
3058 608
3059 609
3060 610
3061 611
3061 612
3062 613
3063 614
3064 615
3064 616
3065 617
3066 618
3067 619
3067 620
3068 621
3069 622
3070 623
3071 624
3072 625
3072 626
3073 627
3074 628
3075 629
3076 630
3077 631
3078 632
3079 633
3080 634
3081 635
3082 635
3083 636
3084 637
3085 637
3086 638
3087 638
3088 639
3089 640
3090 640
3091 641
3092 642
3093 643
3094 643
3095 644
3096 645
3097 645
3098 646
3099 647
3100 648
3101 649
3102 649
3103 650
3104 651
3105 652
3106 652
3107 653
3108 654
3109 654
3110 655
3111 656
3112 656
3113 657
3114 657
3115 658
3116 659
3117 659
3118 660
3119 660
3120 661
3121 661
3122 661
3123 662
3124 662
3125 663
3126 663
3127 663
3128 664
3129 664
3130 664
3131 665
3132 665
3133 665
3134 665
3135 666
3136 666
3137 666
3138 666
3139 667
3140 667
3141 667
3142 667
3143 668
3144 668
3145 667
3146 667
3147 666
3148 665
3149 665
3150 664
3151 663
3152 662
3152 661
3153 660
3154 659
3155 658
3155 657
3156 656
3156 655
3156 654
3156 653
3157 652
3157 651
3157 650
3157 649
3158 648
3158 647
3158 646
3158 645
3159 644
3159 643
3159 642
3159 641
3160 640
3160 639
3160 638
3160 637
3160 636
3160 635
3161 634
3161 633
3161 632
3161 631
3161 630
3161 629
3161 628
3161 627
3162 626
3162 625
3162 624
3162 623
3162 622
3162 621
3162 620
3162 619
3163 618
3163 617
3163 616
3163 615
3163 614
3163 613
3163 612
3163 611
3164 610
3164 609
3164 608
3164 607
3164 606
3164 605
3164 604
3164 603
3164 602
3165 601
3165 600
3165 599
3165 598
3165 597
3165 596
3165 595
3165 594
3166 593
3166 592
3166 591
3166 590
3166 589
3166 588
3166 587
3166 586
3166 585
3166 584
3166 583
3166 582
3166 581
3166 580
3167 579
3167 578
3167 577
3167 576
3167 575
3167 574
3167 573
3167 572
3167 571
3167 570
3167 569
3167 568
3168 567
3168 566
3168 565
3168 564
3168 563
3168 562
3168 561
3168 560
3169 559
3169 558
3169 557
3169 556
3169 555
3169 554
3169 553
3169 552
3169 551
3169 550
3169 549
3169 548
3169 547
3169 546
3169 545
3169 544
3169 543
3169 542
3169 541
3168 540
3168 539
3168 538
3168 537
3168 536
3168 535
3168 534
3168 533
3168 532
3168 531
3168 530
3169 529
3169 528
3169 527
3169 526
3169 525
3169 524
3169 523
3169 522
3169 521
3169 520
3169 519
3169 518
3169 517
3169 516
3169 515
3169 514
3169 513
3169 512
3169 511
3169 510
3169 509
3169 508
3169 507
3169 506
3169 505
3169 504
3169 503
3169 502
3168 501
3168 500
3168 499
3168 498
3168 497
3168 496
3168 495
3168 494
3168 493
3168 492
3168 491
3169 490
3169 489
3169 488
3169 487
3169 486
3169 485
3169 484
3169 483
3169 482
3169 481
3169 480
3169 479
3169 478
3169 477
3169 476
3169 475
3169 474
3169 473
3169 472
3169 471
3169 470
3168 469
3168 468
3168 467
3168 466
3168 465
3169 464
3169 463
3169 462
3169 461
3169 460
3169 459
3169 458
3169 457
3169 456
3169 455
3169 454
3169 453
3169 452
3169 451
3169 450
3169 449
3169 448
3169 447
3170 446
3170 445
3170 444
3170 443
3170 442
3169 441
3169 440
3169 439
3169 438
3169 437
3169 436
3169 435
3169 434
3169 433
3169 432
3169 431
3169 430
3169 429
3169 428
3169 427
3169 426
3169 425
3169 424
3169 423
3169 422
3169 421
3169 420
3169 419
3169 418
3169 417
3169 416
3169 415
3169 414
3169 413
3169 412
3169 411
3169 410
3169 409
3169 408
3169 407
3169 406
3169 405
3169 404
3169 403
3169 402
3169 401
3169 400
3169 399
3169 398
3169 397
3169 396
3169 395
3169 394
3169 393
3169 392
3169 391
3169 390
3169 389
3168 388
3168 387
3168 386
3168 385
3168 384
3168 383
3168 382
3168 381
3168 380
3168 379
3168 378
3168 377
3168 376
3168 375
3168 374
3168 373
3168 372
3168 371
3168 370
3168 369
3168 368
3168 367
3168 366
3168 365
3168 364
3168 363
3168 362
3168 361
3168 360
3168 359
3168 358
3168 357
3167 356
3167 355
3167 354
3167 353
3167 352
3167 351
3167 350
3167 349
3167 348
3167 347
3167 346
3167 345
3167 344
3167 343
3167 342
3167 341
3167 340
3166 339
3166 338
3166 337
3166 336
3166 335
3166 334
3166 333
3166 332
3166 331
3166 330
3166 329
3166 328
3166 327
3166 326
3166 325
3166 324
3166 323
3166 322
3166 321
3166 320
3166 319
3166 318
3166 317
3167 316
3166 315
3166 314
3166 313
3166 312
3166 311
3166 310
3166 309
3166 308
3166 307
3166 306
3166 305
3166 304
3166 303
3166 302
3165 301
3165 300
3165 299
3165 298
3165 297
3165 296
3165 295
3165 294
3165 293
3165 292
3165 291
3165 290
3165 289
3165 288
3165 287
3165 286
3165 285
3166 284
3166 283
3166 282
3166 281
3166 280
3166 279
3166 278
3166 277
3166 276
3166 275
3166 274
3166 273
3166 272
3165 271
3165 270
3165 269
3165 268
3165 267
3165 266
3165 265
3165 264
3165 263
3165 262
3165 261
3165 260
3165 259
3165 258
3165 257
3164 256
3164 255
3164 254
3164 253
3164 252
3164 251
3164 250
3164 249
3164 248
3164 247
3164 246
3164 245
3164 244
3164 243
3164 242
3164 241
3164 240
3164 239
3164 238
3164 237
3164 236
3164 235
3164 234
3164 233
3164 232
3164 231
3164 230
3164 229
3164 228
3164 227
3164 226
3164 225
3164 224
3164 223
3164 222
3163 221
3163 220
3163 219
3163 218
3163 217
3163 216
3163 215
3163 214
3163 213
3163 212
3163 211
3163 210
3163 209
3163 208
3163 207
3163 206
3163 205
3162 204
3162 203
3162 202
3162 201
3162 200
3162 199
3162 198
3162 197
3162 196
3161 195
3161 194
3161 193
3161 192
3161 191
3161 190
3161 189
3161 188
3161 187
3161 186
3161 185
3161 184
3161 183
3161 182
3161 181
3161 180
3161 179
3161 178
3161 177
3161 176
3161 175
3161 174
3160 173
3160 172
3160 171
3160 170
3160 169
3160 168
3160 167
3160 166
3160 165
3160 164
3160 163
3160 162
3160 161
3159 160
3159 159
3159 158
3159 157
3159 156
3159 155
3159 154
3159 153
3158 152
3158 151
3158 150
3158 149
3158 148
3158 147
3158 146
3158 145
3158 144
3158 143
3158 142
3158 141
3158 140
3158 139
3158 138
3158 137
3157 136
3157 135
3157 134
3157 133
3157 132
3157 131
3157 130
3157 129
3157 128
3157 127
3157 126
3156 125
3156 124
3156 123
3156 122
3156 121
3156 120
3156 119
3156 118
3156 117
3156 116
3156 115
3156 114
3156 113
3156 112
3155 111
3155 110
3155 109
3155 108
3155 107
3154 106
3154 105
3154 104
3154 103
3154 102
3153 101
3153 100
3153 99
3153 98
3153 97
3152 96
3152 95
3152 94
3152 93
3151 92
3151 91
3151 90
3151 89
3151 88
3151 87
3150 86
3150 85
3150 84
3149 83
3149 82
3149 81
3148 80
3148 79
3148 78
3148 77
3147 76
3147 75
3146 74
3145 73
3145 72
3144 71
3143 70
3143 69
3142 68
3141 68
3140 68
3139 68
3138 68
3137 68
3136 67
3135 67
3134 67
3133 67
