2845 1944
2844 1945
2843 1945
2842 1946
2841 1946
2840 1947
2839 1948
2838 1949
2837 1950
2836 1951
2835 1952
2834 1953
2834 1954
2833 1955
2833 1956
2832 1957
2832 1958
2831 1959
2830 1960
2830 1961
2829 1962
2829 1963
2829 1964
2828 1965
2828 1966
2827 1967
2827 1968
2826 1969
2826 1970
2825 1971
2825 1972
2824 1973
2824 1974
2824 1975
2824 1976
2823 1977
2823 1978
2823 1979
2823 1980
2822 1981
2822 1982
2822 1983
2822 1984
2821 1985
2821 1986
2821 1987
2820 1988
2820 1989
2820 1990
2820 1991
2819 1992
2819 1993
2819 1994
2819 1995
2819 1996
2819 1997
2819 1998
2819 1999
2819 2000
2819 2001
2819 2002
2819 2003
2819 2004
2819 2005
2819 2006
2819 2007
2819 2008
2819 2009
2819 2010
2819 2011
2818 2012
2818 2013
2818 2014
2818 2015
2818 2016
2818 2017
2818 2018
2818 2019
2818 2020
2818 2021
2818 2022
2818 2023
2818 2024
2818 2025
2818 2026
2818 2027
2817 2028
2817 2029
2817 2030
2817 2031
2818 2032
2818 2033
2819 2034
2819 2035
2820 2036
2820 2037
2820 2038
2821 2039
2821 2040
2821 2041
2822 2042
2822 2043
2822 2044
2823 2045
2823 2046
2823 2047
2824 2048
2824 2049
2824 2050
2824 2051
2825 2052
2825 2053
2825 2054
2826 2055
2826 2056
2826 2057
2826 2058
2827 2059
2827 2060
2828 2061
2828 2062
2829 2063
2829 2064
2830 2065
2830 2066
2831 2067
2831 2068
2832 2069
2832 2070
2833 2071
2833 2072
2834 2073
2834 2074
2834 2075
2835 2076
2835 2077
2835 2078
2835 2079
2836 2080
2836 2081
2836 2082
2836 2083
2837 2084
2837 2085
2837 2086
2837 2087
2837 2088
2838 2089
2838 2090
2839 2091
2839 2092
2839 2093
2840 2094
2840 2095
2840 2096
2841 2097
2841 2098
2841 2099
2842 2100
2842 2101
2843 2102
2843 2103
2843 2104
2844 2105
2844 2106
2844 2107
2845 2108
2845 2109
2845 2110
2846 2111
2846 2112
2847 2113
2847 2114
2847 2115
2848 2116
2848 2117
2849 2118
2849 2119
2849 2120
2850 2121
2850 2122
2851 2123
2851 2124
2851 2125
2852 2126
2852 2127
2852 2128
2853 2129
2853 2130
2854 2131
2854 2132
2854 2133
2855 2134
2855 2135
2855 2136
2856 2137
2856 2138
2857 2139
2857 2140
2858 2141
2859 2142
2859 2143
2860 2144
2861 2144
2862 2144
2863 2145
2864 2145
2865 2146
2866 2146
2867 2145
2868 2145
2869 2144
2870 2143
2871 2143
2872 2142
2873 2141
2874 2140
2875 2139
2875 2138
2875 2137
2876 2136
2876 2135
2877 2134
2877 2133
2877 2132
2878 2131
2878 2130
2878 2129
2878 2128
2878 2127
2879 2126
2879 2125
2879 2124
2879 2123
2880 2122
2880 2121
2880 2120
2880 2119
2880 2118
2881 2117
2881 2116
2881 2115
2881 2114
2881 2113
2881 2112
2881 2111
2881 2110
2881 2109
2881 2108
2882 2107
2882 2106
2882 2105
2882 2104
2882 2103
2882 2102
2882 2101
2882 2100
2883 2099
2883 2098
2883 2097
2883 2096
2883 2095
2883 2094
2883 2093
2883 2092
2883 2091
2883 2090
2883 2089
2883 2088
2883 2087
2883 2086
2883 2085
2883 2084
2883 2083
2883 2082
2883 2081
2884 2080
2884 2079
2884 2078
2884 2077
2884 2076
2884 2075
2884 2074
2884 2073
2884 2072
2884 2071
2884 2070
2884 2069
2884 2068
2884 2067
2884 2066
2884 2065
2884 2064
2884 2063
2884 2062
2884 2061
2884 2060
2884 2059
2884 2058
2884 2057
2884 2056
2884 2055
2884 2054
2884 2053
2884 2052
2884 2051
2884 2050
2884 2049
2883 2048
2883 2047
2883 2046
2883 2045
2883 2044
2883 2043
2883 2042
2883 2041
2883 2040
2883 2039
2883 2038
2883 2037
2883 2036
2883 2035
2883 2034
2883 2033
2883 2032
2882 2031
2882 2030
2882 2029
2882 2028
2882 2027
2882 2026
2882 2025
2882 2024
2882 2023
2882 2022
2882 2021
2882 2020
2882 2019
2882 2018
2882 2017
2882 2016
2882 2015
2882 2014
2882 2013
2882 2012
2882 2011
2882 2010
2882 2009
2882 2008
2882 2007
2882 2006
2881 2005
2881 2004
2881 2003
2881 2002
2881 2001
2880 2000
2880 1999
2880 1998
2880 1997
2880 1996
2880 1995
2880 1994
2879 1993
2879 1992
2879 1991
2879 1990
2879 1989
2879 1988
2879 1987
2879 1986
2879 1985
2879 1984
2878 1983
2878 1982
2878 1981
2878 1980
2878 1979
2878 1978
2878 1977
2878 1976
2878 1975
2878 1974
2878 1973
2877 1972
2877 1971
2877 1970
2877 1969
2876 1968
2876 1967
2876 1966
2875 1965
2875 1964
2875 1963
2875 1962
2874 1961
2874 1960
2874 1959
2874 1958
2874 1957
2873 1956
2873 1955
2873 1954
2873 1953
2873 1952
2873 1951
2872 1950
2871 1949
2870 1948
2869 1948
2868 1947
2867 1946
2866 1946
2865 1945
2864 1944
2863 1944
2862 1944
2861 1944
2860 1944
2859 1944
2858 1944
2857 1944
2856 1944
2855 1944
2854 1944
2853 1944
2852 1944
2851 1944
2850 1944
2849 1944
2848 1944
2847 1944
2846 1944
2845 1944
