2883 1506
2882 1507
2881 1507
2880 1508
2879 1508
2878 1509
2877 1509
2876 1510
2875 1511
2874 1511
2873 1512
2872 1513
2871 1514
2870 1515
2869 1515
2868 1516
2867 1517
2866 1518
2865 1519
2864 1520
2864 1521
2863 1522
2862 1523
2862 1524
2861 1525
2860 1526
2860 1527
2859 1528
2859 1529
2858 1530
2858 1531
2857 1532
2857 1533
2856 1534
2856 1535
2856 1536
2855 1537
2855 1538
2854 1539
2854 1540
2853 1541
2853 1542
2852 1543
2852 1544
2851 1545
2851 1546
2850 1547
2850 1548
2849 1549
2849 1550
2848 1551
2848 1552
2847 1553
2847 1554
2847 1555
2846 1556
2846 1557
2846 1558
2845 1559
2845 1560
2844 1561
2844 1562
2844 1563
2843 1564
2843 1565
2843 1566
2842 1567
2842 1568
2841 1569
2841 1570
2840 1571
2840 1572
2840 1573
2839 1574
2839 1575
2838 1576
2838 1577
2837 1578
2837 1579
2837 1580
2836 1581
2836 1582
2836 1583
2835 1584
2835 1585
2835 1586
2834 1587
2834 1588
2834 1589
2833 1590
2833 1591
2833 1592
2832 1593
2832 1594
2831 1595
2831 1596
2830 1597
2830 1598
2830 1599
2829 1600
2829 1601
2828 1602
2828 1603
2828 1604
2827 1605
2827 1606
2826 1607
2826 1608
2826 1609
2825 1610
2825 1611
2824 1612
2824 1613
2823 1614
2823 1615
2823 1616
2822 1617
2822 1618
2821 1619
2821 1620
2820 1621
2820 1622
2819 1623
2819 1624
2818 1625
2818 1626
2817 1627
2817 1628
2816 1629
2816 1630
2815 1631
2814 1632
2814 1633
2814 1634
2813 1635
2813 1636
2812 1637
2812 1638
2811 1639
2811 1640
2810 1641
2810 1642
2809 1643
2809 1644
2808 1645
2808 1646
2807 1647
2807 1648
2806 1649
2806 1650
2805 1651
2805 1652
2804 1653
2804 1654
2803 1655
2803 1656
2802 1657
2802 1658
2802 1659
2801 1660
2801 1661
2801 1662
2801 1663
2802 1664
2801 1665
2801 1666
2801 1667
2801 1668
2801 1669
2802 1670
2802 1671
2803 1672
2803 1673
2803 1674
2803 1675
2804 1676
2804 1677
2804 1678
2805 1679
2805 1680
2806 1681
2806 1682
2806 1683
2806 1684
2807 1685
2807 1686
2807 1687
2808 1688
2808 1689
2808 1690
2809 1691
2809 1692
2809 1693
2809 1694
2810 1695
2810 1696
2811 1697
2811 1698
2811 1699
2812 1700
2812 1701
2812 1702
2813 1703
2813 1704
2813 1705
2814 1706
2814 1707
2814 1708
2815 1709
2815 1710
2815 1711
2816 1712
2816 1713
2816 1714
2817 1715
2817 1716
2817 1717
2818 1718
2818 1719
2818 1720
2818 1721
2819 1722
2819 1723
2820 1724
2820 1725
2820 1726
2820 1727
2821 1728
2821 1729
2821 1730
2822 1731
2822 1732
2822 1733
2823 1734
2823 1735
2823 1736
2823 1737
2824 1738
2824 1739
2825 1740
2825 1741
2825 1742
2825 1743
2825 1744
2826 1745
2826 1746
2826 1747
2827 1748
2827 1749
2827 1750
2828 1751
2828 1752
2828 1753
2828 1754
2829 1755
2829 1756
2829 1757
2830 1758
2830 1759
2830 1760
2830 1761
2830 1762
2830 1763
2831 1764
2831 1765
2831 1766
2832 1767
2832 1768
2832 1769
2832 1770
2833 1771
2833 1772
2833 1773
2834 1774
2834 1775
2834 1776
2834 1777
2835 1778
2835 1779
2835 1780
2835 1781
2836 1782
2836 1783
2836 1784
2836 1785
2837 1786
2837 1787
2837 1788
2837 1789
2837 1790
2838 1791
2838 1792
2838 1793
2839 1794
2839 1795
2839 1796
2839 1797
2839 1798
2840 1799
2840 1800
2840 1801
2841 1802
2841 1803
2841 1804
2841 1805
2841 1806
2842 1807
2842 1808
2842 1809
2843 1810
2843 1811
2843 1812
2843 1813
2843 1814
2843 1815
2844 1816
2844 1817
2844 1818
2845 1819
2845 1820
2845 1821
2845 1822
2845 1823
2846 1824
2846 1825
2846 1826
2847 1827
2847 1828
2847 1829
2848 1830
2848 1831
2848 1832
2849 1833
2850 1834
2850 1835
2851 1836
2852 1837
2852 1838
2853 1839
2853 1840
2854 1841
2854 1842
2855 1843
2856 1843
2857 1844
2858 1845
2859 1846
2860 1847
2861 1848
2862 1849
2863 1850
2864 1849
2865 1849
2866 1848
2867 1848
2868 1848
2869 1847
2870 1847
2871 1846
2872 1846
2873 1845
2874 1844
2875 1844
2876 1843
2877 1842
2878 1841
2879 1841
2880 1840
2881 1839
2882 1838
2883 1837
2884 1836
2885 1835
2886 1834
2887 1833
2888 1832
2889 1831
2889 1830
2890 1829
2891 1829
2891 1828
2892 1827
2893 1826
2894 1825
2895 1824
2896 1823
2897 1822
2898 1821
2898 1820
2899 1819
2900 1818
2901 1817
2902 1816
2902 1815
2903 1814
2903 1813
2904 1812
2905 1811
2905 1810
2906 1809
2907 1808
2907 1807
2907 1806
2907 1805
2908 1804
2908 1803
2909 1802
2909 1801
2910 1800
2910 1799
2910 1798
2910 1797
2910 1796
2910 1795
2911 1794
2911 1793
2911 1792
2911 1791
2912 1790
2912 1789
2912 1788
2912 1787
2912 1786
2912 1785
2912 1784
2912 1783
2912 1782
2913 1781
2913 1780
2912 1779
2913 1778
2913 1777
2913 1776
2913 1775
2913 1774
2913 1773
2913 1772
2913 1771
2913 1770
2913 1769
2913 1768
2914 1767
2914 1766
2914 1765
2914 1764
2914 1763
2914 1762
2914 1761
2914 1760
2914 1759
2915 1758
2915 1757
2915 1756
2915 1755
2915 1754
2915 1753
2915 1752
2915 1751
2915 1750
2915 1749
2916 1748
2916 1747
2915 1746
2915 1745
2916 1744
2915 1743
2915 1742
2916 1741
2916 1740
2916 1739
2916 1738
2916 1737
2916 1736
2916 1735
2916 1734
2916 1733
2916 1732
2916 1731
2916 1730
2916 1729
2916 1728
2916 1727
2916 1726
2916 1725
2916 1724
2916 1723
2916 1722
2916 1721
2916 1720
2916 1719
2916 1718
2916 1717
2916 1716
2916 1715
2916 1714
2916 1713
2916 1712
2916 1711
2916 1710
2916 1709
2916 1708
2916 1707
2916 1706
2916 1705
2916 1704
2916 1703
2916 1702
2916 1701
2916 1700
2916 1699
2916 1698
2916 1697
2916 1696
2916 1695
2916 1694
2916 1693
2916 1692
2916 1691
2916 1690
2916 1689
2916 1688
2916 1687
2916 1686
2916 1685
2916 1684
2916 1683
2916 1682
2915 1681
2915 1680
2916 1679
2916 1678
2916 1677
2916 1676
2916 1675
2916 1674
2915 1673
2915 1672
2916 1671
2916 1670
2916 1669
2916 1668
2916 1667
2916 1666
2916 1665
2916 1664
2916 1663
2916 1662
2916 1661
2916 1660
2916 1659
2916 1658
2916 1657
2916 1656
2916 1655
2916 1654
2916 1653
2916 1652
2916 1651
2916 1650
2916 1649
2916 1648
2915 1647
2915 1646
2915 1645
2916 1644
2916 1643
2916 1642
2916 1641
2915 1640
2915 1639
2915 1638
2915 1637
2915 1636
2915 1635
2915 1634
2915 1633
2915 1632
2915 1631
2915 1630
2914 1629
2914 1628
2914 1627
2914 1626
2914 1625
2914 1624
2914 1623
2914 1622
2914 1621
2914 1620
2914 1619
2914 1618
2914 1617
2914 1616
2914 1615
2913 1614
2913 1613
2913 1612
2913 1611
2913 1610
2913 1609
2913 1608
2913 1607
2913 1606
2913 1605
2913 1604
2912 1603
2912 1602
2912 1601
2912 1600
2912 1599
2912 1598
2912 1597
2912 1596
2912 1595
2911 1594
2911 1593
2911 1592
2911 1591
2911 1590
2911 1589
2911 1588
2911 1587
2911 1586
2910 1585
2911 1584
2911 1583
2911 1582
2911 1581
2911 1580
2910 1579
2910 1578
2910 1577
2910 1576
2910 1575
2910 1574
2910 1573
2910 1572
2910 1571
2909 1570
2909 1569
2909 1568
2909 1567
2909 1566
2909 1565
2909 1564
2909 1563
2908 1562
2908 1561
2908 1560
2907 1559
2907 1558
2907 1557
2907 1556
2907 1555
2907 1554
2907 1553
2907 1552
2907 1551
2906 1550
2907 1549
2907 1548
2907 1547
2907 1546
2906 1545
2906 1544
2906 1543
2906 1542
2906 1541
2906 1540
2906 1539
2906 1538
2906 1537
2905 1536
2905 1535
2905 1534
2905 1533
2905 1532
2905 1531
2905 1530
2905 1529
2905 1528
2904 1527
2904 1526
2904 1525
2903 1524
2903 1523
2903 1522
2903 1521
2903 1520
2902 1519
2902 1518
2901 1517
2901 1516
2900 1515
2900 1514
2900 1513
2899 1512
2898 1511
2897 1510
2896 1509
2895 1509
2894 1508
2893 1507
2892 1507
2891 1506
2890 1506
2889 1506
2888 1506
2887 1506
2886 1506
2885 1506
2884 1506
2883 1506
