2883 1036
2882 1037
2881 1037
2880 1037
2879 1037
2878 1038
2877 1038
2876 1038
2875 1038
2874 1038
2873 1039
2872 1039
2871 1040
2870 1040
2869 1041
2868 1041
2867 1041
2866 1042
2865 1042
2864 1043
2863 1043
2862 1044
2861 1044
2860 1045
2859 1046
2858 1046
2857 1047
2856 1047
2855 1048
2854 1049
2853 1049
2852 1050
2851 1050
2850 1051
2849 1052
2848 1052
2847 1053
2846 1054
2845 1055
2844 1055
2843 1056
2842 1057
2841 1057
2840 1058
2839 1059
2838 1060
2837 1061
2836 1062
2835 1062
2834 1063
2833 1064
2832 1065
2831 1066
2830 1067
2829 1068
2828 1069
2827 1070
2826 1071
2826 1072
2825 1073
2824 1074
2823 1075
2823 1076
2822 1077
2822 1078
2821 1079
2821 1080
2821 1081
2820 1082
2820 1083
2819 1084
2819 1085
2818 1086
2818 1087
2817 1088
2817 1089
2817 1090
2816 1091
2816 1092
2815 1093
2815 1094
2814 1095
2814 1096
2813 1097
2813 1098
2813 1099
2812 1100
2812 1101
2811 1102
2811 1103
2811 1104
2810 1105
2810 1106
2810 1107
2810 1108
2809 1109
2809 1110
2808 1111
2808 1112
2808 1113
2808 1114
2807 1115
2807 1116
2807 1117
2806 1118
2806 1119
2806 1120
2805 1121
2805 1122
2805 1123
2804 1124
2804 1125
2804 1126
2803 1127
2803 1128
2803 1129
2803 1130
2802 1131
2802 1132
2802 1133
2802 1134
2801 1135
2801 1136
2800 1137
2800 1138
2800 1139
2800 1140
2799 1141
2799 1142
2799 1143
2798 1144
2798 1145
2797 1146
2797 1147
2797 1148
2797 1149
2796 1150
2796 1151
2796 1152
2795 1153
2795 1154
2795 1155
2794 1156
2794 1157
2794 1158
2793 1159
2793 1160
2793 1161
2792 1162
2792 1163
2792 1164
2792 1165
2792 1166
2792 1167
2792 1168
2792 1169
2792 1170
2792 1171
2792 1172
2793 1173
2793 1174
2794 1175
2794 1176
2794 1177
2794 1178
2795 1179
2795 1180
2795 1181
2796 1182
2796 1183
2796 1184
2797 1185
2797 1186
2797 1187
2797 1188
2798 1189
2798 1190
2799 1191
2799 1192
2800 1193
2800 1194
2800 1195
2801 1196
2801 1197
2802 1198
2802 1199
2803 1200
2803 1201
2803 1202
2804 1203
2804 1204
2804 1205
2805 1206
2805 1207
2806 1208
2806 1209
2807 1210
2807 1211
2807 1212
2808 1213
2808 1214
2808 1215
2809 1216
2809 1217
2810 1218
2810 1219
2810 1220
2810 1221
2811 1222
2811 1223
2812 1224
2812 1225
2813 1226
2813 1227
2813 1228
2813 1229
2814 1230
2814 1231
2814 1232
2815 1233
2815 1234
2816 1235
2816 1236
2816 1237
2816 1238
2817 1239
2817 1240
2817 1241
2818 1242
2818 1243
2818 1244
2819 1245
2819 1246
2819 1247
2820 1248
2820 1249
2821 1250
2821 1251
2821 1252
2822 1253
2822 1254
2822 1255
2822 1256
2823 1257
2823 1258
2824 1259
2824 1260
2824 1261
2824 1262
2825 1263
2825 1264
2825 1265
2826 1266
2826 1267
2826 1268
2827 1269
2827 1270
2827 1271
2828 1272
2828 1273
2828 1274
2829 1275
2829 1276
2830 1277
2830 1278
2830 1279
2830 1280
2831 1281
2831 1282
2832 1283
2832 1284
2832 1285
2833 1286
2833 1287
2833 1288
2834 1289
2834 1290
2834 1291
2835 1292
2835 1293
2836 1294
2836 1295
2836 1296
2836 1297
2837 1298
2837 1299
2837 1300
2838 1301
2838 1302
2839 1303
2839 1304
2839 1305
2839 1306
2839 1307
2840 1308
2840 1309
2841 1310
2841 1311
2841 1312
2841 1313
2841 1314
2842 1315
2842 1316
2842 1317
2843 1318
2843 1319
2843 1320
2844 1321
2844 1322
2844 1323
2844 1324
2845 1325
2845 1326
2846 1327
2846 1328
2846 1329
2846 1330
2846 1331
2847 1332
2847 1333
2847 1334
2848 1335
2848 1336
2848 1337
2848 1338
2849 1339
2849 1340
2849 1341
2849 1342
2850 1343
2850 1344
2850 1345
2851 1346
2851 1347
2851 1348
2851 1349
2852 1350
2852 1351
2852 1352
2853 1353
2853 1354
2853 1355
2853 1356
2854 1357
2854 1358
2854 1359
2855 1360
2855 1361
2855 1362
2856 1363
2856 1364
2856 1365
2856 1366
2857 1367
2857 1368
2857 1369
2858 1370
2858 1371
2858 1372
2858 1373
2859 1374
2859 1375
2859 1376
2860 1377
2860 1378
2860 1379
2860 1380
2861 1381
2861 1382
2861 1383
2861 1384
2862 1385
2862 1386
2862 1387
2862 1388
2863 1389
2863 1390
2863 1391
2863 1392
2864 1393
2864 1394
2864 1395
2864 1396
2865 1397
2865 1398
2865 1399
2865 1400
2866 1401
2866 1402
2866 1403
2867 1404
2867 1405
2867 1406
2868 1407
2868 1408
2868 1409
2869 1410
2869 1411
2870 1412
2870 1413
2870 1414
2871 1415
2871 1416
2872 1417
2872 1418
2872 1419
2873 1420
2873 1421
2874 1421
2875 1422
2876 1423
2877 1424
2878 1424
2879 1425
2880 1426
2881 1427
2882 1428
2883 1428
2884 1429
2885 1428
2886 1427
2887 1427
2888 1426
2889 1426
2890 1425
2891 1425
2892 1424
2893 1424
2894 1423
2894 1422
2895 1421
2896 1420
2897 1419
2897 1418
2898 1417
2899 1416
2900 1415
2900 1414
2901 1413
2902 1412
2902 1411
2902 1410
2903 1409
2903 1408
2904 1407
2904 1406
2904 1405
2905 1404
2905 1403
2905 1402
2905 1401
2905 1400
2905 1399
2906 1398
2906 1397
2906 1396
2906 1395
2906 1394
2906 1393
2906 1392
2906 1391
2906 1390
2906 1389
2907 1388
2907 1387
2907 1386
2907 1385
2907 1384
2907 1383
2907 1382
2907 1381
2907 1380
2907 1379
2908 1378
2908 1377
2908 1376
2908 1375
2908 1374
2908 1373
2908 1372
2908 1371
2908 1370
2908 1369
2909 1368
2908 1367
2908 1366
2909 1365
2909 1364
2909 1363
2909 1362
2909 1361
2909 1360
2909 1359
2909 1358
2909 1357
2909 1356
2910 1355
2910 1354
2910 1353
2910 1352
2910 1351
2910 1350
2910 1349
2910 1348
2910 1347
2910 1346
2911 1345
2910 1344
2910 1343
2911 1342
2910 1341
2911 1340
2911 1339
2911 1338
2911 1337
2911 1336
2911 1335
2911 1334
2911 1333
2911 1332
2911 1331
2911 1330
2911 1329
2912 1328
2912 1327
2912 1326
2912 1325
2911 1324
2912 1323
2912 1322
2912 1321
2912 1320
2912 1319
2912 1318
2912 1317
2911 1316
2911 1315
2911 1314
2912 1313
2912 1312
2912 1311
2912 1310
2912 1309
2912 1308
2911 1307
2912 1306
2912 1305
2912 1304
2912 1303
2912 1302
2912 1301
2912 1300
2912 1299
2912 1298
2912 1297
2912 1296
2912 1295
2912 1294
2912 1293
2912 1292
2912 1291
2912 1290
2912 1289
2912 1288
2912 1287
2913 1286
2913 1285
2912 1284
2912 1283
2912 1282
2912 1281
2912 1280
2912 1279
2913 1278
2913 1277
2913 1276
2912 1275
2912 1274
2912 1273
2912 1272
2912 1271
2913 1270
2913 1269
2913 1268
2913 1267
2913 1266
2913 1265
2913 1264
2913 1263
2913 1262
2913 1261
2913 1260
2913 1259
2913 1258
2913 1257
2913 1256
2913 1255
2913 1254
2913 1253
2913 1252
2913 1251
2913 1250
2913 1249
2913 1248
2913 1247
2913 1246
2913 1245
2913 1244
2913 1243
2913 1242
2913 1241
2913 1240
2912 1239
2912 1238
2912 1237
2912 1236
2913 1235
2913 1234
2912 1233
2912 1232
2912 1231
2912 1230
2912 1229
2912 1228
2913 1227
2913 1226
2913 1225
2912 1224
2912 1223
2912 1222
2912 1221
2913 1220
2913 1219
2913 1218
2913 1217
2913 1216
2913 1215
2913 1214
2912 1213
2913 1212
2913 1211
2913 1210
2913 1209
2913 1208
2913 1207
2913 1206
2912 1205
2912 1204
2913 1203
2913 1202
2913 1201
2913 1200
2912 1199
2912 1198
2912 1197
2912 1196
2912 1195
2912 1194
2912 1193
2912 1192
2912 1191
2912 1190
2912 1189
2912 1188
2912 1187
2912 1186
2912 1185
2912 1184
2912 1183
2912 1182
2912 1181
2911 1180
2911 1179
2912 1178
2912 1177
2912 1176
2912 1175
2912 1174
2911 1173
2911 1172
2911 1171
2911 1170
2911 1169
2911 1168
2911 1167
2911 1166
2911 1165
2911 1164
2911 1163
2911 1162
2911 1161
2911 1160
2911 1159
2911 1158
2911 1157
2911 1156
2911 1155
2910 1154
2910 1153
2910 1152
2911 1151
2911 1150
2911 1149
2910 1148
2910 1147
2910 1146
2910 1145
2910 1144
2910 1143
2910 1142
2910 1141
2910 1140
2910 1139
2910 1138
2909 1137
2909 1136
2909 1135
2910 1134
2910 1133
2909 1132
2909 1131
2909 1130
2909 1129
2909 1128
2909 1127
2909 1126
2909 1125
2909 1124
2909 1123
2909 1122
2908 1121
2908 1120
2908 1119
2908 1118
2908 1117
2908 1116
2908 1115
2908 1114
2908 1113
2908 1112
2908 1111
2908 1110
2908 1109
2908 1108
2908 1107
2908 1106
2908 1105
2907 1104
2907 1103
2907 1102
2907 1101
2907 1100
2907 1099
2907 1098
2907 1097
2907 1096
2906 1095
2906 1094
2906 1093
2906 1092
2906 1091
2906 1090
2906 1089
2906 1088
2906 1087
2905 1086
2905 1085
2905 1084
2905 1083
2905 1082
2905 1081
2905 1080
2905 1079
2904 1078
2904 1077
2904 1076
2904 1075
2904 1074
2904 1073
2903 1072
2903 1071
2903 1070
2903 1069
2903 1068
2903 1067
2903 1066
2903 1065
2903 1064
2903 1063
2903 1062
2903 1061
2903 1060
2903 1059
2903 1058
2903 1057
2903 1056
2902 1055
2903 1054
2903 1053
2902 1052
2902 1051
2902 1050
2901 1049
2901 1048
2901 1047
2900 1046
2900 1045
2899 1044
2899 1043
2898 1042
2897 1041
2896 1040
2895 1039
2894 1038
2893 1037
2893 1036
2892 1036
2891 1036
2890 1036
2889 1036
2888 1036
2887 1036
2886 1036
2885 1036
2884 1036
2883 1036
