2895 434
2894 435
2893 435
2892 435
2891 436
2890 436
2889 436
2888 437
2887 437
2886 438
2885 439
2884 440
2883 441
2882 442
2881 443
2880 444
2879 445
2878 446
2877 447
2877 448
2876 449
2876 450
2875 451
2875 452
2874 453
2874 454
2873 455
2873 456
2873 457
2872 458
2872 459
2872 460
2871 461
2871 462
2870 463
2870 464
2870 465
2869 466
2869 467
2869 468
2868 469
2868 470
2868 471
2867 472
2867 473
2866 474
2866 475
2866 476
2865 477
2865 478
2865 479
2864 480
2864 481
2864 482
2863 483
2863 484
2863 485
2862 486
2862 487
2862 488
2861 489
2861 490
2860 491
2860 492
2860 493
2859 494
2859 495
2859 496
2858 497
2858 498
2858 499
2857 500
2857 501
2857 502
2856 503
2856 504
2855 505
2855 506
2855 507
2855 508
2854 509
2854 510
2853 511
2853 512
2853 513
2852 514
2852 515
2852 516
2851 517
2851 518
2851 519
2850 520
2850 521
2849 522
2849 523
2848 524
2848 525
2848 526
2847 527
2847 528
2846 529
2846 530
2846 531
2845 532
2845 533
2845 534
2844 535
2844 536
2843 537
2843 538
2843 539
2842 540
2842 541
2842 542
2841 543
2841 544
2841 545
2840 546
2840 547
2840 548
2839 549
2839 550
2839 551
2839 552
2838 553
2838 554
2838 555
2838 556
2838 557
2838 558
2837 559
2837 560
2837 561
2837 562
2837 563
2837 564
2837 565
2837 566
2836 567
2837 568
2837 569
2837 570
2837 571
2837 572
2837 573
2837 574
2837 575
2837 576
2837 577
2837 578
2838 579
2838 580
2838 581
2838 582
2838 583
2838 584
2838 585
2838 586
2838 587
2839 588
2839 589
2839 590
2839 591
2839 592
2839 593
2839 594
2839 595
2839 596
2840 597
2840 598
2840 599
2840 600
2840 601
2840 602
2840 603
2840 604
2840 605
2840 606
2841 607
2841 608
2841 609
2841 610
2841 611
2841 612
2841 613
2841 614
2842 615
2842 616
2842 617
2842 618
2842 619
2842 620
2842 621
2842 622
2842 623
2842 624
2842 625
2842 626
2842 627
2842 628
2842 629
2842 630
2842 631
2842 632
2843 633
2843 634
2843 635
2843 636
2843 637
2843 638
2843 639
2843 640
2843 641
2843 642
2843 643
2843 644
2843 645
2843 646
2843 647
2843 648
2843 649
2843 650
2843 651
2843 652
2843 653
2843 654
2843 655
2843 656
2843 657
2843 658
2843 659
2843 660
2843 661
2843 662
2843 663
2843 664
2843 665
2843 666
2843 667
2843 668
2843 669
2843 670
2843 671
2843 672
2843 673
2843 674
2843 675
2843 676
2843 677
2843 678
2843 679
2843 680
2843 681
2843 682
2843 683
2844 684
2844 685
2844 686
2844 687
2844 688
2844 689
2844 690
2844 691
2844 692
2844 693
2844 694
2844 695
2844 696
2844 697
2844 698
2844 699
2844 700
2844 701
2844 702
2844 703
2844 704
2844 705
2845 706
2845 707
2845 708
2845 709
2845 710
2845 711
2845 712
2845 713
2845 714
2845 715
2845 716
2845 717
2845 718
2845 719
2845 720
2845 721
2845 722
2845 723
2845 724
2845 725
2845 726
2845 727
2845 728
2845 729
2845 730
2845 731
2845 732
2845 733
2845 734
2845 735
2845 736
2845 737
2845 738
2845 739
2845 740
2845 741
2845 742
2845 743
2845 744
2845 745
2845 746
2845 747
2845 748
2845 749
2845 750
2845 751
2845 752
2845 753
2845 754
2845 755
2845 756
2845 757
2845 758
2845 759
2845 760
2845 761
2845 762
2845 763
2845 764
2845 765
2845 766
2845 767
2845 768
2845 769
2845 770
2845 771
2845 772
2845 773
2845 774
2845 775
2845 776
2845 777
2845 778
2845 779
2844 780
2844 781
2844 782
2844 783
2844 784
2844 785
2844 786
2844 787
2844 788
2844 789
2844 790
2844 791
2844 792
2844 793
2844 794
2844 795
2844 796
2844 797
2844 798
2844 799
2844 800
2844 801
2844 802
2844 803
2844 804
2844 805
2844 806
2844 807
2844 808
2844 809
2844 810
2844 811
2844 812
2844 813
2844 814
2844 815
2844 816
2844 817
2843 818
2843 819
2843 820
2843 821
2843 822
2843 823
2843 824
2843 825
2843 826
2843 827
2843 828
2843 829
2843 830
2843 831
2843 832
2843 833
2843 834
2843 835
2843 836
2842 837
2842 838
2842 839
2842 840
2842 841
2842 842
2842 843
2842 844
2842 845
2842 846
2842 847
2842 848
2842 849
2841 850
2841 851
2841 852
2841 853
2841 854
2841 855
2841 856
2841 857
2841 858
2841 859
2841 860
2841 861
2841 862
2841 863
2841 864
2841 865
2841 866
2841 867
2841 868
2841 869
2841 870
2841 871
2841 872
2840 873
2840 874
2840 875
2840 876
2840 877
2840 878
2840 879
2840 880
2840 881
2840 882
2840 883
2840 884
2840 885
2840 886
2840 887
2840 888
2840 889
2840 890
2840 891
2840 892
2840 893
2840 894
2840 895
2840 896
2840 897
2840 898
2840 899
2840 900
2840 901
2840 902
2840 903
2840 904
2840 905
2840 906
2840 907
2840 908
2840 909
2840 910
2840 911
2840 912
2840 913
2840 914
2840 915
2840 916
2840 917
2840 918
2840 919
2840 920
2841 921
2841 922
2841 923
2841 924
2841 925
2841 926
2842 927
2842 928
2842 929
2842 930
2843 931
2843 932
2844 933
2845 934
2845 935
2846 936
2846 937
2847 938
2848 939
2849 939
2850 940
2851 940
2852 941
2853 942
2854 942
2855 942
2856 943
2857 942
2858 942
2859 942
2860 942
2861 942
2862 942
2863 941
2864 941
2865 941
2866 941
2867 940
2868 939
2869 939
2870 938
2871 937
2872 937
2873 936
2874 935
2875 935
2875 934
2876 933
2877 932
2878 931
2879 930
2879 929
2880 928
2881 927
2882 926
2882 925
2883 924
2884 923
2884 922
2885 921
2886 920
2886 919
2887 918
2888 917
2888 916
2889 915
2889 914
2890 913
2891 912
2891 911
2892 910
2892 909
2893 908
2893 907
2894 906
2894 905
2894 904
2895 903
2895 902
2896 901
2896 900
2897 899
2897 898
2897 897
2898 896
2898 895
2898 894
2899 893
2899 892
2899 891
2900 890
2900 889
2900 888
2900 887
2901 886
2901 885
2901 884
2901 883
2901 882
2901 881
2901 880
2902 879
2902 878
2902 877
2902 876
2902 875
2902 874
2902 873
2902 872
2902 871
2902 870
2902 869
2902 868
2903 867
2903 866
2903 865
2903 864
2903 863
2903 862
2903 861
2903 860
2903 859
2903 858
2903 857
2903 856
2903 855
2903 854
2903 853
2903 852
2903 851
2903 850
2903 849
2903 848
2903 847
2903 846
2903 845
2904 844
2904 843
2904 842
2904 841
2904 840
2904 839
2904 838
2904 837
2904 836
2904 835
2904 834
2904 833
2904 832
2904 831
2904 830
2904 829
2904 828
2904 827
2904 826
2904 825
2904 824
2904 823
2904 822
2904 821
2904 820
2905 819
2905 818
2905 817
2905 816
2905 815
2905 814
2905 813
2905 812
2905 811
2905 810
2905 809
2905 808
2905 807
2905 806
2905 805
2905 804
2905 803
2905 802
2905 801
2905 800
2905 799
2905 798
2905 797
2905 796
2905 795
2905 794
2905 793
2905 792
2905 791
2905 790
2905 789
2905 788
2905 787
2905 786
2905 785
2906 784
2906 783
2906 782
2906 781
2906 780
2906 779
2906 778
2906 777
2906 776
2906 775
2906 774
2906 773
2906 772
2906 771
2906 770
2906 769
2906 768
2906 767
2906 766
2906 765
2906 764
2907 763
2907 762
2907 761
2907 760
2907 759
2907 758
2907 757
2907 756
2907 755
2907 754
2907 753
2907 752
2907 751
2907 750
2907 749
2907 748
2907 747
2907 746
2907 745
2907 744
2907 743
2907 742
2907 741
2907 740
2907 739
2907 738
2907 737
2907 736
2907 735
2907 734
2907 733
2907 732
2908 731
2908 730
2908 729
2908 728
2908 727
2908 726
2908 725
2908 724
2908 723
2908 722
2908 721
2908 720
2908 719
2908 718
2908 717
2908 716
2908 715
2908 714
2908 713
2908 712
2908 711
2908 710
2909 709
2909 708
2909 707
2909 706
2909 705
2909 704
2909 703
2909 702
2909 701
2909 700
2909 699
2909 698
2909 697
2909 696
2909 695
2909 694
2909 693
2909 692
2909 691
2909 690
2909 689
2909 688
2909 687
2909 686
2909 685
2909 684
2910 683
2910 682
2910 681
2910 680
2910 679
2910 678
2910 677
2910 676
2910 675
2910 674
2910 673
2910 672
2910 671
2910 670
2910 669
2910 668
2910 667
2910 666
2910 665
2910 664
2910 663
2910 662
2910 661
2910 660
2910 659
2910 658
2910 657
2910 656
2910 655
2910 654
2910 653
2910 652
2910 651
2910 650
2910 649
2910 648
2910 647
2910 646
2910 645
2910 644
2910 643
2911 642
2911 641
2911 640
2911 639
2911 638
2911 637
2911 636
2911 635
2911 634
2911 633
2911 632
2911 631
2911 630
2911 629
2911 628
2911 627
2912 626
2912 625
2912 624
2912 623
2912 622
2912 621
2912 620
2912 619
2912 618
2912 617
2912 616
2912 615
2912 614
2912 613
2912 612
2912 611
2912 610
2912 609
2912 608
2912 607
2912 606
2912 605
2912 604
2912 603
2912 602
2912 601
2912 600
2911 599
2911 598
2911 597
2911 596
2911 595
2911 594
2911 593
2911 592
2911 591
2911 590
2911 589
2911 588
2911 587
2911 586
2911 585
2911 584
2911 583
2911 582
2911 581
2911 580
2911 579
2911 578
2911 577
2911 576
2911 575
2911 574
2911 573
2911 572
2911 571
2911 570
2911 569
2911 568
2911 567
2911 566
2911 565
2911 564
2911 563
2911 562
2911 561
2911 560
2911 559
2911 558
2911 557
2911 556
2911 555
2911 554
2911 553
2911 552
2911 551
2911 550
2911 549
2911 548
2911 547
2911 546
2911 545
2911 544
2911 543
2911 542
2911 541
2911 540
2911 539
2911 538
2911 537
2911 536
2911 535
2911 534
2911 533
2911 532
2911 531
2910 530
2910 529
2910 528
2910 527
2910 526
2910 525
2910 524
2910 523
2910 522
2910 521
2910 520
2910 519
2910 518
2910 517
2910 516
2910 515
2910 514
2910 513
2910 512
2910 511
2910 510
2910 509
2910 508
2910 507
2910 506
2910 505
2910 504
2910 503
2910 502
2910 501
2910 500
2910 499
2910 498
2910 497
2909 496
2909 495
2909 494
2909 493
2909 492
2909 491
2909 490
2909 489
2909 488
2909 487
2909 486
2909 485
2909 484
2909 483
2909 482
2909 481
2909 480
2909 479
2909 478
2908 477
2908 476
2908 475
2908 474
2908 473
2908 472
2908 471
2908 470
2908 469
2908 468
2908 467
2908 466
2908 465
2908 464
2908 463
2908 462
2907 461
2907 460
2907 459
2907 458
2907 457
2907 456
2906 455
2906 454
2906 453
2906 452
2906 451
2905 450
2905 449
2905 448
2905 447
2904 446
2904 445
2904 444
2904 443
2903 442
2903 441
2902 440
2902 439
2901 438
2900 437
2899 437
2898 436
2897 435
2896 435
2895 434
