2909 88
2908 89
2907 89
2906 90
2905 91
2904 91
2903 92
2902 93
2901 94
2900 94
2899 95
2898 96
2897 96
2896 97
2895 98
2894 99
2893 100
2893 101
2892 102
2891 103
2891 104
2890 105
2890 106
2889 107
2888 108
2887 109
2887 110
2886 111
2885 112
2885 113
2884 114
2883 115
2883 116
2882 117
2881 118
2880 119
2880 120
2880 121
2879 122
2879 123
2878 124
2878 125
2878 126
2878 127
2877 128
2877 129
2876 130
2876 131
2876 132
2875 133
2875 134
2874 135
2874 136
2874 137
2874 138
2873 139
2873 140
2872 141
2872 142
2872 143
2871 144
2871 145
2870 146
2870 147
2870 148
2870 149
2869 150
2869 151
2868 152
2868 153
2868 154
2867 155
2867 156
2867 157
2866 158
2866 159
2866 160
2865 161
2865 162
2864 163
2864 164
2864 165
2863 166
2863 167
2862 168
2862 169
2862 170
2861 171
2861 172
2860 173
2860 174
2860 175
2859 176
2859 177
2858 178
2858 179
2858 180
2857 181
2857 182
2856 183
2856 184
2856 185
2856 186
2855 187
2855 188
2854 189
2854 190
2854 191
2853 192
2853 193
2852 194
2852 195
2851 196
2851 197
2851 198
2850 199
2850 200
2849 201
2849 202
2849 203
2848 204
2848 205
2847 206
2847 207
2847 208
2846 209
2846 210
2845 211
2845 212
2845 213
2844 214
2844 215
2843 216
2843 217
2843 218
2843 219
2842 220
2842 221
2841 222
2841 223
2841 224
2840 225
2840 226
2839 227
2839 228
2839 229
2838 230
2838 231
2837 232
2837 233
2837 234
2837 235
2836 236
2835 237
2835 238
2835 239
2835 240
2834 241
2834 242
2833 243
2833 244
2833 245
2833 246
2832 247
2832 248
2833 249
2833 250
2833 251
2833 252
2833 253
2833 254
2833 255
2833 256
2834 257
2834 258
2834 259
2835 260
2835 261
2835 262
2836 263
2836 264
2837 265
2837 266
2838 267
2838 268
2839 269
2839 270
2840 271
2841 272
2841 273
2842 274
2842 275
2843 276
2843 277
2844 278
2845 279
2845 280
2846 281
2846 282
2847 283
2848 284
2848 285
2849 286
2849 287
2850 288
2850 289
2851 290
2852 291
2852 292
2852 293
2853 294
2854 295
2854 296
2855 297
2855 298
2856 299
2856 300
2857 301
2858 302
2858 303
2859 304
2859 305
2860 306
2860 307
2861 308
2861 309
2862 310
2862 311
2863 312
2863 313
2864 314
2865 315
2865 316
2866 317
2866 318
2867 319
2867 320
2868 321
2868 322
2869 323
2869 324
2870 325
2870 326
2871 327
2871 328
2872 329
2872 330
2873 331
2874 332
2875 333
2875 334
2876 335
2877 336
2878 337
2878 338
2879 339
2880 339
2881 340
2882 340
2883 340
2884 341
2885 341
2886 342
2887 342
2888 342
2889 343
2890 342
2891 342
2892 342
2893 341
2894 341
2895 340
2896 340
2897 340
2898 339
2899 338
2900 337
2901 336
2901 335
2902 334
2903 333
2904 332
2905 331
2905 330
2906 329
2906 328
2907 327
2907 326
2908 325
2908 324
2908 323
2909 322
2909 321
2910 320
2910 319
2910 318
2910 317
2910 316
2911 315
2911 314
2911 313
2912 312
2912 311
2912 310
2912 309
2912 308
2912 307
2913 306
2913 305
2913 304
2913 303
2914 302
2914 301
2914 300
2914 299
2914 298
2914 297
2915 296
2915 295
2915 294
2915 293
2915 292
2915 291
2915 290
2915 289
2916 288
2916 287
2916 286
2916 285
2916 284
2916 283
2917 282
2917 281
2917 280
2917 279
2917 278
2917 277
2917 276
2917 275
2917 274
2917 273
2918 272
2918 271
2918 270
2918 269
2918 268
2918 267
2918 266
2918 265
2918 264
2918 263
2918 262
2919 261
2919 260
2919 259
2919 258
2919 257
2919 256
2919 255
2919 254
2919 253
2919 252
2919 251
2920 250
2920 249
2920 248
2920 247
2920 246
2920 245
2920 244
2920 243
2920 242
2920 241
2920 240
2920 239
2920 238
2920 237
2920 236
2920 235
2920 234
2920 233
2920 232
2920 231
2920 230
2920 229
2920 228
2921 227
2920 226
2920 225
2920 224
2921 223
2921 222
2921 221
2921 220
2921 219
2921 218
2921 217
2921 216
2921 215
2921 214
2921 213
2921 212
2921 211
2921 210
2921 209
2921 208
2921 207
2921 206
2921 205
2921 204
2921 203
2921 202
2921 201
2921 200
2921 199
2921 198
2921 197
2921 196
2921 195
2921 194
2921 193
2921 192
2921 191
2921 190
2921 189
2921 188
2921 187
2921 186
2921 185
2921 184
2921 183
2921 182
2921 181
2921 180
2921 179
2921 178
2921 177
2921 176
2921 175
2921 174
2921 173
2921 172
2921 171
2921 170
2921 169
2921 168
2921 167
2921 166
2921 165
2921 164
2921 163
2921 162
2921 161
2921 160
2921 159
2920 158
2921 157
2921 156
2921 155
2921 154
2920 153
2920 152
2920 151
2920 150
2920 149
2920 148
2920 147
2920 146
2920 145
2920 144
2920 143
2920 142
2920 141
2920 140
2920 139
2920 138
2920 137
2920 136
2920 135
2920 134
2920 133
2920 132
2920 131
2920 130
2920 129
2920 128
2920 127
2920 126
2920 125
2920 124
2920 123
2920 122
2920 121
2919 120
2919 119
2919 118
2919 117
2919 116
2919 115
2919 114
2919 113
2919 112
2919 111
2919 110
2919 109
2919 108
2919 107
2919 106
2919 105
2918 104
2918 103
2918 102
2918 101
2918 100
2918 99
2917 98
2917 97
2917 96
2916 95
2916 94
2916 93
2915 92
2915 91
2914 91
2913 90
2912 89
2911 89
2910 88
2909 88
