2635 2224
2634 2225
2633 2225
2632 2225
2631 2225
2630 2225
2629 2225
2628 2225
2627 2225
2626 2226
2625 2227
2624 2228
2623 2229
2622 2230
2621 2231
2620 2232
2619 2233
2618 2234
2617 2235
2617 2236
2616 2237
2616 2238
2615 2239
2614 2240
2614 2241
2613 2242
2612 2243
2612 2244
2611 2245
2611 2246
2610 2247
2610 2248
2609 2249
2609 2250
2608 2251
2608 2252
2607 2253
2607 2254
2606 2255
2606 2256
2605 2257
2605 2258
2604 2259
2604 2260
2603 2261
2603 2262
2602 2263
2602 2264
2601 2265
2601 2266
2600 2267
2600 2268
2599 2269
2598 2270
2598 2271
2597 2272
2596 2273
2596 2274
2595 2275
2595 2276
2595 2277
2594 2278
2594 2279
2593 2280
2593 2281
2592 2282
2592 2283
2591 2284
2590 2285
2590 2286
2589 2287
2589 2288
2589 2289
2588 2290
2588 2291
2587 2292
2587 2293
2586 2294
2586 2295
2585 2296
2585 2297
2585 2298
2585 2299
2584 2300
2584 2301
2584 2302
2583 2303
2583 2304
2583 2305
2583 2306
2582 2307
2582 2308
2582 2309
2582 2310
2581 2311
2581 2312
2581 2313
2581 2314
2581 2315
2581 2316
2581 2317
2582 2318
2582 2319
2582 2320
2582 2321
2582 2322
2583 2323
2583 2324
2584 2325
2585 2326
2586 2327
2586 2328
2587 2329
2587 2330
2588 2331
2589 2332
2590 2333
2590 2334
2591 2335
2591 2336
2592 2337
2592 2338
2593 2339
2594 2340
2594 2341
2595 2342
2595 2343
2596 2344
2597 2345
2598 2346
2599 2347
2599 2348
2600 2349
2601 2350
2602 2351
2602 2352
2603 2353
2603 2354
2604 2355
2604 2356
2605 2357
2605 2358
2606 2359
2606 2360
2607 2361
2607 2362
2608 2363
2608 2364
2609 2365
2609 2366
2610 2367
2611 2368
2611 2369
2612 2370
2612 2371
2613 2372
2614 2373
2614 2374
2615 2375
2616 2376
2616 2377
2617 2378
2618 2379
2618 2380
2619 2381
2620 2382
2621 2383
2621 2384
2622 2385
2622 2386
2623 2387
2624 2388
2625 2389
2625 2390
2626 2391
2627 2392
2627 2393
2628 2394
2629 2395
2630 2396
2631 2397
2631 2398
2632 2399
2633 2400
2634 2401
2635 2401
2636 2402
2637 2402
2638 2403
2639 2403
2640 2403
2641 2404
2642 2404
2643 2404
2644 2405
2645 2405
2646 2405
2647 2405
2648 2405
2649 2404
2650 2403
2650 2402
2651 2401
2652 2400
2652 2399
2653 2398
2653 2397
2653 2396
2654 2395
2654 2394
2655 2393
2655 2392
2655 2391
2656 2390
2656 2389
2656 2388
2657 2387
2657 2386
2657 2385
2658 2384
2658 2383
2658 2382
2658 2381
2658 2380
2659 2379
2659 2378
2659 2377
2660 2376
2660 2375
2660 2374
2661 2373
2661 2372
2661 2371
2661 2370
2661 2369
2661 2368
2662 2367
2662 2366
2662 2365
2662 2364
2663 2363
2663 2362
2663 2361
2663 2360
2663 2359
2663 2358
2663 2357
2664 2356
2664 2355
2664 2354
2664 2353
2665 2352
2665 2351
2665 2350
2665 2349
2665 2348
2665 2347
2665 2346
2665 2345
2666 2344
2666 2343
2666 2342
2666 2341
2667 2340
2667 2339
2667 2338
2667 2337
2667 2336
2668 2335
2668 2334
2668 2333
2669 2332
2669 2331
2669 2330
2669 2329
2669 2328
2669 2327
2670 2326
2670 2325
2670 2324
2670 2323
2670 2322
2671 2321
2671 2320
2671 2319
2671 2318
2671 2317
2671 2316
2672 2315
2672 2314
2672 2313
2672 2312
2672 2311
2672 2310
2673 2309
2673 2308
2673 2307
2673 2306
2673 2305
2673 2304
2673 2303
2673 2302
2673 2301
2674 2300
2674 2299
2674 2298
2674 2297
2674 2296
2674 2295
2674 2294
2674 2293
2674 2292
2674 2291
2674 2290
2674 2289
2674 2288
2675 2287
2675 2286
2675 2285
2675 2284
2675 2283
2675 2282
2675 2281
2675 2280
2675 2279
2674 2278
2674 2277
2674 2276
2674 2275
2674 2274
2674 2273
2674 2272
2673 2271
2673 2270
2673 2269
2672 2268
2672 2267
2672 2266
2672 2265
2672 2264
2672 2263
2671 2262
2671 2261
2671 2260
2670 2259
2670 2258
2669 2257
2669 2256
2669 2255
2669 2254
2668 2253
2667 2252
2667 2251
2666 2250
2665 2249
2664 2248
2664 2247
2663 2246
2662 2245
2661 2245
2660 2244
2660 2243
2659 2243
2658 2242
2658 2241
2657 2240
2656 2239
2655 2238
2654 2237
2653 2236
2652 2235
2651 2234
2650 2233
2649 2232
2648 2231
2647 2230
2646 2229
2645 2228
2644 2228
2643 2227
2642 2227
2641 2226
2640 2226
2639 2225
2638 2225
2637 2224
2636 2224
2635 2224
