2657 1857
2656 1858
2655 1858
2654 1858
2653 1858
2652 1859
2651 1859
2650 1859
2649 1860
2648 1860
2647 1861
2646 1861
2645 1861
2644 1862
2643 1862
2642 1862
2641 1863
2640 1864
2639 1864
2638 1864
2637 1865
2636 1865
2635 1866
2634 1867
2633 1867
2632 1868
2631 1869
2630 1869
2629 1870
2628 1871
2627 1872
2626 1872
2625 1873
2624 1874
2623 1874
2622 1875
2621 1876
2620 1877
2619 1878
2618 1879
2617 1879
2616 1880
2615 1881
2614 1882
2613 1883
2612 1884
2611 1885
2610 1886
2609 1887
2608 1888
2607 1889
2606 1890
2605 1891
2604 1892
2603 1893
2602 1894
2601 1895
2600 1896
2599 1897
2599 1898
2598 1899
2598 1900
2597 1901
2597 1902
2596 1903
2595 1904
2595 1905
2594 1906
2594 1907
2593 1908
2593 1909
2592 1910
2592 1911
2591 1912
2591 1913
2590 1914
2589 1915
2589 1916
2589 1917
2588 1918
2588 1919
2587 1920
2587 1921
2587 1922
2586 1923
2586 1924
2585 1925
2585 1926
2584 1927
2584 1928
2583 1929
2583 1930
2583 1931
2582 1932
2582 1933
2582 1934
2581 1935
2581 1936
2580 1937
2580 1938
2580 1939
2579 1940
2579 1941
2578 1942
2578 1943
2577 1944
2577 1945
2576 1946
2576 1947
2575 1948
2575 1949
2574 1950
2574 1951
2573 1952
2573 1953
2572 1954
2572 1955
2571 1956
2571 1957
2571 1958
2570 1959
2570 1960
2569 1961
2569 1962
2568 1963
2568 1964
2567 1965
2567 1966
2567 1967
2566 1968
2566 1969
2566 1970
2566 1971
2565 1972
2565 1973
2565 1974
2565 1975
2564 1976
2564 1977
2564 1978
2564 1979
2563 1980
2563 1981
2563 1982
2562 1983
2562 1984
2562 1985
2562 1986
2562 1987
2562 1988
2563 1989
2563 1990
2564 1991
2564 1992
2564 1993
2565 1994
2565 1995
2566 1996
2566 1997
2567 1998
2567 1999
2568 2000
2568 2001
2569 2002
2569 2003
2570 2004
2570 2005
2571 2006
2572 2007
2572 2008
2573 2009
2574 2010
2574 2011
2575 2012
2576 2013
2577 2014
2577 2015
2578 2016
2579 2017
2579 2018
2580 2019
2581 2020
2581 2021
2582 2022
2583 2023
2583 2024
2584 2025
2584 2026
2585 2027
2586 2028
2586 2029
2587 2030
2588 2031
2588 2032
2589 2033
2590 2034
2590 2035
2591 2036
2592 2037
2592 2038
2593 2039
2593 2040
2594 2041
2595 2042
2595 2043
2596 2044
2596 2045
2597 2046
2598 2047
2598 2048
2599 2049
2599 2050
2600 2051
2601 2052
2601 2053
2602 2054
2603 2055
2603 2056
2604 2057
2605 2058
2605 2059
2606 2060
2606 2061
2607 2062
2608 2063
2609 2064
2609 2065
2610 2066
2610 2067
2611 2068
2612 2069
2612 2070
2613 2071
2614 2072
2614 2073
2615 2074
2615 2075
2616 2076
2617 2077
2617 2078
2618 2079
2619 2080
2619 2081
2620 2082
2620 2083
2621 2084
2622 2085
2622 2086
2623 2087
2624 2088
2624 2089
2625 2090
2625 2091
2626 2092
2627 2093
2627 2094
2628 2095
2628 2096
2629 2097
2630 2098
2630 2099
2631 2100
2632 2101
2632 2102
2633 2103
2634 2104
2634 2105
2635 2106
2636 2107
2637 2107
2638 2108
2639 2109
2640 2110
2641 2111
2642 2111
2643 2111
2644 2112
2645 2112
2646 2112
2647 2113
2648 2113
2649 2113
2650 2113
2651 2113
2652 2114
2653 2114
2654 2113
2655 2113
2656 2113
2657 2112
2658 2112
2659 2112
2660 2112
2661 2111
2662 2111
2663 2110
2664 2110
2665 2109
2666 2108
2667 2108
2668 2107
2669 2106
2670 2105
2670 2104
2671 2103
2672 2102
2673 2101
2673 2100
2674 2099
2675 2098
2676 2097
2676 2096
2677 2095
2677 2094
2678 2093
2679 2092
2680 2091
2680 2090
2681 2089
2681 2088
2682 2087
2682 2086
2683 2085
2683 2084
2684 2083
2684 2082
2685 2081
2685 2080
2686 2079
2686 2078
2686 2077
2687 2076
2687 2075
2687 2074
2688 2073
2688 2072
2689 2071
2689 2070
2689 2069
2690 2068
2690 2067
2691 2066
2691 2065
2691 2064
2691 2063
2692 2062
2692 2061
2692 2060
2692 2059
2692 2058
2692 2057
2692 2056
2692 2055
2693 2054
2693 2053
2693 2052
2693 2051
2693 2050
2693 2049
2693 2048
2693 2047
2693 2046
2693 2045
2693 2044
2693 2043
2693 2042
2694 2041
2694 2040
2694 2039
2694 2038
2694 2037
2694 2036
2694 2035
2694 2034
2694 2033
2694 2032
2694 2031
2694 2030
2694 2029
2694 2028
2694 2027
2694 2026
2694 2025
2694 2024
2694 2023
2694 2022
2694 2021
2694 2020
2694 2019
2694 2018
2694 2017
2694 2016
2694 2015
2694 2014
2694 2013
2694 2012
2694 2011
2694 2010
2694 2009
2694 2008
2694 2007
2694 2006
2694 2005
2694 2004
2694 2003
2694 2002
2694 2001
2694 2000
2694 1999
2694 1998
2694 1997
2694 1996
2695 1995
2695 1994
2695 1993
2695 1992
2695 1991
2695 1990
2695 1989
2695 1988
2695 1987
2695 1986
2695 1985
2695 1984
2695 1983
2695 1982
2695 1981
2695 1980
2695 1979
2695 1978
2695 1977
2695 1976
2695 1975
2695 1974
2695 1973
2695 1972
2695 1971
2695 1970
2695 1969
2695 1968
2695 1967
2695 1966
2695 1965
2695 1964
2695 1963
2695 1962
2695 1961
2695 1960
2695 1959
2696 1958
2696 1957
2696 1956
2695 1955
2695 1954
2695 1953
2695 1952
2695 1951
2695 1950
2695 1949
2695 1948
2695 1947
2695 1946
2695 1945
2695 1944
2695 1943
2695 1942
2695 1941
2695 1940
2695 1939
2695 1938
2695 1937
2695 1936
2695 1935
2695 1934
2695 1933
2695 1932
2695 1931
2695 1930
2695 1929
2695 1928
2695 1927
2695 1926
2695 1925
2695 1924
2694 1923
2694 1922
2694 1921
2694 1920
2694 1919
2694 1918
2694 1917
2694 1916
2694 1915
2694 1914
2693 1913
2693 1912
2693 1911
2693 1910
2693 1909
2693 1908
2693 1907
2693 1906
2693 1905
2693 1904
2693 1903
2693 1902
2693 1901
2693 1900
2692 1899
2692 1898
2692 1897
2692 1896
2692 1895
2692 1894
2691 1893
2691 1892
2691 1891
2691 1890
2691 1889
2691 1888
2690 1887
2690 1886
2690 1885
2690 1884
2690 1883
2689 1882
2689 1881
2689 1880
2688 1879
2688 1878
2688 1877
2687 1876
2687 1875
2687 1874
2687 1873
2686 1872
2686 1871
2686 1870
2685 1869
2685 1868
2685 1867
2684 1866
2684 1865
2683 1864
2683 1863
2682 1862
2681 1861
2680 1860
2680 1859
2679 1858
2678 1857
2677 1857
2676 1857
2675 1857
2674 1857
2673 1857
2672 1857
2671 1857
2670 1857
2669 1857
2668 1857
2667 1857
2666 1857
2665 1857
2664 1857
2663 1857
2662 1857
2661 1857
2660 1857
2659 1857
2658 1857
2657 1857
