2655 1591
2654 1592
2653 1592
2652 1592
2651 1593
2650 1593
2649 1593
2648 1593
2647 1594
2646 1594
2645 1594
2644 1595
2643 1595
2642 1596
2641 1596
2640 1597
2639 1598
2638 1599
2637 1599
2636 1600
2635 1601
2634 1602
2633 1602
2632 1603
2631 1604
2630 1605
2629 1606
2628 1606
2627 1607
2626 1608
2625 1609
2624 1610
2623 1611
2622 1612
2621 1613
2620 1614
2619 1615
2618 1616
2618 1617
2617 1618
2616 1619
2615 1620
2615 1621
2614 1622
2613 1623
2612 1624
2611 1625
2611 1626
2610 1627
2609 1628
2608 1629
2607 1630
2606 1631
2606 1632
2605 1633
2604 1634
2603 1635
2602 1636
2601 1637
2600 1638
2599 1639
2598 1640
2597 1641
2596 1641
2595 1642
2594 1643
2593 1644
2592 1645
2591 1646
2591 1647
2590 1648
2589 1649
2588 1650
2588 1651
2587 1652
2587 1653
2586 1654
2586 1655
2586 1656
2585 1657
2585 1658
2584 1659
2584 1660
2584 1661
2583 1662
2583 1663
2582 1664
2582 1665
2581 1666
2581 1667
2581 1668
2580 1669
2580 1670
2579 1671
2579 1672
2578 1673
2578 1674
2577 1675
2577 1676
2577 1677
2576 1678
2576 1679
2575 1680
2575 1681
2575 1682
2574 1683
2574 1684
2573 1685
2573 1686
2573 1687
2573 1688
2573 1689
2573 1690
2573 1691
2573 1692
2573 1693
2573 1694
2573 1695
2573 1696
2573 1697
2574 1698
2574 1699
2574 1700
2575 1701
2575 1702
2575 1703
2575 1704
2576 1705
2576 1706
2577 1707
2578 1708
2578 1709
2579 1710
2579 1711
2580 1712
2580 1713
2581 1714
2582 1715
2582 1716
2583 1717
2583 1718
2584 1719
2584 1720
2585 1721
2586 1722
2587 1723
2588 1724
2589 1725
2590 1726
2591 1727
2592 1727
2593 1728
2594 1729
2594 1730
2595 1730
2596 1731
2597 1732
2598 1733
2598 1734
2599 1734
2600 1735
2601 1736
2602 1737
2603 1738
2604 1739
2605 1740
2605 1741
2606 1742
2607 1743
2608 1743
2609 1744
2610 1744
2611 1745
2612 1745
2613 1746
2614 1746
2615 1747
2616 1747
2617 1748
2618 1748
2619 1749
2620 1750
2621 1751
2622 1751
2623 1752
2624 1752
2625 1752
2626 1752
2627 1752
2628 1753
2629 1753
2630 1754
2631 1754
2632 1754
2633 1755
2634 1755
2635 1755
2636 1756
2637 1756
2638 1757
2639 1757
2640 1757
2641 1758
2642 1758
2643 1758
2644 1759
2645 1759
2646 1759
2647 1760
2648 1760
2649 1760
2650 1761
2651 1761
2652 1761
2653 1762
2654 1762
2655 1762
2656 1762
2657 1762
2658 1762
2659 1762
2660 1763
2661 1762
2662 1763
2663 1763
2664 1763
2665 1763
2666 1762
2667 1762
2668 1762
2669 1761
2670 1761
2671 1761
2672 1761
2673 1760
2674 1760
2675 1760
2675 1759
2676 1758
2676 1757
2677 1756
2678 1755
2678 1754
2678 1753
2679 1752
2679 1751
2679 1750
2679 1749
2679 1748
2679 1747
2679 1746
2679 1745
2679 1744
2680 1743
2680 1742
2680 1741
2680 1740
2680 1739
2680 1738
2680 1737
2680 1736
2680 1735
2680 1734
2680 1733
2680 1732
2680 1731
2680 1730
2681 1729
2681 1728
2681 1727
2681 1726
2681 1725
2681 1724
2681 1723
2681 1722
2681 1721
2682 1720
2682 1719
2682 1718
2682 1717
2682 1716
2682 1715
2682 1714
2682 1713
2683 1712
2683 1711
2683 1710
2683 1709
2683 1708
2683 1707
2683 1706
2683 1705
2683 1704
2683 1703
2684 1702
2684 1701
2684 1700
2684 1699
2684 1698
2684 1697
2684 1696
2684 1695
2684 1694
2684 1693
2684 1692
2684 1691
2684 1690
2684 1689
2684 1688
2684 1687
2684 1686
2684 1685
2684 1684
2684 1683
2684 1682
2683 1681
2683 1680
2683 1679
2683 1678
2683 1677
2683 1676
2683 1675
2683 1674
2683 1673
2683 1672
2683 1671
2683 1670
2683 1669
2683 1668
2683 1667
2683 1666
2683 1665
2683 1664
2683 1663
2683 1662
2683 1661
2683 1660
2683 1659
2683 1658
2683 1657
2683 1656
2683 1655
2683 1654
2683 1653
2684 1652
2683 1651
2683 1650
2683 1649
2683 1648
2683 1647
2683 1646
2683 1645
2683 1644
2683 1643
2683 1642
2683 1641
2684 1640
2684 1639
2684 1638
2684 1637
2684 1636
2684 1635
2684 1634
2684 1633
2684 1632
2684 1631
2684 1630
2684 1629
2684 1628
2684 1627
2684 1626
2684 1625
2684 1624
2684 1623
2684 1622
2683 1621
2683 1620
2683 1619
2683 1618
2683 1617
2683 1616
2682 1615
2682 1614
2682 1613
2682 1612
2681 1611
2681 1610
2681 1609
2681 1608
2680 1607
2680 1606
2680 1605
2679 1604
2679 1603
2678 1602
2678 1601
2678 1600
2677 1599
2677 1598
2676 1597
2676 1596
2675 1595
2674 1594
2673 1594
2672 1593
2671 1593
2670 1592
2669 1591
2668 1591
2667 1591
2666 1591
2665 1591
2664 1591
2663 1591
2662 1591
2661 1591
2660 1591
2659 1591
2658 1591
2657 1591
2656 1591
2655 1591
